       5287.20   6.83950e-15
       5292.07   6.83920e-15
       5296.94   6.84150e-15
       5301.81   6.74800e-15
       5306.68   7.00890e-15
       5311.55   7.02400e-15
       5316.42   7.05960e-15
       5321.29   6.97120e-15
       5326.16   6.91750e-15
       5331.03   6.78010e-15
       5335.90   6.97390e-15
       5340.77   7.05900e-15
       5345.64   7.13370e-15
       5350.51   7.29480e-15
       5355.38   7.56270e-15
       5360.25   7.65020e-15
       5365.12   7.59120e-15
       5369.99   7.65680e-15
       5374.86   7.71160e-15
       5379.73   7.97730e-15
       5384.60   8.19570e-15
       5389.47   8.13860e-15
       5394.34   8.11460e-15
       5399.21   7.91300e-15
       5404.08   8.04050e-15
       5408.95   8.07510e-15
       5413.82   8.18060e-15
       5418.69   8.44440e-15
       5423.56   8.46380e-15
       5428.43   8.38910e-15
       5433.31   8.34360e-15
       5438.18   8.18880e-15
       5443.05   7.99190e-15
       5447.92   7.39410e-15
       5452.79   6.65290e-15
       5457.66   6.39380e-15
       5462.53   6.64570e-15
       5467.40   6.84240e-15
       5472.27   7.03390e-15
       5477.15   7.07300e-15
       5482.02   7.20370e-15
       5486.89   7.37960e-15
       5491.76   7.23970e-15
       5496.63   7.01530e-15
       5501.50   6.69260e-15
       5506.38   6.58050e-15
       5511.25   6.57660e-15
       5516.12   6.57900e-15
       5520.99   6.74410e-15
       5525.86   6.82890e-15
       5530.74   6.77480e-15
       5535.61   6.78740e-15
       5540.48   6.78660e-15
       5545.35   6.86770e-15
       5550.22   6.96350e-15
       5555.10   7.15440e-15
       5559.97   7.22970e-15
       5564.84   7.36110e-15
       5569.71   7.41240e-15
       5574.59   7.58770e-15
       5579.46   7.57550e-15
       5584.33   7.47550e-15
       5589.20   7.29280e-15
       5594.08   7.04150e-15
       5598.95   6.89020e-15
       5603.82   6.70670e-15
       5608.70   6.78840e-15
       5613.57   6.85930e-15
       5618.44   6.95320e-15
       5623.31   6.87450e-15
       5628.19   6.90500e-15
       5633.06   6.93630e-15
       5637.93   6.84130e-15
       5642.81   7.01090e-15
       5647.68   7.30050e-15
       5652.55   7.53260e-15
       5657.43   7.52890e-15
       5662.30   7.41380e-15
       5667.17   7.40050e-15
       5672.05   7.38920e-15
       5676.92   7.50040e-15
       5681.79   7.70700e-15
       5686.67   7.81310e-15
       5691.54   7.87690e-15
       5696.42   8.06700e-15
       5701.29   8.19900e-15
       5706.16   8.33020e-15
       5711.04   8.42390e-15
       5715.91   8.49970e-15
       5720.79   8.44740e-15
       5725.66   8.55980e-15
       5730.53   8.63730e-15
       5735.41   8.79530e-15
       5740.28   9.00030e-15
       5745.16   9.14290e-15
       5750.03   9.28670e-15
       5754.90   9.32490e-15
       5759.78   9.00380e-15
       5764.65   8.64890e-15
       5769.53   8.48440e-15
       5774.40   8.60230e-15
       5779.28   8.75320e-15
       5784.15   8.93030e-15
       5789.03   9.16400e-15
       5793.90   9.32180e-15
       5798.78   9.51430e-15
       5803.65   9.52000e-15
       5808.53   9.28640e-15
       5813.40   8.94810e-15
       5818.28   8.53110e-15
       5823.15   8.41390e-15
       5828.03   8.49980e-15
       5832.90   8.55420e-15
       5837.78   8.60640e-15
       5842.65   8.34760e-15
       5847.53   8.04270e-15
       5852.40   7.63050e-15
       5857.28   7.21690e-15
       5862.15   6.95470e-15
       5867.03   6.68520e-15
       5871.90   6.34310e-15
       5876.78   5.82080e-15
       5881.66   5.14680e-15
       5886.53   4.44440e-15
       5891.41   3.88920e-15
       5896.28   3.85040e-15
       5901.16   4.29960e-15
       5906.03   5.00830e-15
       5910.91   5.45310e-15
       5915.79   5.77750e-15
       5920.66   6.02600e-15
       5925.54   6.14370e-15
       5930.41   6.32030e-15
       5935.29   6.52970e-15
       5940.17   6.74490e-15
       5945.04   6.78220e-15
       5949.92   6.75340e-15
       5954.80   6.65840e-15
       5959.67   6.64140e-15
       5964.55   6.69870e-15
       5969.42   6.85600e-15
       5974.30   6.98730e-15
       5979.18   7.01290e-15
       5984.05   7.24290e-15
       5988.93   7.45190e-15
       5993.81   7.55820e-15
       5998.68   7.67230e-15
       6003.56   7.67210e-15
       6008.44   7.66870e-15
       6013.31   7.84060e-15
       6018.19   7.97470e-15
       6023.07   8.13920e-15
       6027.95   8.35580e-15
       6032.82   8.44690e-15
       6037.70   8.52020e-15
       6042.58   8.63370e-15
       6047.45   8.84320e-15
       6052.33   9.00900e-15
       6057.21   8.98010e-15
       6062.09   9.03210e-15
       6066.96   9.08520e-15
       6071.84   9.11180e-15
       6076.72   9.19430e-15
       6081.59   9.23330e-15
       6086.47   9.27290e-15
       6091.35   9.43080e-15
       6096.23   9.39130e-15
       6101.10   9.42540e-15
       6105.98   9.26280e-15
       6110.86   9.27600e-15
       6115.74   9.23610e-15
       6120.62   9.25560e-15
       6125.49   9.07870e-15
       6130.37   9.33190e-15
       6135.25   9.60530e-15
       6140.13   9.52160e-15
       6145.00   9.34770e-15
       6149.88   8.96850e-15
       6154.76   8.11700e-15
       6159.64   7.32080e-15
       6164.52   6.55090e-15
       6169.40   6.27430e-15
       6174.27   6.36760e-15
       6179.15   6.35020e-15
       6184.03   6.25370e-15
       6188.91   6.08350e-15
       6193.79   5.95160e-15
       6198.67   5.98050e-15
       6203.54   6.04920e-15
       6208.42   5.99230e-15
       6213.30   5.83880e-15
       6218.18   5.52040e-15
       6223.06   5.36260e-15
       6227.94   5.34330e-15
       6232.81   5.29730e-15
       6237.69   5.38570e-15
       6242.57   5.57380e-15
       6247.45   5.75500e-15
       6252.33   5.97730e-15
       6257.21   6.26810e-15
       6262.09   6.44250e-15
       6266.97   6.69330e-15
       6271.85   6.80250e-15
       6276.72   6.92920e-15
       6281.60   7.12860e-15
       6286.48   7.39830e-15
       6291.36   7.56590e-15
       6296.24   7.82640e-15
       6301.12   8.05440e-15
       6306.00   8.52550e-15
       6310.88   8.88380e-15
       6315.76   9.07840e-15
       6320.64   9.28840e-15
       6325.52   9.41780e-15
       6330.40   9.58290e-15
       6335.27   9.85340e-15
       6340.15   9.99860e-15
       6345.03   1.02260e-14
       6349.91   1.02320e-14
       6354.79   1.00970e-14
       6359.67   9.84090e-15
       6364.55   9.62400e-15
       6369.43   9.58010e-15
       6374.31   9.39250e-15
       6379.19   9.24540e-15
       6384.07   9.09570e-15
       6388.95   9.25570e-15
       6393.83   9.67790e-15
       6398.71   1.01940e-14
       6403.59   1.07370e-14
       6408.47   1.10690e-14
       6413.35   1.12120e-14
       6418.23   1.11940e-14
       6423.11   1.12440e-14
       6427.99   1.13200e-14
       6432.87   1.14290e-14
       6437.75   1.16540e-14
       6442.63   1.16620e-14
       6447.51   1.20060e-14
       6452.39   1.21660e-14
       6457.27   1.22250e-14
       6462.15   1.24930e-14
       6467.03   1.25790e-14
       6471.91   1.29710e-14
       6476.79   1.29220e-14
       6481.67   1.29650e-14
       6486.55   1.27100e-14
       6491.43   1.25620e-14
       6496.31   1.26830e-14
       6501.20   1.28330e-14
       6506.08   1.33120e-14
       6510.96   1.37260e-14
       6515.84   1.39320e-14
       6520.72   1.41320e-14
       6525.60   1.44670e-14
       6530.48   1.48380e-14
       6535.36   1.50430e-14
       6540.24   1.49890e-14
       6545.12   1.48130e-14
       6550.00   1.44460e-14
       6554.88   1.44200e-14
       6559.76   1.46280e-14
       6564.65   1.58620e-14
       6569.53   1.54910e-14
       6574.41   1.39930e-14
       6579.29   1.35970e-14
       6584.17   1.35050e-14
       6589.05   1.35210e-14
       6593.93   1.36160e-14
       6598.81   1.33490e-14
       6603.69   1.32670e-14
       6608.58   1.32040e-14
       6613.46   1.29870e-14
       6618.34   1.27780e-14
       6623.22   1.25640e-14
       6628.10   1.22800e-14
       6632.98   1.20250e-14
       6637.86   1.19590e-14
       6642.75   1.16900e-14
       6647.63   1.13830e-14
       6652.51   1.10800e-14
       6657.39   1.07720e-14
       6662.27   1.07290e-14
       6667.15   1.08690e-14
       6672.03   1.08220e-14
       6676.92   1.05530e-14
       6681.80   1.02350e-14
       6686.68   9.81750e-15
       6691.56   9.76110e-15
       6696.44   9.86810e-15
       6701.32   9.94790e-15
       6706.21   9.93970e-15
       6711.09   9.69570e-15
       6715.97   9.35960e-15
       6720.85   9.00900e-15
       6725.73   8.86860e-15
       6730.62   8.99030e-15
       6735.50   9.04910e-15
       6740.38   9.08410e-15
       6745.26   9.07320e-15
       6750.14   9.00200e-15
       6755.03   8.96150e-15
       6759.91   9.12450e-15
       6764.79   9.22010e-15
       6769.67   9.37280e-15
       6774.55   9.32350e-15
       6779.44   9.18290e-15
       6784.32   8.96130e-15
       6789.20   8.74150e-15
       6794.08   8.72420e-15
       6798.97   8.80650e-15
       6803.85   8.90020e-15
       6808.73   9.04310e-15
       6813.61   8.98810e-15
       6818.49   8.98610e-15
       6823.38   9.05670e-15
       6828.26   9.09230e-15
       6833.14   9.19950e-15
       6838.02   9.23950e-15
       6842.91   9.16290e-15
       6847.79   9.08610e-15
       6852.67   8.99820e-15
       6857.55   8.91270e-15
       6862.44   8.86990e-15
       6867.32   8.98870e-15
       6872.20   9.20140e-15
       6877.09   9.28780e-15
       6881.97   9.51690e-15
       6886.85   9.58920e-15
       6891.73   9.65520e-15
       6896.62   9.82280e-15
       6901.50   1.00400e-14
       6906.38   1.01260e-14
       6911.26   1.03850e-14
       6916.15   1.05570e-14
       6921.03   1.07640e-14
       6925.91   1.11470e-14
       6930.80   1.16980e-14
       6935.68   1.21700e-14
       6940.56   1.25640e-14
       6945.44   1.28540e-14
       6950.33   1.30860e-14
       6955.21   1.31750e-14
       6960.09   1.32610e-14
       6964.98   1.34370e-14
       6969.86   1.36350e-14
       6974.74   1.37340e-14
       6979.63   1.39590e-14
       6984.51   1.41520e-14
       6989.39   1.42390e-14
       6994.28   1.43900e-14
       6999.16   1.44160e-14
       7004.04   1.46030e-14
       7008.93   1.48730e-14
       7013.81   1.51880e-14
       7018.69   1.55840e-14
       7023.58   1.59960e-14
       7028.46   1.64410e-14
       7033.34   1.70660e-14
       7038.23   1.76440e-14
       7043.11   1.77880e-14
       7047.99   1.75030e-14
       7052.88   1.65160e-14
       7057.76   1.51270e-14
       7062.64   1.40210e-14
       7067.53   1.38350e-14
       7072.41   1.38190e-14
       7077.29   1.39440e-14
       7082.18   1.35010e-14
       7087.06   1.28990e-14
       7091.94   1.21110e-14
       7096.83   1.16140e-14
       7101.71   1.18170e-14
       7106.59   1.21350e-14
       7111.48   1.24220e-14
       7116.36   1.25250e-14
       7121.25   1.19890e-14
       7126.13   1.13630e-14
       7131.01   1.03390e-14
       7135.90   1.00320e-14
       7140.78   1.00080e-14
       7145.66   1.03720e-14
       7150.55   1.06410e-14
       7155.43   1.08830e-14
       7160.32   1.11760e-14
       7165.20   1.13290e-14
       7170.08   1.16090e-14
       7174.97   1.19440e-14
       7179.85   1.22200e-14
       7184.73   1.25460e-14
       7189.62   1.26720e-14
       7194.50   1.26060e-14
       7199.39   1.25040e-14
       7204.27   1.22700e-14
       7209.15   1.25120e-14
       7214.04   1.27510e-14
       7218.92   1.32450e-14
       7223.81   1.37050e-14
       7228.69   1.40770e-14
       7233.57   1.43820e-14
       7238.46   1.46590e-14
       7243.34   1.50110e-14
       7248.23   1.53830e-14
       7253.11   1.57130e-14
       7258.00   1.59910e-14
       7262.88   1.63130e-14
       7267.76   1.66850e-14
       7272.65   1.68110e-14
       7277.53   1.69700e-14
       7282.42   1.73190e-14
       7287.30   1.75740e-14
       7292.18   1.79160e-14
       7297.07   1.81480e-14
       7301.95   1.84450e-14
       7306.84   1.87150e-14
       7311.72   1.90390e-14
       7316.61   1.93460e-14
       7321.49   1.94300e-14
       7326.37   1.96260e-14
       7331.26   1.97120e-14
       7336.14   2.00910e-14
       7341.03   2.03270e-14
       7345.91   2.04430e-14
       7350.80   2.04620e-14
       7355.68   2.05580e-14
       7360.56   2.07210e-14
       7365.45   2.09730e-14
       7370.33   2.12990e-14
       7375.22   2.17360e-14
       7380.10   2.18380e-14
       7384.99   2.19100e-14
       7389.87   2.19200e-14
       7394.76   2.19290e-14
       7399.64   2.19520e-14
       7404.52   2.18530e-14
       7409.41   2.19960e-14
       7414.29   2.21450e-14
       7419.18   2.22520e-14
       7424.06   2.23110e-14
       7428.95   2.26150e-14
       7433.83   2.25950e-14
       7438.72   2.26350e-14
       7443.60   2.25570e-14
       7448.49   2.27940e-14
       7453.37   2.25500e-14
       7458.25   2.27460e-14
       7463.14   2.28050e-14
       7468.02   2.28430e-14
       7472.91   2.31700e-14
       7477.79   2.31620e-14
       7482.68   2.31650e-14
       7487.56   2.30820e-14
       7492.45   2.30300e-14
       7497.33   2.31800e-14
       7502.22   2.33540e-14
       7507.10   2.37000e-14
       7511.99   2.36290e-14
       7516.87   2.37250e-14
       7521.76   2.37850e-14
       7526.64   2.37820e-14
       7531.52   2.39790e-14
       7536.41   2.40240e-14
       7541.29   2.42150e-14
       7546.18   2.43010e-14
       7551.06   2.44830e-14
       7555.95   2.44670e-14
       7560.83   2.46140e-14
       7565.72   2.45520e-14
       7570.60   2.43170e-14
       7575.49   2.42490e-14
       7580.37   2.40090e-14
       7585.26   2.33520e-14
       7590.14   2.28560e-14
       7595.03   2.22400e-14
       7599.91   2.21670e-14
       7604.80   2.22240e-14
       7609.68   2.22820e-14
       7614.57   2.24310e-14
       7619.45   2.22550e-14
       7624.34   2.18460e-14
       7629.22   2.13960e-14
       7634.11   2.07640e-14
       7638.99   2.06590e-14
       7643.88   2.05960e-14
       7648.76   2.04040e-14
       7653.65   2.00840e-14
       7658.53   1.91280e-14
       7663.41   1.84550e-14
       7668.30   1.75900e-14
       7673.18   1.75730e-14
       7678.07   1.79630e-14
       7682.95   1.81740e-14
       7687.84   1.81990e-14
       7692.72   1.78470e-14
       7697.61   1.76600e-14
       7702.49   1.72260e-14
       7707.38   1.78060e-14
       7712.26   1.85240e-14
       7717.15   1.88880e-14
       7722.03   1.92900e-14
       7726.92   1.96350e-14
       7731.80   1.97650e-14
       7736.69   1.96980e-14
       7741.57   1.94180e-14
       7746.46   1.90500e-14
       7751.34   1.87430e-14
       7756.23   1.86170e-14
       7761.11   1.90340e-14
       7766.00   1.94970e-14
       7770.88   1.94670e-14
       7775.77   1.93330e-14
       7780.65   1.92490e-14
       7785.54   1.91390e-14
       7790.42   1.90150e-14
       7795.31   1.92180e-14
       7800.19   1.95410e-14
       7805.08   1.98790e-14
       7809.96   2.04130e-14
       7814.85   2.05110e-14
       7819.73   2.04390e-14
       7824.62   2.01580e-14
       7829.50   2.02830e-14
       7834.39   2.01110e-14
       7839.27   1.98820e-14
       7844.16   1.99310e-14
       7849.04   2.02290e-14
       7853.93   2.04470e-14
       7858.81   2.06830e-14
       7863.70   2.08000e-14
       7868.58   2.10070e-14
       7873.47   2.11930e-14
       7878.35   2.15110e-14
       7883.24   2.17330e-14
       7888.12   2.19050e-14
       7893.01   2.18900e-14
       7897.89   2.19810e-14
       7902.78   2.18100e-14
       7907.66   2.17220e-14
       7912.55   2.15750e-14
       7917.43   2.15600e-14
       7922.32   2.17760e-14
       7927.20   2.19580e-14
       7932.09   2.21740e-14
       7936.97   2.22230e-14
       7941.86   2.22630e-14
       7946.74   2.22750e-14
       7951.63   2.24950e-14
       7956.51   2.27700e-14
       7961.40   2.31640e-14
       7966.28   2.33160e-14
       7971.17   2.33540e-14
       7976.05   2.33650e-14
       7980.94   2.32820e-14
       7985.82   2.34550e-14
       7990.71   2.34080e-14
       7995.59   2.35150e-14
       8000.48   2.37140e-14
       8005.36   2.38730e-14
       8010.25   2.41700e-14
       8015.13   2.42660e-14
       8020.02   2.43050e-14
       8024.90   2.43820e-14
       8029.79   2.43880e-14
       8034.67   2.45200e-14
       8039.56   2.45550e-14
       8044.44   2.45760e-14
       8049.33   2.46180e-14
       8054.21   2.49030e-14
       8059.10   2.51810e-14
       8063.98   2.53310e-14
       8068.87   2.54080e-14
       8073.75   2.55540e-14
       8078.63   2.56360e-14
       8083.52   2.56500e-14
       8088.40   2.55030e-14
       8093.29   2.56090e-14
       8098.17   2.57060e-14
       8103.06   2.57700e-14
       8107.94   2.59640e-14
       8112.83   2.61180e-14
       8117.71   2.62360e-14
       8122.60   2.62900e-14
       8127.48   2.64850e-14
       8132.37   2.64970e-14
       8137.25   2.63470e-14
       8142.14   2.61760e-14
       8147.02   2.61630e-14
       8151.91   2.60440e-14
       8156.79   2.61670e-14
       8161.68   2.62790e-14
       8166.56   2.60800e-14
       8171.45   2.58540e-14
       8176.33   2.49210e-14
       8181.22   2.42380e-14
       8186.10   2.31010e-14
       8190.99   2.24170e-14
       8195.87   2.27710e-14
       8200.75   2.28060e-14
       8205.64   2.41580e-14
       8210.52   2.51230e-14
       8215.41   2.54520e-14
       8220.29   2.57570e-14
       8225.18   2.58080e-14
       8230.06   2.60970e-14
       8234.95   2.59800e-14
       8239.83   2.59700e-14
       8244.72   2.61120e-14
       8249.60   2.60640e-14
       8254.49   2.62160e-14
       8259.37   2.62410e-14
       8264.25   2.61950e-14
       8269.14   2.61700e-14
       8274.02   2.62260e-14
       8278.91   2.62690e-14
       8283.79   2.61530e-14
       8288.68   2.58000e-14
       8293.56   2.57230e-14
       8298.45   2.54000e-14
       8303.33   2.53880e-14
       8308.22   2.54360e-14
       8313.10   2.55890e-14
       8317.98   2.56170e-14
       8322.87   2.54720e-14
       8327.75   2.52510e-14
       8332.64   2.50460e-14
       8337.52   2.50050e-14
       8342.41   2.51080e-14
       8347.29   2.52090e-14
       8352.18   2.51010e-14
       8357.06   2.51950e-14
       8361.94   2.52520e-14
       8366.83   2.51820e-14
       8371.71   2.50330e-14
       8376.60   2.50920e-14
       8381.48   2.46820e-14
       8386.37   2.44720e-14
       8391.25   2.44870e-14
       8396.13   2.48380e-14
       8401.02   2.50140e-14
       8405.90   2.49820e-14
       8410.79   2.52000e-14
       8415.67   2.49800e-14
       8420.56   2.46240e-14
       8425.44   2.45210e-14
       8430.32   2.39330e-14
       8435.21   2.37290e-14
       8440.09   2.32820e-14
       8444.98   2.32260e-14
       8449.86   2.35320e-14
       8454.75   2.34480e-14
       8459.63   2.34850e-14
       8464.51   2.34900e-14
       8469.40   2.34750e-14
       8474.28   2.35280e-14
       8479.17   2.34990e-14
       8484.05   2.35330e-14
       8488.93   2.35190e-14
       8493.82   2.33750e-14
       8498.70   2.32610e-14
       8503.59   2.30470e-14
       8508.47   2.30350e-14
       8513.35   2.27930e-14
       8518.24   2.26590e-14
       8523.12   2.26640e-14
       8528.01   2.30480e-14
       8532.89   2.30620e-14
       8537.77   2.27080e-14
       8542.66   2.26670e-14
       8547.54   2.27300e-14
       8552.42   2.33800e-14
       8557.31   2.39190e-14
       8562.19   2.42240e-14
       8567.08   2.43270e-14
       8571.96   2.43060e-14
       8576.84   2.43530e-14
       8581.73   2.44440e-14
       8586.61   2.43670e-14
       8591.50   2.43690e-14
       8596.38   2.45130e-14
       8601.26   2.46410e-14
       8606.15   2.46970e-14
       8611.03   2.48490e-14
       8615.91   2.47030e-14
       8620.80   2.47610e-14
       8625.68   2.47870e-14
       8630.56   2.48470e-14
       8635.45   2.48610e-14
       8640.33   2.47530e-14
       8645.21   2.46550e-14
       8650.10   2.43340e-14
       8654.98   2.38330e-14
       8659.86   2.36080e-14
       8664.75   2.34520e-14
       8669.63   2.34340e-14
       8674.51   2.42930e-14
       8679.40   2.43240e-14
       8684.28   2.42070e-14
       8689.17   2.38960e-14
       8694.05   2.39100e-14
       8698.93   2.42660e-14
       8703.81   2.44780e-14
       8708.70   2.42850e-14
       8713.58   2.42900e-14
       8718.46   2.43310e-14
       8723.35   2.46150e-14
       8728.23   2.47890e-14
       8733.11   2.50410e-14
       8738.00   2.49510e-14
       8742.88   2.49500e-14
       8747.76   2.51140e-14
       8752.65   2.52130e-14
       8757.53   2.53590e-14
       8762.41   2.54370e-14
       8767.29   2.53640e-14
       8772.18   2.52540e-14
       8777.06   2.52810e-14
       8781.94   2.54890e-14
       8786.83   2.54310e-14
       8791.71   2.56610e-14
       8796.59   2.55090e-14
       8801.48   2.55020e-14
       8806.36   2.53990e-14
       8811.24   2.56100e-14
       8816.12   2.55720e-14
       8821.01   2.54690e-14
       8825.89   2.53650e-14
       8830.77   2.55370e-14
       8835.66   2.60590e-14
       8840.54   2.62860e-14
       8845.42   2.64770e-14
       8850.30   2.62160e-14
       8855.19   2.56560e-14
       8860.07   2.51320e-14
       8864.95   2.47630e-14
       8869.83   2.47570e-14
       8874.72   2.48730e-14
       8879.60   2.49470e-14
       8884.48   2.49260e-14
       8889.36   2.49560e-14
       8894.25   2.49280e-14
       8899.13   2.50070e-14
       8904.01   2.53040e-14
       8908.89   2.54740e-14
       8913.78   2.56390e-14
       8918.66   2.57070e-14
       8923.54   2.57040e-14
       8928.42   2.55480e-14
       8933.30   2.55010e-14
       8938.19   2.52550e-14
       8943.07   2.50100e-14
       8947.95   2.50630e-14
       8952.83   2.54490e-14
       8957.71   2.56480e-14
       8962.60   2.56730e-14
       8967.48   2.56780e-14
       8972.36   2.54060e-14
       8977.24   2.52620e-14
       8982.12   2.53250e-14
       8987.01   2.58410e-14
       8991.89   2.59190e-14
       8996.77   2.57670e-14
       9001.65   2.55690e-14
       9006.53   2.53060e-14
       9011.42   2.54250e-14
       9016.30   2.55510e-14
       9021.18   2.57020e-14
       9026.06   2.54410e-14
       9030.94   2.55780e-14
       9035.82   2.57120e-14
       9040.71   2.57510e-14
       9045.59   2.56100e-14
       9050.47   2.56420e-14
       9055.35   2.56920e-14
       9060.23   2.57210e-14
       9065.11   2.60350e-14
       9070.00   2.63990e-14
       9074.88   2.64630e-14
       9079.76   2.66450e-14
       9084.64   2.63150e-14
       9089.52   2.59710e-14
       9094.40   2.57480e-14
       9099.28   2.59720e-14
       9104.17   2.62650e-14
       9109.05   2.63810e-14
       9113.93   2.63630e-14
       9118.81   2.61850e-14
       9123.69   2.61600e-14
       9128.57   2.66580e-14
       9133.45   2.64180e-14
       9138.33   2.64340e-14
       9143.21   2.65360e-14
       9148.09   2.67380e-14
       9152.98   2.69640e-14
       9157.86   2.69040e-14
       9162.74   2.68150e-14
       9167.62   2.68100e-14
       9172.50   2.67310e-14
       9177.38   2.66800e-14
       9182.26   2.66490e-14
       9187.14   2.68540e-14
       9192.02   2.70680e-14
       9196.90   2.70280e-14
       9201.78   2.67080e-14
       9206.66   2.64540e-14
       9211.54   2.60900e-14
       9216.43   2.59420e-14
       9221.31   2.59990e-14
       9226.19   2.61300e-14
       9231.07   2.64200e-14
       9235.95   2.65880e-14
       9240.83   2.62340e-14
       9245.71   2.61400e-14
       9250.59   2.59080e-14
       9255.47   2.60210e-14
       9260.35   2.62440e-14
       9265.23   2.61950e-14
       9270.11   2.60170e-14
       9274.99   2.58640e-14
       9279.87   2.58430e-14
       9284.75   2.56700e-14
       9289.63   2.57120e-14
       9294.51   2.58580e-14
       9299.39   2.61250e-14
       9304.27   2.63320e-14
       9309.15   2.62410e-14
       9314.03   2.62680e-14
       9318.91   2.61200e-14
       9323.79   2.60340e-14
       9328.67   2.61530e-14
       9333.55   2.61940e-14
       9338.43   2.63110e-14
       9343.31   2.61720e-14
       9348.19   2.59740e-14
       9353.07   2.59300e-14
       9357.95   2.58630e-14
       9362.83   2.55680e-14
       9367.71   2.54090e-14
       9372.59   2.52360e-14
       9377.47   2.52070e-14
       9382.34   2.52230e-14
       9387.22   2.55150e-14
       9392.10   2.59090e-14
       9396.98   2.61240e-14
       9401.86   2.62630e-14
       9406.74   2.62120e-14
       9411.62   2.61280e-14
       9416.50   2.60060e-14
       9421.38   2.58670e-14
       9426.26   2.57180e-14
       9431.14   2.60620e-14
       9436.02   2.61250e-14
       9440.90   2.60050e-14
       9445.77   2.58880e-14
       9450.65   2.54590e-14
       9455.53   2.54430e-14
       9460.41   2.54280e-14
       9465.29   2.54990e-14
       9470.17   2.61070e-14
       9475.05   2.64380e-14
       9479.93   2.65050e-14
       9484.80   2.63460e-14
       9489.68   2.62350e-14
       9494.56   2.60950e-14
       9499.44   2.59630e-14
       9504.32   2.60930e-14
       9509.20   2.61790e-14
       9514.08   2.62980e-14
       9518.95   2.62840e-14
       9523.83   2.63060e-14
       9528.71   2.60950e-14
       9533.59   2.59000e-14
       9538.47   2.57110e-14
       9543.34   2.55810e-14
       9548.22   2.55370e-14
       9553.10   2.55270e-14
       9557.98   2.60070e-14
       9562.86   2.63180e-14
       9567.74   2.65130e-14
       9572.61   2.63200e-14
       9577.49   2.60510e-14
       9582.37   2.59330e-14
       9587.25   2.60780e-14
       9592.12   2.62530e-14
       9597.00   2.60630e-14
       9601.88   2.60030e-14
       9606.76   2.56390e-14
       9611.64   2.57000e-14
       9616.51   2.56610e-14
       9621.39   2.57770e-14
       9626.27   2.60540e-14
       9631.15   2.61300e-14
       9636.02   2.60720e-14
       9640.90   2.55710e-14
       9645.78   2.50780e-14
       9650.66   2.53510e-14
       9655.53   2.57260e-14
       9660.41   2.60800e-14
       9665.29   2.57380e-14
       9670.16   2.53930e-14
       9675.04   2.52780e-14
       9679.92   2.48700e-14
       9684.79   2.51570e-14
       9689.67   2.52660e-14
       9694.55   2.56930e-14
       9699.43   2.59040e-14
       9704.30   2.60750e-14
       9709.18   2.58320e-14
       9714.06   2.57120e-14
       9718.93   2.56370e-14
       9723.81   2.55580e-14
       9728.69   2.56100e-14
       9733.56   2.57560e-14
       9738.44   2.57670e-14
       9743.32   2.59440e-14
       9748.19   2.59410e-14
       9753.07   2.59290e-14
       9757.94   2.60400e-14
       9762.82   2.59080e-14
       9767.70   2.58940e-14
       9772.57   2.56150e-14
       9777.45   2.52270e-14
       9782.33   2.50450e-14
       9787.20   2.51130e-14
       9792.08   2.52580e-14
       9796.95   2.61570e-14
       9801.83   2.66150e-14
       9806.71   2.65380e-14
       9811.58   2.64090e-14
       9816.46   2.62120e-14
       9821.33   2.60150e-14
       9826.21   2.60210e-14
       9831.08   2.59960e-14
       9835.96   2.61290e-14
       9840.84   2.59700e-14
       9845.71   2.59680e-14
       9850.59   2.60870e-14
       9855.46   2.58710e-14
       9860.34   2.58870e-14
       9865.21   2.59150e-14
       9870.09   2.60020e-14
       9874.96   2.62520e-14
       9879.84   2.62670e-14
       9884.71   2.60630e-14
       9889.59   2.57630e-14
       9894.46   2.53520e-14
       9899.34   2.49640e-14
       9904.21   2.45650e-14
       9909.09   2.40960e-14
       9913.96   2.40250e-14
       9918.84   2.39340e-14
       9923.71   2.41370e-14
       9928.59   2.41640e-14
       9933.46   2.45750e-14
       9938.34   2.46150e-14
       9943.21   2.51590e-14
       9948.09   2.52050e-14
       9952.96   2.50480e-14
       9957.83   2.50170e-14
       9962.71   2.50350e-14
       9967.58   2.50830e-14
       9972.46   2.48340e-14
       9977.33   2.49690e-14
       9982.21   2.47450e-14
       9987.08   2.47730e-14
       9991.96   2.45980e-14
       9996.83   2.47400e-14
       10001.7   2.51620e-14
       10006.6   2.55760e-14
       10011.5   2.55650e-14
       10016.3   2.55930e-14
       10021.2   2.54110e-14
       10026.1   2.53460e-14
       10030.9   2.51760e-14
       10035.8   2.52300e-14
       10040.7   2.51090e-14
       10045.6   2.50320e-14
       10050.4   2.52660e-14
       10055.3   2.50220e-14
       10060.2   2.50640e-14
       10065.1   2.49430e-14
       10069.9   2.52710e-14
       10074.8   2.53300e-14
       10079.7   2.56350e-14
       10084.6   2.54580e-14
       10089.4   2.55100e-14
       10094.3   2.53070e-14
       10099.2   2.55340e-14
       10104.0   2.56110e-14
       10108.9   2.58640e-14
       10113.8   2.58620e-14
       10118.7   2.58650e-14
       10123.5   2.55120e-14
       10128.4   2.57260e-14
       10133.3   2.59820e-14
       10138.2   2.58330e-14
       10143.0   2.56720e-14
       10147.9   2.56950e-14
       10152.8   2.57380e-14
       10157.6   2.55290e-14
       10162.5   2.58630e-14
       10167.4   2.57480e-14
       10172.3   2.56250e-14
       10177.1   2.59470e-14
       10182.0   2.58570e-14
       10186.9   2.55350e-14
       10191.7   2.58880e-14
       10196.6   2.56190e-14
       10201.5   2.57930e-14
       10206.4   2.55220e-14
       10211.2   2.55080e-14
       10216.1   2.55870e-14
       10221.0   2.52310e-14
       10225.9   2.49300e-14
       10230.7   2.50920e-14
       10235.6   2.52620e-14
       10240.5   2.52600e-14
