       2951.66   7.03590e-18
       2954.41  -7.30310e-17
       2957.16  -4.79320e-17
       2959.90   1.71300e-16
       2962.65   9.62620e-17
       2965.39   4.52560e-17
       2968.14   4.56110e-17
       2970.88  -1.72740e-17
       2973.63   9.86320e-17
       2976.38   4.34170e-17
       2979.12   5.12800e-17
       2981.87  -5.41220e-17
       2984.61   6.78040e-17
       2987.36  -6.63310e-17
       2990.10   4.40890e-17
       2992.85   5.97950e-18
       2995.60  -6.75970e-17
       2998.34  -1.44390e-16
       3001.09   8.33960e-17
       3003.83  -6.24460e-17
       3006.58   5.90520e-17
       3009.33   5.30070e-17
       3012.07   1.04500e-16
       3014.82   1.68620e-16
       3017.56   4.72230e-17
       3020.31  -3.42460e-17
       3023.06   2.56680e-16
       3025.80  -2.43220e-17
       3028.55  -1.95520e-17
       3031.29   4.87610e-17
       3034.04   5.20540e-17
       3036.79   2.40660e-17
       3039.53   3.46010e-17
       3042.28  -7.25540e-17
       3045.02   1.01600e-16
       3047.77  -3.32470e-18
       3050.52   1.50220e-17
       3053.26   5.97630e-17
       3056.01   1.22080e-17
       3058.76   7.88270e-17
       3061.50   1.76020e-17
       3064.25   7.79830e-17
       3067.00  -1.50840e-17
       3069.74  -9.75030e-18
       3072.49   1.41530e-16
       3075.23  -1.73310e-17
       3077.98   2.67760e-17
       3080.73   6.29950e-17
       3083.47  -6.67490e-17
       3086.22  -9.33060e-17
       3088.97   4.26240e-17
       3091.71  -6.78260e-17
       3094.46   7.50710e-17
       3097.21   2.32870e-18
       3099.95   1.31470e-17
       3102.70  -3.54370e-17
       3105.45   1.36820e-17
       3108.19   3.40300e-17
       3110.94  -2.22130e-17
       3113.69  -3.60310e-18
       3116.43   1.38990e-17
       3119.18   5.97880e-17
       3121.93   3.48740e-17
       3124.67  -5.56970e-17
       3127.42  -2.14610e-19
       3130.17   1.52970e-16
       3132.91  -7.73450e-17
       3135.66   1.44450e-18
       3138.41   1.44550e-18
       3141.15  -2.94150e-17
       3143.90  -1.59240e-17
       3146.65   2.76900e-17
       3149.39   2.63630e-18
       3152.14  -4.64350e-17
       3154.89   9.21500e-18
       3157.64  -3.18630e-17
       3160.38  -3.24720e-17
       3163.13  -7.40940e-17
       3165.88   1.33390e-17
       3168.62   1.26680e-16
       3171.37   1.84430e-17
       3174.12   4.20170e-16
       3176.86   1.04410e-16
       3179.61  -1.91280e-18
       3182.36   1.93420e-17
       3185.11  -1.68330e-18
       3187.85   3.54110e-17
       3190.60   6.89480e-17
       3193.35   9.76680e-18
       3196.09  -1.29440e-17
       3198.84   3.37480e-17
       3201.59   1.87280e-17
       3204.34   4.71090e-17
       3207.08   4.54740e-17
       3209.83   5.58230e-17
       3212.58   4.16810e-17
       3215.33  -7.08760e-17
       3218.07   3.40290e-17
       3220.82   7.32170e-17
       3223.57   2.97570e-17
       3226.31  -1.98410e-17
       3229.06   2.88740e-17
       3231.81   1.15920e-16
       3234.56   3.08310e-17
       3237.30   5.00770e-17
       3240.05   3.50990e-18
       3242.80  -1.46300e-17
       3245.55  -1.30260e-17
       3248.29  -4.26760e-18
       3251.04  -1.16340e-16
       3253.79   2.25980e-18
       3256.54  -8.73070e-18
       3259.28  -2.32470e-17
       3262.03  -3.90980e-17
       3264.78   1.02360e-16
       3267.53   3.15570e-18
       3270.27  -6.44930e-18
       3273.02   2.23750e-17
       3275.77  -1.45600e-17
       3278.52   2.82590e-17
       3281.26   1.76310e-17
       3284.01  -5.26780e-17
       3286.76   4.74220e-17
       3289.51  -3.52110e-17
       3292.26   1.76210e-17
       3295.00   7.49330e-17
       3297.75   2.57790e-17
       3300.50  -4.42610e-17
       3303.25   6.26260e-17
       3305.99  -3.00940e-18
       3308.74   1.48080e-17
       3311.49  -1.51500e-17
       3314.24   2.68310e-17
       3316.98  -6.12520e-18
       3319.73   9.81740e-17
       3322.48   6.55630e-18
       3325.23   5.20140e-17
       3327.98  -9.96720e-18
       3330.72  -3.13990e-17
       3333.47  -1.66850e-17
       3336.22   2.82310e-17
       3338.97  -3.90410e-17
       3341.72   1.22350e-18
       3344.46   4.97330e-17
       3347.21   1.11530e-17
       3349.96   8.91940e-18
       3352.71   3.41720e-17
       3355.46   2.22340e-17
       3358.20  -1.78980e-18
       3360.95   1.88230e-17
       3363.70   4.96690e-17
       3366.45  -2.10280e-17
       3369.20   3.07400e-17
       3371.94   3.48680e-17
       3374.69  -1.74060e-17
       3377.44   9.46090e-18
       3380.19   1.58750e-17
       3382.94  -5.67860e-18
       3385.68   4.13410e-17
       3388.43   5.33500e-17
       3391.18   4.50380e-17
       3393.93  -7.91890e-20
       3396.68   1.56270e-18
       3399.42   7.95860e-19
       3402.17   3.00790e-17
       3404.92  -4.35810e-17
       3407.67  -1.26240e-17
       3410.42   2.79260e-17
       3413.17  -4.78980e-17
       3415.91   8.41030e-17
       3418.66  -1.54750e-17
       3421.41  -8.50680e-18
       3424.16   2.58410e-17
       3426.91   2.50630e-17
       3429.66  -4.70740e-18
       3432.40   3.49360e-17
       3435.15   3.20680e-17
       3437.90   3.23490e-17
       3440.65   1.05360e-16
       3443.40  -7.92170e-18
       3446.14   1.91670e-17
       3448.89   9.26780e-18
       3451.64   5.54790e-18
       3454.39   3.25070e-17
       3457.14   2.33510e-17
       3459.89  -1.30640e-17
       3462.64   2.97970e-18
       3465.38   4.40160e-17
       3468.13   7.76120e-18
       3470.88   9.64670e-18
       3473.63   1.27010e-17
       3476.38  -1.79780e-17
       3479.13   4.26750e-17
       3481.87   2.22800e-17
       3484.62  -1.19040e-17
       3487.37   7.83850e-18
       3490.12  -2.13080e-17
       3492.87  -2.55160e-17
       3495.62   2.92080e-17
       3498.36   2.95620e-17
       3501.11   5.84540e-22
       3503.86   4.21890e-17
       3506.61  -1.67340e-17
       3509.36   2.29110e-17
       3512.11   1.31620e-17
       3514.86  -1.68160e-17
       3517.60   1.63510e-17
       3520.35   5.71700e-17
       3523.10   5.88900e-17
       3525.85   6.60530e-17
       3528.60   4.89340e-17
       3531.35  -3.08900e-18
       3534.10   4.87930e-18
       3536.84   8.69300e-17
       3539.59   2.11350e-17
       3542.34   5.11110e-17
       3545.09   6.02700e-17
       3547.84   3.85800e-17
       3550.59   4.44850e-17
       3553.34   5.74380e-17
       3556.09   2.35590e-17
       3558.83   4.39270e-17
       3561.58   3.61830e-17
       3564.33   4.32590e-17
       3567.08   5.60180e-17
       3569.83  -2.53480e-18
       3572.58   8.17650e-18
       3575.33   4.88480e-17
       3578.07   1.87320e-17
       3580.82   2.71680e-17
       3583.57   2.78540e-17
       3586.32   1.31580e-17
       3589.07  -3.55650e-18
       3591.82   5.20920e-17
       3594.57  -3.10300e-18
       3597.32  -6.71970e-18
       3600.06   5.58800e-17
       3602.81  -7.01660e-18
       3605.56   6.47210e-18
       3608.31   6.70900e-17
       3611.06   2.26900e-17
       3613.81  -3.97500e-17
       3616.56   6.50900e-17
       3619.31   1.01060e-17
       3622.06  -1.53980e-17
       3624.80   4.74370e-17
       3627.55   3.11660e-17
       3630.30  -6.66430e-18
       3633.05   3.14920e-17
       3635.80   4.14260e-17
       3638.55   3.14860e-18
       3641.30   4.73840e-17
       3644.05  -1.35350e-17
       3646.79   3.80360e-17
       3649.54   6.03460e-17
       3652.29  -2.57390e-17
       3655.04   4.92330e-17
       3657.79   2.71820e-17
       3660.54   1.85720e-19
       3663.29   1.34210e-17
       3666.04   2.72390e-17
       3668.79  -4.25770e-17
       3671.53   5.62030e-17
       3674.28   1.05430e-17
       3677.03  -2.28730e-18
       3679.78   6.69520e-17
       3682.53   6.54630e-17
       3685.28   5.21930e-17
       3688.03   4.38010e-17
       3690.78   2.12270e-17
       3693.53   2.18750e-18
       3696.28   5.76510e-17
       3699.02   2.71320e-17
       3701.77  -4.87640e-18
       3704.52   8.35230e-17
       3707.27   1.34480e-17
       3710.02   2.54800e-17
       3712.77   5.80510e-17
       3715.52   1.10190e-17
       3718.27   5.31780e-17
       3721.02   4.73700e-17
       3723.77   1.72740e-17
       3726.51   3.66270e-17
       3729.26   9.46450e-18
       3732.01   2.04070e-17
       3734.76   7.41070e-17
       3737.51   4.03960e-17
       3740.26  -2.57040e-17
       3743.01   2.64660e-17
       3745.76   7.13730e-17
       3748.51   2.74250e-17
       3751.26   6.87910e-17
       3754.00   3.38020e-17
       3756.75  -1.30370e-17
       3759.50  -1.45900e-17
       3762.25  -1.71850e-17
       3765.00  -5.62130e-18
       3767.75   5.10180e-17
       3770.50   5.87130e-17
       3773.25   4.93100e-17
       3776.00   4.71900e-17
       3778.75   1.48790e-17
       3781.49   2.59130e-17
       3784.24   3.75440e-17
       3786.99   8.49030e-18
       3789.74  -1.37650e-17
       3792.49   2.66850e-17
       3795.24   4.05430e-17
       3797.99   8.13840e-17
       3800.74   5.17930e-17
       3803.49   2.39390e-17
       3806.24   3.52150e-17
       3808.98   4.10730e-17
       3811.73   4.15980e-17
       3814.48   3.06730e-17
       3817.23   4.47560e-18
       3819.98   3.92570e-17
       3822.73   1.69890e-17
       3825.48   3.68840e-17
       3828.23   2.48490e-17
       3830.98   5.48190e-17
       3833.73   6.10020e-17
       3836.48   9.71200e-17
       3839.22   3.26940e-17
       3841.97   4.47270e-17
       3844.72   2.32660e-17
       3847.47   4.06100e-17
       3850.22   2.31000e-17
       3852.97   4.20770e-18
       3855.72   1.17010e-17
       3858.47   3.65710e-17
       3861.22   1.07660e-17
       3863.97   2.71210e-17
       3866.72   2.23350e-17
       3869.46   8.00700e-18
       3872.21   3.34250e-17
       3874.96   8.15540e-18
       3877.71   3.92320e-17
       3880.46   1.71120e-17
       3883.21   4.16950e-17
       3885.96   6.22040e-17
       3888.71   1.07890e-16
       3891.46   8.65060e-17
       3894.21   4.85450e-17
       3896.95   4.27480e-17
       3899.70   1.29960e-17
       3902.45   3.71150e-17
       3905.20   6.59640e-18
       3907.95   3.20160e-17
       3910.70   5.33390e-17
       3913.45   4.61990e-17
       3916.20   4.26740e-17
       3918.95   3.68670e-17
       3921.70   3.93030e-17
       3924.45   2.99840e-17
       3927.19   6.28830e-17
       3929.94   1.33310e-16
       3932.69   3.05330e-16
       3935.44   2.87120e-16
       3938.19   8.75770e-17
       3940.94   4.72630e-17
       3943.69   4.26400e-17
       3946.44   2.02760e-17
       3949.19   2.89680e-17
       3951.94   6.45460e-17
       3954.68   3.78160e-17
       3957.43   2.80080e-17
       3960.18   3.76820e-17
       3962.93   4.00590e-17
       3965.68   1.41770e-16
       3968.43   4.11830e-16
       3971.18   2.97720e-16
       3973.93   8.85090e-17
       3976.68   1.01660e-16
       3979.43   7.41620e-17
       3982.18   7.72150e-17
       3984.92   7.23250e-17
       3987.67   3.37490e-17
       3990.42   5.22020e-17
       3993.17   2.77390e-17
       3995.92   5.74490e-17
       3998.67   5.64960e-17
       4001.42   6.56910e-17
       4004.17   6.31190e-17
       4006.92   6.02300e-17
       4009.66   5.98860e-17
       4012.41   5.89280e-17
       4015.16   5.87410e-17
       4017.91   5.65830e-17
       4020.66   3.87000e-17
       4023.41   3.54260e-17
       4026.16   6.96730e-17
       4028.91   6.19950e-17
       4031.66   5.86510e-17
       4034.41   6.66350e-17
       4037.15   3.43990e-17
       4039.90   6.15850e-17
       4042.65   3.97480e-17
       4045.40   3.59450e-17
       4048.15   4.74280e-17
       4050.90   7.30570e-17
       4053.65   9.91790e-17
       4056.40   6.88320e-17
       4059.15   7.48380e-17
       4061.89   7.90310e-17
       4064.64   4.31060e-17
       4067.39   3.41590e-17
       4070.14   2.29740e-17
       4072.89   3.60210e-17
       4075.64   4.34860e-17
       4078.39   2.67140e-17
       4081.14   4.28290e-17
       4083.89   3.37470e-17
       4086.63   4.85730e-17
       4089.38   4.93690e-17
       4092.13   4.52960e-17
       4094.88   3.72230e-17
       4097.63   7.26650e-17
       4100.38   1.34970e-16
       4103.13   1.82980e-16
       4105.88   9.20570e-17
       4108.62   4.09320e-17
       4111.37   4.30440e-17
       4114.12   5.98270e-17
       4116.87   4.10720e-17
       4119.62   2.55730e-17
       4122.37   4.56990e-17
       4125.12   9.71530e-18
       4127.87   4.88030e-17
       4130.62   2.54370e-17
       4133.36   5.23450e-17
       4136.11   5.28480e-17
       4138.86   3.76080e-17
       4141.61   4.08980e-17
       4144.36   4.92570e-17
       4147.11   2.56420e-17
       4149.86   2.70080e-17
       4152.60   4.87910e-17
       4155.35   5.26230e-17
       4158.10   3.90450e-17
       4160.85   5.59250e-17
       4163.60   2.83750e-17
       4166.35   4.20380e-17
       4169.10   4.58160e-17
       4171.85   4.21830e-17
       4174.59   6.61980e-17
       4177.34   5.51170e-17
       4180.09   4.95020e-17
       4182.84   5.89490e-17
       4185.59   6.60480e-17
       4188.34   3.54040e-17
       4191.09   2.98460e-17
       4193.83   5.27520e-17
       4196.58   2.82130e-17
       4199.33   3.92530e-17
       4202.08   4.22580e-17
       4204.83   4.48250e-17
       4207.58   4.49300e-17
       4210.33   2.16070e-17
       4213.07   2.33600e-17
       4215.82   3.92710e-17
       4218.57   3.32970e-17
       4221.32   1.43070e-17
       4224.07   1.14870e-17
       4226.82   2.96800e-17
       4229.57   1.96930e-17
       4232.31   3.43100e-17
       4235.06   3.22280e-17
       4237.81   3.23260e-17
       4240.56   3.61560e-17
       4243.31   2.28490e-17
       4246.06   1.35810e-17
       4248.81   3.74770e-17
       4251.55   3.63680e-17
       4254.30   1.23770e-17
       4257.05   2.59520e-17
       4259.80   2.54890e-17
       4262.55   3.10130e-17
       4265.30   3.58730e-17
       4268.04   4.00740e-17
       4270.79   4.55230e-17
       4273.54   4.12540e-17
       4276.29   2.78530e-17
       4279.04   3.57680e-17
       4281.79   4.82990e-17
       4284.53   5.20140e-17
       4287.28   4.34180e-17
       4290.03   3.16110e-17
       4292.78   5.82170e-17
       4295.53   5.29090e-17
       4298.27   5.18720e-17
       4301.02   5.81620e-17
       4303.77   4.34440e-17
       4306.52   6.13570e-17
       4309.27   5.42780e-17
       4312.02   7.26540e-17
       4314.76   9.16790e-17
       4317.51   4.48140e-17
       4320.26   8.73060e-17
       4323.01   7.48500e-17
       4325.76   7.51250e-17
       4328.50   8.15000e-17
       4331.25   6.60940e-17
       4334.00   7.14160e-17
       4336.75   1.39800e-16
       4339.50   2.63830e-16
       4342.25   2.80580e-16
       4344.99   1.27410e-16
       4347.74   7.86530e-17
       4350.49   9.24380e-17
       4353.24   5.98020e-17
       4355.99   3.47970e-17
       4358.73   6.72980e-17
       4361.48   6.62440e-17
       4364.23   5.90280e-17
       4366.98   6.59940e-17
       4369.73   5.51160e-17
       4372.47   6.41960e-17
       4375.22   7.44860e-17
       4377.97   9.81190e-17
       4380.72   6.98240e-17
       4383.47   7.81050e-17
       4386.21   8.51980e-17
       4388.96   8.63500e-17
       4391.71   7.05550e-17
       4394.46   8.78110e-17
       4397.20   7.12960e-17
       4399.95   7.79090e-17
       4402.70   8.12580e-17
       4405.45   1.10220e-16
       4408.20   1.10760e-16
       4410.94   1.15050e-16
       4413.69   1.01110e-16
       4416.44   1.16420e-16
       4419.19   9.80490e-17
       4421.93   9.89920e-17
       4424.68   9.61560e-17
       4427.43   1.12210e-16
       4430.18   1.11280e-16
       4432.93   1.35990e-16
       4435.67   1.12510e-16
       4438.42   1.32280e-16
       4441.17   1.37750e-16
       4443.92   1.20720e-16
       4446.66   1.39260e-16
       4449.41   1.56720e-16
       4452.16   1.60960e-16
       4454.91   1.50500e-16
       4457.65   1.48200e-16
       4460.40   1.57940e-16
       4463.15   1.44140e-16
       4465.90   1.85140e-16
       4468.64   1.50040e-16
       4471.39   1.83260e-16
       4474.14   1.96820e-16
       4476.89   1.87520e-16
       4479.63   1.70370e-16
       4482.38   1.85370e-16
       4485.13   2.10440e-16
       4487.88   2.25040e-16
       4490.62   2.26140e-16
       4493.37   2.16470e-16
       4496.12   1.95440e-16
       4498.87   2.49980e-16
       4501.61   2.03350e-16
       4504.36   2.47030e-16
       4507.11   2.19370e-16
       4509.85   2.07970e-16
       4512.60   2.28680e-16
       4515.35   2.28610e-16
       4518.10   2.26300e-16
       4520.84   2.52270e-16
       4523.59   2.74400e-16
       4526.34   2.63160e-16
       4529.08   2.70080e-16
       4531.83   2.90860e-16
       4534.58   2.52610e-16
       4537.33   2.94610e-16
       4540.07   2.69180e-16
       4542.82   3.17000e-16
       4545.57   2.69600e-16
       4548.31   2.76440e-16
       4551.06   2.45430e-16
       4553.81   2.96560e-16
       4556.56   2.96510e-16
       4559.30   3.38370e-16
       4562.05   3.59650e-16
       4564.80   3.75840e-16
       4567.54   3.89930e-16
       4570.29   3.85240e-16
       4573.04   4.07520e-16
       4575.78   4.08140e-16
       4578.53   4.14920e-16
       4581.28   3.68260e-16
       4584.02   2.97820e-16
       4586.77   2.60400e-16
       4589.52   2.22710e-16
       4592.27   2.75510e-16
       4595.01   2.51110e-16
       4597.76   2.75490e-16
       4600.51   2.79060e-16
       4603.25   3.26750e-16
       4606.00   2.63810e-16
       4608.75   2.95170e-16
       4611.49   3.69390e-16
       4614.24   4.09380e-16
       4616.99   4.44140e-16
       4619.73   4.54850e-16
       4622.48   4.34570e-16
       4625.23   3.68560e-16
       4627.97   3.07570e-16
       4630.72   2.61930e-16
       4633.46   2.65650e-16
       4636.21   2.61240e-16
       4638.96   2.80460e-16
       4641.70   3.29370e-16
       4644.45   3.09080e-16
       4647.20   3.08620e-16
       4649.94   3.33160e-16
       4652.69   3.34610e-16
       4655.44   3.98690e-16
       4658.18   4.22360e-16
       4660.93   4.54010e-16
       4663.68   4.47190e-16
       4666.42   4.36070e-16
       4669.17   3.56540e-16
       4671.91   2.55950e-16
       4674.66   2.45640e-16
       4677.41   2.67910e-16
       4680.15   2.64150e-16
       4682.90   2.85890e-16
       4685.65   3.00750e-16
       4688.39   3.19890e-16
       4691.14   3.87110e-16
       4693.88   3.65310e-16
       4696.63   3.90630e-16
       4699.38   4.35600e-16
       4702.12   4.39770e-16
       4704.87   4.23230e-16
       4707.61   3.82360e-16
       4710.36   3.80610e-16
       4713.11   3.76720e-16
       4715.85   3.48440e-16
       4718.60   3.77930e-16
       4721.34   3.77100e-16
       4724.09   3.83840e-16
       4726.84   3.79120e-16
       4729.58   4.20300e-16
       4732.33   4.18690e-16
       4735.07   4.47140e-16
       4737.82   4.31130e-16
       4740.56   4.57640e-16
       4743.31   4.68610e-16
       4746.06   5.02210e-16
       4748.80   4.59210e-16
       4751.55   4.66550e-16
       4754.29   5.53840e-16
       4757.04   4.97990e-16
       4759.78   3.54450e-16
       4762.53   2.17360e-16
       4765.28   1.74950e-16
       4768.02   1.76270e-16
       4770.77   1.72400e-16
       4773.51   1.78920e-16
       4776.26   2.37510e-16
       4779.00   2.58350e-16
       4781.75   2.37630e-16
       4784.49   2.45790e-16
       4787.24   2.52810e-16
       4789.98   2.84080e-16
       4792.73   3.17040e-16
       4795.48   3.27290e-16
       4798.22   3.22350e-16
       4800.97   3.55560e-16
       4803.71   3.01490e-16
       4806.46   1.94170e-16
       4809.20   1.80550e-16
       4811.95   2.13770e-16
       4814.69   2.40840e-16
       4817.44   2.56840e-16
       4820.18   2.81580e-16
       4822.93   2.96670e-16
       4825.67   3.08230e-16
       4828.42   2.93810e-16
       4831.16   2.89220e-16
       4833.91   3.15610e-16
       4836.65   3.54610e-16
       4839.40   3.92400e-16
       4842.14   3.71580e-16
       4844.89   3.45070e-16
       4847.63   3.26540e-16
       4850.38   2.78930e-16
       4853.12   2.67890e-16
       4855.87   3.26230e-16
       4858.61   4.34360e-16
       4861.36   6.86070e-16
       4864.10   5.24610e-16
       4866.85   3.70090e-16
       4869.59   3.52570e-16
       4872.34   3.60370e-16
       4875.08   3.89560e-16
       4877.83   3.50880e-16
       4880.57   3.90580e-16
       4883.31   4.01680e-16
       4886.06   4.12410e-16
       4888.80   4.54390e-16
       4891.55   4.53660e-16
       4894.29   4.52800e-16
       4897.04   4.31120e-16
       4899.78   4.55560e-16
       4902.53   4.81920e-16
       4905.27   5.26410e-16
       4908.02   6.00840e-16
       4910.76   5.78310e-16
       4913.50   6.18700e-16
       4916.25   6.59880e-16
       4918.99   6.70780e-16
       4921.74   6.87640e-16
       4924.48   7.18540e-16
       4927.23   7.19960e-16
       4929.97   7.37240e-16
       4932.71   7.37700e-16
       4935.46   7.94290e-16
       4938.20   8.31180e-16
       4940.95   8.30110e-16
       4943.69   8.49650e-16
       4946.43   9.32650e-16
       4949.18   9.87340e-16
       4951.92   8.49420e-16
       4954.67   5.85370e-16
       4957.41   3.01020e-16
       4960.15   2.22690e-16
       4962.90   1.92590e-16
       4965.64   2.05240e-16
       4968.39   2.66370e-16
       4971.13   2.99730e-16
       4973.87   3.12940e-16
       4976.62   3.36960e-16
       4979.36   3.40980e-16
       4982.10   3.60280e-16
       4984.85   3.82520e-16
       4987.59   4.07260e-16
       4990.34   4.17990e-16
       4993.08   4.40830e-16
       4995.82   4.08610e-16
       4998.57   4.16090e-16
       5001.31   3.03860e-16
       5004.05   2.73980e-16
       5006.80   2.81860e-16
       5009.54   2.95700e-16
       5012.28   3.18370e-16
       5015.03   3.08180e-16
       5017.77   3.15610e-16
       5020.51   3.37310e-16
       5023.26   3.45700e-16
       5026.00   3.76080e-16
       5028.74   4.02910e-16
       5031.49   4.12620e-16
       5034.23   4.39250e-16
       5036.97   4.94690e-16
       5039.72   5.36580e-16
       5042.46   5.36600e-16
       5045.20   5.79770e-16
       5047.95   5.58750e-16
       5050.69   5.53800e-16
       5053.43   5.04450e-16
       5056.17   5.29790e-16
       5058.92   5.54910e-16
       5061.66   5.14440e-16
       5064.40   5.41160e-16
       5067.15   5.69520e-16
       5069.89   5.75890e-16
       5072.63   5.90080e-16
       5075.38   6.56700e-16
       5078.12   5.91880e-16
       5080.86   6.26110e-16
       5083.60   6.06020e-16
       5086.35   6.37960e-16
       5089.09   6.32370e-16
       5091.83   6.38150e-16
       5094.57   6.37020e-16
       5097.32   5.94550e-16
       5100.06   6.03120e-16
       5102.80   6.21370e-16
       5105.54   6.07770e-16
       5108.29   5.74700e-16
       5111.03   6.27750e-16
       5113.77   6.43110e-16
       5116.51   6.94100e-16
       5119.26   6.77670e-16
       5122.00   6.51610e-16
       5124.74   6.67010e-16
       5127.48   5.89970e-16
       5130.22   5.77760e-16
       5132.97   6.54790e-16
       5135.71   7.46780e-16
       5138.45   7.43830e-16
       5141.19   7.15160e-16
       5143.94   6.80720e-16
       5146.68   6.57580e-16
       5149.42   6.52710e-16
       5152.16   6.37820e-16
       5154.90   6.22780e-16
       5157.65   7.14840e-16
       5160.39   8.13510e-16
       5163.13   8.31390e-16
       5165.87   6.84650e-16
       5168.61   3.73850e-16
       5171.35   2.25740e-16
       5174.10   1.71620e-16
       5176.84   2.22110e-16
       5179.58   2.04040e-16
       5182.32   2.19020e-16
       5185.06   3.00640e-16
       5187.80   3.62360e-16
       5190.55   3.51540e-16
       5193.29   3.96310e-16
       5196.03   4.25140e-16
       5198.77   4.45340e-16
       5201.51   4.29150e-16
       5204.25   3.60940e-16
       5206.99   3.34710e-16
       5209.74   3.49760e-16
       5212.48   4.97880e-16
       5215.22   6.31830e-16
       5217.96   6.85140e-16
       5220.70   7.59540e-16
       5223.44   7.43510e-16
       5226.18   7.00810e-16
       5228.92   8.00680e-16
       5231.67   7.85160e-16
       5234.41   7.26490e-16
       5237.15   7.63160e-16
       5239.89   7.36310e-16
       5242.63   6.69220e-16
       5245.37   6.29420e-16
       5248.11   6.53630e-16
       5250.85   6.72210e-16
       5253.59   7.21650e-16
       5256.33   7.77160e-16
       5259.07   7.91430e-16
       5261.81   7.46840e-16
       5264.56   6.88160e-16
       5267.30   6.39560e-16
       5270.04   6.69760e-16
       5272.78   7.30520e-16
       5275.52   7.81410e-16
       5278.26   7.89000e-16
       5281.00   7.85480e-16
       5283.74   8.21370e-16
       5286.48   9.00850e-16
       5289.22   9.17440e-16
       5291.96   9.18000e-16
       5294.70   8.82880e-16
       5297.44   8.61610e-16
       5300.18   9.23140e-16
       5302.92   9.63190e-16
       5305.66   9.37290e-16
       5308.40   8.66700e-16
       5311.14   8.16560e-16
       5313.88   8.20110e-16
       5316.62   8.01200e-16
       5319.36   9.28860e-16
       5322.10   8.72940e-16
       5324.84   8.20270e-16
       5327.58   7.94900e-16
       5330.32   8.26950e-16
       5333.06   8.75710e-16
       5335.80   8.51540e-16
       5338.54   8.54600e-16
       5341.28   9.32170e-16
       5344.02   9.76680e-16
       5346.76   9.84450e-16
       5349.50   9.96890e-16
       5352.24   1.08620e-15
       5354.98   1.11150e-15
       5357.72   1.00160e-15
       5360.46   9.37260e-16
       5363.20   9.65310e-16
       5365.94   9.47110e-16
       5368.68   9.76340e-16
       5371.42   9.39480e-16
       5374.16   1.01950e-15
       5376.89   1.12690e-15
       5379.63   1.17780e-15
       5382.37   1.22020e-15
       5385.11   1.17360e-15
       5387.85   1.17220e-15
       5390.59   1.18430e-15
       5393.33   1.20640e-15
       5396.07   1.22950e-15
       5398.81   1.25780e-15
       5401.55   1.36200e-15
       5404.29   1.24970e-15
       5407.02   1.18480e-15
       5409.76   1.16990e-15
       5412.50   1.18110e-15
       5415.24   1.18220e-15
       5417.98   1.25900e-15
       5420.72   1.35330e-15
       5423.46   1.30430e-15
       5426.20   1.32050e-15
       5428.93   1.25500e-15
       5431.67   1.24720e-15
       5434.41   1.26910e-15
       5437.15   1.37610e-15
       5439.89   1.48740e-15
       5442.63   1.50240e-15
       5445.37   1.28650e-15
       5448.10   9.13090e-16
       5451.22   1.05380e-15
       5456.09   6.30990e-16
       5460.96   5.73530e-16
       5465.83   5.50090e-16
       5470.70   6.42300e-16
       5475.57   6.66400e-16
       5480.44   6.42080e-16
       5485.32   6.42770e-16
       5490.19   6.46890e-16
       5495.06   6.37640e-16
       5499.93   5.15910e-16
       5504.80   4.19270e-16
       5509.68   3.24730e-16
       5514.55   2.78910e-16
       5519.42   2.38210e-16
       5524.29   2.36170e-16
       5529.16   2.04110e-16
       5534.04   2.27330e-16
       5538.91   1.89750e-16
       5543.78   1.79770e-16
       5548.65   2.01590e-16
       5553.53   2.33790e-16
       5558.40   2.40290e-16
       5563.27   2.93780e-16
       5568.14   3.96910e-16
       5573.02   4.83870e-16
       5577.89   5.45830e-16
       5582.76   6.09080e-16
       5587.64   6.94690e-16
       5592.51   6.94350e-16
       5597.38   7.23940e-16
       5602.25   6.30730e-16
       5607.13   6.37030e-16
       5612.00   6.51890e-16
       5616.87   6.17440e-16
       5621.75   5.92520e-16
       5626.62   5.93450e-16
       5631.49   5.91540e-16
       5636.37   5.66310e-16
       5641.24   5.97430e-16
       5646.11   5.82960e-16
       5650.99   6.55590e-16
       5655.86   7.16770e-16
       5660.73   7.27050e-16
       5665.61   7.48590e-16
       5670.48   6.95660e-16
       5675.36   6.86610e-16
       5680.23   7.17630e-16
       5685.10   7.38840e-16
       5689.98   8.36030e-16
       5694.85   8.22430e-16
       5699.73   8.43510e-16
       5704.60   9.17410e-16
       5709.47   9.18310e-16
       5714.35   9.05070e-16
       5719.22   8.91760e-16
       5724.10   8.40750e-16
       5728.97   8.57080e-16
       5733.85   8.75890e-16
       5738.72   8.98720e-16
       5743.59   8.57170e-16
       5748.47   9.24720e-16
       5753.34   9.65430e-16
       5758.22   9.54900e-16
       5763.09   9.07140e-16
       5767.97   8.18420e-16
       5772.84   8.11260e-16
       5777.72   8.13910e-16
       5782.59   8.66610e-16
       5787.47   9.33050e-16
       5792.34   9.60100e-16
       5797.22   1.05590e-15
       5802.09   1.10130e-15
       5806.97   1.07110e-15
       5811.84   1.07080e-15
       5816.72   9.07140e-16
       5821.59   7.95890e-16
       5826.47   7.75950e-16
       5831.34   7.79270e-16
       5836.22   8.33660e-16
       5841.09   8.34720e-16
       5845.97   7.66400e-16
       5850.85   6.48680e-16
       5855.72   5.69140e-16
       5860.60   4.95640e-16
       5865.47   4.93700e-16
       5870.35   4.60320e-16
       5875.22   4.11880e-16
       5880.10   4.07560e-16
       5884.98   3.60710e-16
       5889.85   3.28190e-16
       5894.73   3.26560e-16
       5899.60   3.42150e-16
       5904.48   3.15410e-16
       5909.36   3.18370e-16
       5914.23   3.42220e-16
       5919.11   3.57920e-16
       5923.98   3.75490e-16
       5928.86   3.86390e-16
       5933.74   4.03230e-16
       5938.61   4.16960e-16
       5943.49   4.65010e-16
       5948.37   5.07390e-16
       5953.24   4.82060e-16
       5958.12   4.55780e-16
       5963.00   4.60220e-16
       5967.87   4.63460e-16
       5972.75   4.78660e-16
       5977.63   4.83360e-16
       5982.50   4.67910e-16
       5987.38   5.00470e-16
       5992.26   5.20670e-16
       5997.13   5.65560e-16
       6002.01   5.59700e-16
       6006.89   5.01720e-16
       6011.76   5.30640e-16
       6016.64   5.33190e-16
       6021.52   5.61410e-16
       6026.40   5.89150e-16
       6031.27   5.84620e-16
       6036.15   6.11410e-16
       6041.03   6.05550e-16
       6045.90   6.55180e-16
       6050.78   7.15980e-16
       6055.66   7.60050e-16
       6060.54   7.73420e-16
       6065.41   7.96390e-16
       6070.29   8.16600e-16
       6075.17   8.36310e-16
       6080.05   8.15690e-16
       6084.92   8.10570e-16
       6089.80   8.03250e-16
       6094.68   8.04890e-16
       6099.56   7.95370e-16
       6104.44   7.60910e-16
       6109.31   7.63400e-16
       6114.19   7.23450e-16
       6119.07   6.93160e-16
       6123.95   6.77190e-16
       6128.83   6.39070e-16
       6133.70   6.62110e-16
       6138.58   6.42520e-16
       6143.46   5.79680e-16
       6148.34   5.76050e-16
       6153.22   5.05540e-16
       6158.09   4.98740e-16
       6162.97   4.51410e-16
       6167.85   3.85280e-16
       6172.73   3.68510e-16
       6177.61   3.84880e-16
       6182.49   3.36870e-16
       6187.36   3.45980e-16
       6192.24   3.60500e-16
       6197.12   3.33980e-16
       6202.00   3.25350e-16
       6206.88   3.30870e-16
       6211.76   3.20410e-16
       6216.64   3.43310e-16
       6221.52   3.24610e-16
       6226.39   3.26250e-16
       6231.27   3.00650e-16
       6236.15   3.25220e-16
       6241.03   3.28770e-16
       6245.91   3.66070e-16
       6250.79   3.50820e-16
       6255.67   3.66920e-16
       6260.55   3.41870e-16
       6265.43   3.62950e-16
       6270.31   4.10160e-16
       6275.18   4.11900e-16
       6280.06   4.48990e-16
       6284.94   5.08800e-16
       6289.82   5.06730e-16
       6294.70   5.77550e-16
       6299.58   6.36930e-16
       6304.46   6.67670e-16
       6309.34   7.26080e-16
       6314.22   7.63070e-16
       6319.10   8.56690e-16
       6323.98   9.00860e-16
       6328.86   9.46060e-16
       6333.74   1.02370e-15
       6338.62   1.07680e-15
       6343.50   1.18320e-15
       6348.38   1.23990e-15
       6353.26   1.27560e-15
       6358.14   1.23950e-15
       6363.02   1.13150e-15
       6367.90   1.13970e-15
       6372.78   1.13170e-15
       6377.66   1.17070e-15
       6382.54   1.11830e-15
       6387.42   1.06270e-15
       6392.30   1.09570e-15
       6397.18   1.17760e-15
       6402.06   1.26210e-15
       6406.94   1.28780e-15
       6411.82   1.31240e-15
       6416.70   1.29720e-15
       6421.58   1.27880e-15
       6426.46   1.24950e-15
       6431.34   1.23760e-15
       6436.22   1.27760e-15
       6441.10   1.32220e-15
       6445.98   1.33580e-15
       6450.86   1.35100e-15
       6455.74   1.36700e-15
       6460.62   1.42020e-15
       6465.50   1.45890e-15
       6470.38   1.54040e-15
       6475.26   1.62970e-15
       6480.14   1.60830e-15
       6485.02   1.56790e-15
       6489.90   1.61270e-15
       6494.78   1.65690e-15
       6499.67   1.81310e-15
       6504.55   1.96360e-15
       6509.43   2.14780e-15
       6514.31   2.38180e-15
       6519.19   2.57320e-15
       6524.07   2.75830e-15
       6528.95   3.02160e-15
       6533.83   3.30630e-15
       6538.71   3.46820e-15
       6543.59   3.60300e-15
       6548.48   3.44090e-15
       6553.36   3.15540e-15
       6558.24   3.12920e-15
       6563.12   3.47260e-15
       6568.00   3.41630e-15
       6572.88   2.82120e-15
       6577.76   2.49500e-15
       6582.64   2.19120e-15
       6587.52   2.21190e-15
       6592.41   2.33900e-15
       6597.29   2.26380e-15
       6602.17   2.17550e-15
       6607.05   2.17710e-15
       6611.93   2.14200e-15
       6616.81   2.19700e-15
       6621.69   2.08140e-15
       6626.58   1.95590e-15
       6631.46   1.77700e-15
       6636.34   1.76930e-15
       6641.22   1.63720e-15
       6646.10   1.68170e-15
       6650.98   1.58670e-15
       6655.87   1.39050e-15
       6660.75   1.33450e-15
       6665.63   1.35050e-15
       6670.51   1.46980e-15
       6675.39   1.51800e-15
       6680.28   1.51220e-15
       6685.16   1.35050e-15
       6690.04   1.21380e-15
       6694.92   1.23690e-15
       6699.80   1.23710e-15
       6704.69   1.36940e-15
       6709.57   1.44680e-15
       6714.45   1.36890e-15
       6719.33   1.28970e-15
       6724.21   1.11770e-15
       6729.10   1.12100e-15
       6733.98   1.15380e-15
       6738.86   1.20790e-15
       6743.74   1.30850e-15
       6748.62   1.34030e-15
       6753.51   1.25980e-15
       6758.39   1.28630e-15
       6763.27   1.37430e-15
       6768.15   1.50920e-15
       6773.04   1.56120e-15
       6777.92   1.56420e-15
       6782.80   1.58250e-15
       6787.68   1.38030e-15
       6792.57   1.32500e-15
       6797.45   1.32460e-15
       6802.33   1.47040e-15
       6807.21   1.49940e-15
       6812.10   1.55490e-15
       6816.98   1.59260e-15
       6821.86   1.55510e-15
       6826.74   1.57260e-15
       6831.63   1.61800e-15
       6836.51   1.66200e-15
       6841.39   1.67310e-15
       6846.27   1.71910e-15
       6851.16   1.68380e-15
       6856.04   1.56500e-15
       6860.92   1.54890e-15
       6865.81   1.55500e-15
       6870.69   1.67810e-15
       6875.57   1.72460e-15
       6880.46   1.86580e-15
       6885.34   1.80250e-15
       6890.22   1.79310e-15
       6895.10   1.77610e-15
       6899.99   1.80690e-15
       6904.87   1.83950e-15
       6909.75   1.92990e-15
       6914.64   2.06560e-15
       6919.52   2.11110e-15
       6924.40   2.08400e-15
       6929.29   2.28600e-15
       6934.17   2.49320e-15
       6939.05   2.71530e-15
       6943.93   2.84350e-15
       6948.82   3.20170e-15
       6953.70   3.46620e-15
       6958.58   3.38700e-15
       6963.47   3.33690e-15
       6968.35   3.46500e-15
       6973.23   3.56550e-15
       6978.12   3.58070e-15
       6983.00   3.83310e-15
       6987.88   3.94540e-15
       6992.77   4.01900e-15
       6997.65   3.91060e-15
       7002.53   3.97910e-15
       7007.42   4.10970e-15
       7012.30   4.35720e-15
       7017.19   4.63000e-15
       7022.07   4.89970e-15
       7026.95   5.05900e-15
       7031.84   5.39510e-15
       7036.72   5.97800e-15
       7041.60   6.53010e-15
       7046.49   6.78000e-15
       7051.37   6.58510e-15
       7056.25   5.67300e-15
       7061.14   3.90670e-15
       7066.02   2.62010e-15
       7070.91   2.40930e-15
       7075.79   2.54880e-15
       7080.67   2.61470e-15
       7085.56   2.73170e-15
       7090.44   2.42570e-15
       7095.32   1.85530e-15
       7100.21   1.73960e-15
       7105.09   1.72450e-15
       7109.98   1.90990e-15
       7114.86   2.13810e-15
       7119.74   2.21880e-15
       7124.63   2.23570e-15
       7129.51   1.89780e-15
       7134.40   1.45240e-15
       7139.28   1.34710e-15
       7144.16   1.39740e-15
       7149.05   1.51110e-15
       7153.93   1.59960e-15
       7158.81   1.71380e-15
       7163.70   1.72320e-15
       7168.58   1.76740e-15
       7173.47   1.84350e-15
       7178.35   1.94700e-15
       7183.24   2.19580e-15
       7188.12   2.33450e-15
       7193.00   2.50280e-15
       7197.89   2.46660e-15
       7202.77   2.34080e-15
       7207.66   2.30990e-15
       7212.54   2.38280e-15
       7217.42   2.48290e-15
       7222.31   2.72630e-15
       7227.19   3.00000e-15
       7232.08   3.23770e-15
       7236.96   3.39180e-15
       7241.85   3.67580e-15
       7246.73   3.87460e-15
       7251.61   4.38840e-15
       7256.50   4.62080e-15
       7261.38   5.00310e-15
       7266.27   5.47760e-15
       7271.15   5.67110e-15
       7276.04   5.28450e-15
       7280.92   5.54760e-15
       7285.81   5.91110e-15
       7290.69   6.28360e-15
       7295.57   6.76310e-15
       7300.46   7.08570e-15
       7305.34   7.66630e-15
       7310.23   8.17060e-15
       7315.11   8.65590e-15
       7320.00   8.99450e-15
       7324.88   9.40640e-15
       7329.77   9.95650e-15
       7334.65   9.94850e-15
       7339.53   1.02690e-14
       7344.42   1.05210e-14
       7349.30   1.05420e-14
       7354.19   1.07790e-14
       7359.07   1.07770e-14
       7363.96   1.11530e-14
       7368.84   1.16120e-14
       7373.73   1.19220e-14
       7378.61   1.20500e-14
       7383.50   1.21460e-14
       7388.38   1.21880e-14
       7393.27   1.23420e-14
       7398.15   1.23230e-14
       7403.04   1.22450e-14
       7407.92   1.22290e-14
       7412.80   1.20800e-14
       7417.69   1.23050e-14
       7422.57   1.20680e-14
       7427.46   1.22360e-14
       7432.34   1.24980e-14
       7437.23   1.23160e-14
       7442.11   1.20550e-14
       7447.00   1.22310e-14
       7451.88   1.20490e-14
       7456.77   1.21070e-14
       7461.65   1.22230e-14
       7466.54   1.22650e-14
       7471.42   1.24420e-14
       7476.31   1.25700e-14
       7481.19   1.25620e-14
       7486.08   1.27680e-14
       7490.96   1.28280e-14
       7495.85   1.29350e-14
       7500.73   1.29670e-14
       7505.62   1.34050e-14
       7510.50   1.35940e-14
       7515.39   1.38290e-14
       7520.27   1.38050e-14
       7525.16   1.36560e-14
       7530.04   1.35510e-14
       7534.93   1.39210e-14
       7539.81   1.44500e-14
       7544.70   1.49460e-14
       7549.58   1.51260e-14
       7554.47   1.52100e-14
       7559.35   1.50990e-14
       7564.24   1.51870e-14
       7569.12   1.49820e-14
       7574.01   1.50100e-14
       7578.89   1.52210e-14
       7583.78   1.51140e-14
       7588.66   1.46350e-14
       7593.55   1.16440e-14
       7598.43   9.77050e-15
       7603.32   9.41150e-15
       7608.20   9.27680e-15
       7613.09   9.62900e-15
       7617.97   1.02500e-14
       7622.86   1.01810e-14
       7627.74   9.52950e-15
       7632.63   7.82360e-15
       7637.51   6.74630e-15
       7642.40   6.34200e-15
       7647.28   5.94460e-15
       7652.17   5.38760e-15
       7657.05   4.45720e-15
       7661.94   3.50350e-15
       7666.82   2.61890e-15
       7671.71   2.40520e-15
       7676.59   2.70540e-15
       7681.48   3.18380e-15
       7686.36   3.52330e-15
       7691.25   3.57160e-15
       7696.13   3.28870e-15
       7701.02   2.74790e-15
       7705.90   2.66680e-15
       7710.79   3.35520e-15
       7715.67   4.16650e-15
       7720.56   5.05960e-15
       7725.44   5.73370e-15
       7730.33   6.37160e-15
       7735.21   6.95540e-15
       7740.10   7.20900e-15
       7744.98   7.28940e-15
       7749.87   6.76180e-15
       7754.76   6.09540e-15
       7759.64   6.12660e-15
       7764.53   6.38400e-15
       7769.41   6.48740e-15
       7774.30   7.08950e-15
       7779.18   7.20250e-15
       7784.07   7.28440e-15
       7788.95   7.04850e-15
       7793.84   7.17010e-15
       7798.72   7.39350e-15
       7803.61   7.32350e-15
       7808.49   8.27570e-15
       7813.38   9.06230e-15
       7818.26   9.25510e-15
       7823.15   9.37470e-15
       7828.03   8.76110e-15
       7832.92   8.37210e-15
       7837.80   8.25360e-15
       7842.69   8.58640e-15
       7847.57   8.77200e-15
       7852.46   9.07890e-15
       7857.34   9.37920e-15
       7862.23   9.62140e-15
       7867.12   9.51230e-15
       7872.00   9.47080e-15
       7876.89   9.62420e-15
       7881.77   1.00440e-14
       7886.66   1.07190e-14
       7891.54   1.09280e-14
       7896.43   1.13990e-14
       7901.31   1.11980e-14
       7906.20   1.07220e-14
       7911.08   1.04550e-14
       7915.97   9.93560e-15
       7920.85   1.00590e-14
       7925.74   1.03610e-14
       7930.62   1.05830e-14
       7935.51   1.11520e-14
       7940.39   1.16000e-14
       7945.28   1.10650e-14
       7950.16   1.08170e-14
       7955.05   1.08880e-14
       7959.93   1.18590e-14
       7964.82   1.20480e-14
       7969.70   1.22600e-14
       7974.59   1.29960e-14
       7979.47   1.28290e-14
       7984.36   1.26690e-14
       7989.25   1.24270e-14
       7994.13   1.22510e-14
       7999.02   1.26390e-14
       8003.90   1.30030e-14
       8008.79   1.37440e-14
       8013.67   1.44330e-14
       8018.56   1.49020e-14
       8023.44   1.54310e-14
       8028.33   1.57610e-14
       8033.21   1.63970e-14
       8038.10   1.67980e-14
       8042.98   1.70160e-14
       8047.87   1.75910e-14
       8052.75   1.81620e-14
       8057.64   1.88830e-14
       8062.52   1.95550e-14
       8067.41   1.98330e-14
       8072.29   2.01620e-14
       8077.18   2.07310e-14
       8082.06   2.11890e-14
       8086.95   2.15840e-14
       8091.83   2.21420e-14
       8096.72   2.23200e-14
       8101.60   2.25210e-14
       8106.49   2.21950e-14
       8111.37   2.26390e-14
       8116.26   2.35100e-14
       8121.14   2.37160e-14
       8126.03   2.44070e-14
       8130.91   2.48860e-14
       8135.80   2.53390e-14
       8140.68   2.54640e-14
       8145.57   2.53990e-14
       8150.45   2.52050e-14
       8155.34   2.54460e-14
       8160.22   2.55470e-14
       8165.11   2.54220e-14
       8169.99   2.54320e-14
       8174.88   2.51970e-14
       8179.76   2.39590e-14
       8184.65   2.14250e-14
       8189.53   1.81220e-14
       8194.42   1.80790e-14
       8199.30   1.71500e-14
       8204.19   1.79230e-14
       8209.07   2.00440e-14
       8213.96   2.13850e-14
       8218.84   2.26130e-14
       8223.73   2.33590e-14
       8228.61   2.43160e-14
       8233.50   2.49700e-14
       8238.38   2.54250e-14
       8243.27   2.57720e-14
       8248.15   2.58120e-14
       8253.04   2.57390e-14
       8257.92   2.53340e-14
       8262.81   2.48590e-14
       8267.69   2.54510e-14
       8272.58   2.52450e-14
       8277.46   2.47750e-14
       8282.35   2.44340e-14
       8287.23   2.42140e-14
       8292.12   2.32690e-14
       8297.00   2.27660e-14
       8301.88   2.40560e-14
       8306.77   2.20030e-14
       8311.65   2.18800e-14
       8316.54   2.23320e-14
       8321.42   2.29490e-14
       8326.31   2.33260e-14
       8331.19   2.32050e-14
       8336.08   2.29980e-14
       8340.96   2.28930e-14
       8345.85   2.28430e-14
       8350.73   2.28040e-14
       8355.62   2.27630e-14
       8360.50   2.30550e-14
       8365.39   2.31520e-14
       8370.27   2.28370e-14
       8375.15   2.34680e-14
       8380.04   2.27840e-14
       8384.92   2.23730e-14
       8389.81   2.17440e-14
       8394.69   2.12660e-14
       8399.58   2.19850e-14
       8404.46   2.26320e-14
       8409.35   2.29020e-14
       8414.23   2.35430e-14
       8419.12   2.33320e-14
       8424.00   2.28470e-14
       8428.88   2.18900e-14
       8433.77   2.11860e-14
       8438.65   1.90630e-14
       8443.54   1.74880e-14
       8448.42   1.64930e-14
       8453.31   1.53350e-14
       8458.19   1.45090e-14
       8463.07   1.36960e-14
       8467.96   1.36560e-14
       8472.84   1.33760e-14
       8477.73   1.35750e-14
       8482.61   1.42020e-14
       8487.50   1.48320e-14
       8492.38   1.51510e-14
       8497.26   1.54710e-14
       8502.15   1.52960e-14
       8507.03   1.51740e-14
       8511.92   1.47950e-14
       8516.80   1.46990e-14
       8521.69   1.44540e-14
       8526.57   1.43150e-14
       8531.45   1.51910e-14
       8536.34   1.59910e-14
       8541.22   1.64250e-14
       8546.11   1.69340e-14
       8550.99   1.72010e-14
       8555.87   1.83650e-14
       8560.76   1.84330e-14
       8565.64   1.83550e-14
       8570.53   1.86970e-14
       8575.41   1.89090e-14
       8580.29   1.91110e-14
       8585.18   1.91860e-14
       8590.06   1.94320e-14
       8594.95   2.00520e-14
       8599.83   2.03150e-14
       8604.71   2.04090e-14
       8609.60   2.04870e-14
       8614.48   2.04420e-14
       8619.37   1.96220e-14
       8624.25   1.95780e-14
       8629.13   1.93730e-14
       8634.02   1.93230e-14
       8638.90   1.95820e-14
       8643.78   1.97030e-14
       8648.67   2.01510e-14
       8653.55   2.01640e-14
       8658.44   2.04730e-14
       8663.32   2.09500e-14
       8668.20   2.08520e-14
       8673.09   2.14330e-14
       8677.97   2.13870e-14
       8682.85   2.12270e-14
       8687.74   2.11410e-14
       8692.62   2.05750e-14
       8697.50   1.93090e-14
       8702.39   1.87030e-14
       8707.27   1.93350e-14
       8712.15   1.91880e-14
       8717.04   1.88390e-14
       8721.92   1.87560e-14
       8726.80   1.94500e-14
       8731.69   2.01710e-14
       8736.57   2.06730e-14
       8741.46   2.10910e-14
       8746.34   2.15780e-14
       8751.22   2.20830e-14
       8756.11   2.21740e-14
       8760.99   2.28680e-14
       8765.87   2.37210e-14
       8770.75   2.35190e-14
       8775.64   2.47370e-14
       8780.52   2.55370e-14
       8785.40   2.49110e-14
       8790.29   2.52650e-14
       8795.17   2.55210e-14
       8800.05   2.57030e-14
       8804.94   2.54560e-14
       8809.82   2.47280e-14
       8814.70   2.61430e-14
       8819.59   2.71540e-14
       8824.47   2.71830e-14
       8829.35   2.66830e-14
       8834.23   2.68670e-14
       8839.12   2.78740e-14
       8844.00   2.82030e-14
       8848.88   2.77460e-14
       8853.77   2.67960e-14
       8858.65   2.75240e-14
       8863.53   2.51220e-14
       8868.42   2.32280e-14
       8873.30   2.27300e-14
       8878.18   2.12780e-14
       8883.06   2.23730e-14
       8887.95   2.22680e-14
       8892.83   2.26940e-14
       8897.71   2.32910e-14
       8902.59   2.29220e-14
       8907.48   2.44320e-14
       8912.36   2.49950e-14
       8917.24   2.48330e-14
       8922.12   2.56740e-14
       8927.01   2.58750e-14
       8931.89   2.54740e-14
       8936.77   2.65750e-14
       8941.65   2.56840e-14
       8946.54   2.42410e-14
       8951.42   2.46700e-14
       8956.30   2.54440e-14
       8961.18   2.57190e-14
       8966.07   2.63080e-14
       8970.95   2.63400e-14
       8975.83   2.71990e-14
       8980.71   2.76840e-14
       8985.59   2.79570e-14
       8990.48   2.86910e-14
       8995.36   2.90950e-14
       9000.24   2.85080e-14
       9005.12   2.87800e-14
       9010.00   2.94700e-14
       9014.89   2.95220e-14
       9019.77   2.95010e-14
       9024.65   2.87990e-14
       9029.53   2.80320e-14
       9034.41   2.81770e-14
       9039.30   2.93440e-14
       9044.18   2.96070e-14
       9049.06   2.99930e-14
       9053.94   3.02900e-14
       9058.82   2.95950e-14
       9063.71   2.93650e-14
       9068.59   2.97660e-14
       9073.47   2.93930e-14
       9078.35   3.00360e-14
       9083.23   3.08140e-14
       9088.11   3.11310e-14
       9093.00   3.07690e-14
       9097.88   3.14010e-14
       9102.76   3.21760e-14
       9107.64   3.25300e-14
       9112.52   3.26440e-14
       9117.40   3.32750e-14
       9122.28   3.32890e-14
       9127.17   3.34970e-14
       9132.05   3.36700e-14
       9136.93   3.45530e-14
       9141.81   3.40660e-14
       9146.69   3.39020e-14
       9151.57   3.47330e-14
       9156.45   3.53910e-14
       9161.33   3.58600e-14
       9166.21   3.57430e-14
       9171.10   3.54980e-14
       9175.98   3.52050e-14
       9180.86   3.50270e-14
       9185.74   3.52930e-14
       9190.62   3.60660e-14
       9195.50   3.65670e-14
       9200.38   3.65840e-14
       9205.26   3.64180e-14
       9210.14   3.54430e-14
       9215.02   3.44670e-14
       9219.91   3.40360e-14
       9224.79   3.43290e-14
       9229.67   3.41190e-14
       9234.55   3.36790e-14
       9239.43   3.35650e-14
       9244.31   3.28930e-14
       9249.19   3.31750e-14
       9254.07   3.25970e-14
       9258.95   3.27960e-14
       9263.83   3.37910e-14
       9268.71   3.38080e-14
       9273.59   3.38330e-14
       9278.47   3.33550e-14
       9283.35   3.26020e-14
       9288.23   3.25890e-14
       9293.11   3.28100e-14
       9297.99   3.25990e-14
       9302.87   3.23850e-14
       9307.75   3.20830e-14
       9312.63   3.21990e-14
       9317.51   3.22440e-14
       9322.39   3.21540e-14
       9327.27   3.24560e-14
       9332.15   3.27200e-14
       9337.03   3.25220e-14
       9341.91   3.23310e-14
       9346.79   3.24760e-14
       9351.67   3.23970e-14
       9356.55   3.22720e-14
       9361.43   3.27700e-14
       9366.31   3.29910e-14
       9371.19   3.32220e-14
       9376.07   3.26260e-14
       9380.95   3.29380e-14
       9385.83   3.29480e-14
       9390.71   3.31080e-14
       9395.59   3.34010e-14
       9400.47   3.34620e-14
       9405.35   3.34680e-14
       9410.23   3.41280e-14
       9415.11   3.42320e-14
       9419.99   3.36660e-14
       9424.87   3.34620e-14
       9429.75   3.39070e-14
       9434.63   3.43280e-14
       9439.51   3.46370e-14
       9444.38   3.47970e-14
       9449.26   3.44080e-14
       9454.14   3.49400e-14
       9459.02   3.45950e-14
       9463.90   3.48050e-14
       9468.78   3.49210e-14
       9473.66   3.55270e-14
       9478.54   3.57020e-14
       9483.42   3.73040e-14
       9488.30   3.68590e-14
       9493.17   3.69570e-14
       9498.05   3.72730e-14
       9502.93   3.69660e-14
       9507.81   3.67430e-14
       9512.69   3.70420e-14
       9517.57   3.71800e-14
       9522.45   3.68680e-14
       9527.33   3.73300e-14
       9532.20   3.80320e-14
       9537.08   3.80550e-14
       9541.96   3.76980e-14
       9546.84   3.77240e-14
       9551.72   3.77210e-14
       9556.60   3.73380e-14
       9561.47   3.83030e-14
       9566.35   3.91940e-14
       9571.23   3.83150e-14
       9576.11   3.80440e-14
       9580.99   3.76500e-14
       9585.87   3.74920e-14
       9590.74   3.70770e-14
       9595.62   3.63790e-14
       9600.50   3.61090e-14
       9605.38   3.58410e-14
       9610.25   3.66380e-14
       9615.13   3.75760e-14
       9620.01   3.73660e-14
       9624.89   3.65620e-14
       9629.77   3.68790e-14
       9634.64   3.65450e-14
       9639.52   3.59630e-14
       9644.40   3.44860e-14
       9649.28   3.50520e-14
       9654.15   3.58360e-14
       9659.03   3.64950e-14
       9663.91   3.72020e-14
       9668.79   3.80080e-14
       9673.66   3.81170e-14
       9678.54   3.68820e-14
       9683.42   3.62460e-14
       9688.30   3.70330e-14
       9693.17   3.72520e-14
       9698.05   3.83230e-14
       9702.93   3.89550e-14
       9707.80   3.84580e-14
       9712.68   3.74450e-14
       9717.56   3.87050e-14
       9722.43   3.85290e-14
       9727.31   3.80640e-14
       9732.19   3.72190e-14
       9737.07   3.73350e-14
       9741.94   3.71800e-14
       9746.82   3.67810e-14
       9751.70   3.66580e-14
       9756.57   3.78620e-14
       9761.45   3.82260e-14
       9766.33   3.85380e-14
       9771.20   3.86300e-14
       9776.08   3.83940e-14
       9780.95   3.85130e-14
       9785.83   3.79210e-14
       9790.71   3.74020e-14
       9795.58   3.74120e-14
       9800.46   3.92350e-14
       9805.33   3.98670e-14
       9810.21   3.94700e-14
       9815.09   3.97970e-14
       9819.96   3.92450e-14
       9824.84   3.91060e-14
       9829.72   4.00160e-14
       9834.59   3.93870e-14
       9839.47   3.88190e-14
       9844.34   3.91430e-14
       9849.22   3.94920e-14
       9854.09   4.01880e-14
       9858.97   4.01030e-14
       9863.85   3.96560e-14
       9868.72   3.97810e-14
       9873.60   3.88970e-14
       9878.47   3.96120e-14
       9883.35   3.98690e-14
       9888.22   3.93390e-14
       9893.10   3.87020e-14
       9897.97   3.70700e-14
       9902.85   3.41380e-14
       9907.72   3.02660e-14
       9912.60   2.84760e-14
       9917.47   2.73120e-14
       9922.35   2.70480e-14
       9927.22   2.70790e-14
       9932.10   2.77440e-14
       9936.97   2.89660e-14
       9941.85   2.99890e-14
       9946.72   3.16100e-14
       9951.60   3.19120e-14
       9956.47   3.29880e-14
       9961.35   3.29230e-14
       9966.22   3.30150e-14
       9971.10   3.27890e-14
       9975.97   3.18560e-14
       9980.85   3.16910e-14
       9985.72   3.29820e-14
       9990.59   3.21490e-14
       9995.47   3.24250e-14
       10000.3   3.23070e-14
       10005.2   3.36460e-14
       10010.1   3.42630e-14
       10015.0   3.43310e-14
       10019.8   3.46300e-14
       10024.7   3.47620e-14
       10029.6   3.47840e-14
       10034.5   3.48420e-14
       10039.3   3.43230e-14
       10044.2   3.41820e-14
       10049.1   3.39690e-14
       10054.0   3.39460e-14
       10058.8   3.34500e-14
       10063.7   3.32850e-14
       10068.6   3.36820e-14
       10073.5   3.53060e-14
       10078.3   3.53330e-14
       10083.2   3.62040e-14
       10088.1   3.62970e-14
       10092.9   3.66870e-14
       10097.8   3.69750e-14
       10102.7   3.82270e-14
       10107.6   3.86120e-14
       10112.4   3.78150e-14
       10117.3   3.68420e-14
       10122.2   3.69980e-14
       10127.1   3.76360e-14
       10131.9   3.87990e-14
       10136.8   3.79600e-14
       10141.7   3.70220e-14
       10146.5   3.68680e-14
       10170.2   3.63200e-14
       10198.3   3.64180e-14
       10226.5   3.64220e-14
       10254.6   3.62950e-14
       10282.7   3.62870e-14
       10310.9   3.63960e-14
       10339.0   3.67070e-14
       10367.2   3.74830e-14
       10395.3   3.82690e-14
       10423.4   3.88020e-14
       10451.6   3.92610e-14
       10479.7   3.96980e-14
       10507.8   3.98250e-14
       10536.0   3.96360e-14
       10564.1   3.95620e-14
       10592.2   3.96820e-14
       10620.4   4.03170e-14
       10648.5   4.06050e-14
       10676.6   4.05110e-14
       10704.8   4.06950e-14
       10732.9   4.07330e-14
       10761.0   4.11040e-14
       10789.2   4.16610e-14
       10817.3   4.24250e-14
       10845.5   4.32010e-14
       10873.6   4.32580e-14
       10901.7   4.32480e-14
       10929.9   4.31430e-14
       10958.0   4.26590e-14
       10986.1   4.25290e-14
       11014.3   4.22020e-14
       11042.4   4.18330e-14
       11070.5   4.16270e-14
       11098.7   4.14140e-14
       11126.8   4.15470e-14
       11154.9   4.14430e-14
       11183.1   4.10680e-14
       11211.2   4.08100e-14
       11239.4   4.05600e-14
       11267.5   4.07650e-14
       11295.6   4.08050e-14
       11323.8   4.02740e-14
       11351.9   3.91800e-14
       11380.0   3.71300e-14
       11408.2   3.55630e-14
       11436.3   3.57350e-14
       11464.4   3.71180e-14
       11492.6   3.91690e-14
       11520.7   4.09100e-14
       11548.8   4.17970e-14
       11577.0   4.21980e-14
       11605.1   4.18400e-14
       11633.3   4.11010e-14
       11661.4   4.05400e-14
       11689.5   3.97310e-14
       11715.1   3.91930e-14
       11755.1   3.85740e-14
       11795.1   3.85740e-14
       11835.1   3.87520e-14
       11875.1   3.88380e-14
       11915.0   3.86770e-14
       11955.0   3.80130e-14
       11995.0   3.74980e-14
       12035.0   3.75740e-14
       12075.0   3.79550e-14
       12115.0   3.85400e-14
       12154.9   3.90740e-14
       12194.9   3.95530e-14
       12234.9   3.98440e-14
       12274.9   3.98270e-14
       12314.9   3.96190e-14
       12354.8   3.89010e-14
       12394.8   3.80810e-14
       12434.8   3.74630e-14
       12474.8   3.71140e-14
       12514.8   3.74600e-14
       12554.8   3.81060e-14
       12594.7   3.89500e-14
       12634.7   3.95300e-14
       12674.7   3.95980e-14
       12714.7   3.97130e-14
       12754.7   3.99600e-14
       12794.7   4.02860e-14
       12834.6   4.00520e-14
       12874.6   3.97480e-14
       12914.6   3.98020e-14
       12954.6   3.96200e-14
       12994.6   3.95330e-14
       13034.6   3.94410e-14
       13074.5   3.92230e-14
       13114.5   3.88890e-14
       13154.5   3.86290e-14
       13194.5   3.83710e-14
       13234.5   3.77060e-14
       13274.4   3.65500e-14
       13314.4   3.43780e-14
       13354.4   3.21100e-14
       13394.4   3.04020e-14
       13434.4   2.91580e-14
       13474.4   2.83280e-14
       13514.3   2.75920e-14
       13554.3   2.71860e-14
       13594.3   2.70410e-14
       13634.3   2.72470e-14
       13674.3   2.73560e-14
       13714.3   2.71560e-14
       13754.2   2.70260e-14
       13794.2   2.71870e-14
       13834.2   2.73140e-14
       13874.2   2.70470e-14
       13914.2   2.65490e-14
       13954.2   2.59700e-14
       13994.1   2.54450e-14
       14034.1   2.50180e-14
       14074.1   2.46790e-14
       14114.1   2.43380e-14
       14154.1   2.40420e-14
       14194.0   2.37670e-14
       14234.0   2.35890e-14
       14274.0   2.34720e-14
       14314.0   2.34220e-14
       14354.0   2.35570e-14
       14394.0   2.37460e-14
       14433.9   2.38930e-14
       14473.9   2.40040e-14
       14513.9   2.41770e-14
       14553.9   2.42410e-14
       14593.9   2.41230e-14
       14633.9   2.39270e-14
       14673.8   2.37930e-14
       14713.8   2.36990e-14
       14753.8   2.35450e-14
       14793.8   2.34620e-14
       14833.8   2.35280e-14
       14873.8   2.36740e-14
       14913.7   2.38210e-14
       14953.7   2.39430e-14
       14993.7   2.40610e-14
       15033.7   2.42470e-14
       15073.7   2.44580e-14
       15113.6   2.44990e-14
       15153.6   2.45150e-14
       15193.6   2.46130e-14
       15233.6   2.48910e-14
       15273.6   2.51340e-14
       15313.6   2.51600e-14
       15353.5   2.52460e-14
       15393.5   2.53910e-14
       15433.5   2.55530e-14
       15473.5   2.55970e-14
       15513.5   2.56310e-14
       15553.5   2.57630e-14
       15593.4   2.59680e-14
       15633.4   2.60360e-14
       15673.4   2.60350e-14
       15713.4   2.61580e-14
       15753.4   2.63200e-14
       15793.4   2.62850e-14
       15833.3   2.60870e-14
       15873.3   2.60670e-14
       15913.3   2.60890e-14
       15953.3   2.62020e-14
       15993.3   2.63130e-14
       16033.2   2.63350e-14
       16073.2   2.63420e-14
       16113.2   2.62650e-14
       16153.2   2.61860e-14
       16193.2   2.60910e-14
       16233.2   2.59960e-14
       16273.1   2.59330e-14
       16313.1   2.59840e-14
       16353.1   2.60680e-14
       16393.1   2.61990e-14
       16433.1   2.63950e-14
       16473.1   2.65580e-14
       16513.0   2.65490e-14
       16553.0   2.65200e-14
       16593.0   2.65250e-14
       16633.0   2.64430e-14
       16673.0   2.63240e-14
       16713.0   2.62980e-14
       16752.9   2.63280e-14
       16792.9   2.62550e-14
       16832.9   2.61360e-14
       16872.9   2.60070e-14
       16912.9   2.59000e-14
       16952.8   2.57800e-14
       16992.8   2.56010e-14
       17032.8   2.53690e-14
       17072.8   2.50250e-14
       17112.8   2.45930e-14
       17152.8   2.41510e-14
       17192.7   2.37370e-14
       17232.7   2.33680e-14
       17272.7   2.30350e-14
       17312.7   2.26310e-14
       17352.7   2.22210e-14
       17392.7   2.18430e-14
       17432.6   2.15310e-14
       17472.6   2.12000e-14
       17512.6   2.07990e-14
       17552.6   2.03900e-14
       17592.6   2.00150e-14
       17632.6   1.96740e-14
       17672.5   1.92790e-14
       17712.5   1.88940e-14
       17752.5   1.85340e-14
       17792.5   1.82210e-14
       17832.5   1.78930e-14
       17872.4   1.75960e-14
       17912.4   1.73360e-14
       17952.4   1.70900e-14
       17992.4   1.68260e-14
       18032.4   1.65840e-14
       18072.4   1.64090e-14
       18112.3   1.62470e-14
       18152.3   1.61230e-14
       18192.3   1.59310e-14
       18232.3   1.58120e-14
       18272.3   1.56980e-14
       18312.3   1.56000e-14
       18352.2   1.54160e-14
       18392.2   1.51180e-14
       18432.2   1.47270e-14
       18472.2   1.43370e-14
       18512.2   1.41530e-14
       18552.2   1.39150e-14
       18592.1   1.38140e-14
       18632.1   1.37810e-14
       18672.1   1.39520e-14
       18712.1   1.39810e-14
       18752.1   1.40570e-14
       18792.1   1.41210e-14
       18832.0   1.41870e-14
       18872.0   1.42120e-14
       18896.7   1.43520e-14
       18954.0   1.44200e-14
       19011.4   1.44320e-14
       19068.8   1.44330e-14
       19126.1   1.43450e-14
       19183.5   1.42400e-14
       19240.8   1.40840e-14
       19298.2   1.38570e-14
       19355.6   1.36630e-14
       19412.9   1.34150e-14
       19470.3   1.33090e-14
       19527.7   1.33420e-14
       19585.0   1.33810e-14
       19642.4   1.32330e-14
       19699.8   1.29200e-14
       19757.1   1.26310e-14
       19814.5   1.24110e-14
       19871.8   1.24370e-14
       19929.2   1.25150e-14
       19986.6   1.25540e-14
       20043.9   1.25500e-14
       20101.3   1.25240e-14
       20158.7   1.25220e-14
       20216.0   1.24880e-14
       20273.4   1.24830e-14
       20330.7   1.24800e-14
       20388.1   1.24880e-14
       20445.5   1.25150e-14
       20502.8   1.25380e-14
       20560.2   1.25590e-14
       20617.6   1.25620e-14
       20674.9   1.25910e-14
       20732.3   1.26160e-14
       20789.7   1.26350e-14
       20847.0   1.26720e-14
       20904.4   1.27070e-14
       20961.7   1.27840e-14
       21019.1   1.28330e-14
       21076.5   1.28940e-14
       21133.8   1.29490e-14
       21191.2   1.29870e-14
       21248.6   1.30590e-14
       21305.9   1.31150e-14
       21363.3   1.32250e-14
       21420.7   1.32760e-14
       21478.0   1.33450e-14
       21535.4   1.33840e-14
       21592.7   1.34050e-14
       21650.1   1.34480e-14
       21707.5   1.34150e-14
       21764.8   1.34100e-14
       21822.2   1.33580e-14
       21879.6   1.33190e-14
       21936.9   1.32610e-14
       21994.3   1.31530e-14
       22051.6   1.30640e-14
       22109.0   1.30260e-14
       22166.4   1.30920e-14
       22223.7   1.31610e-14
       22281.1   1.32200e-14
       22338.5   1.32340e-14
       22395.8   1.32220e-14
       22453.2   1.31810e-14
       22510.6   1.30910e-14
       22567.9   1.30020e-14
       22625.3   1.29010e-14
       22682.6   1.27930e-14
       22740.0   1.26550e-14
       22797.4   1.25520e-14
       22854.7   1.23470e-14
       22912.1   1.20520e-14
       22969.5   1.17330e-14
       23026.8   1.14760e-14
       23084.2   1.13410e-14
       23141.6   1.11530e-14
       23198.9   1.09300e-14
       23256.3   1.06790e-14
       23313.6   1.05210e-14
       23371.0   1.03960e-14
       23428.4   1.03000e-14
       23485.7   1.01630e-14
       23543.1   9.96140e-15
       23600.5   9.79940e-15
       23657.8   9.71280e-15
       23715.2   9.66430e-15
       23772.5   9.52590e-15
       23829.9   9.37840e-15
       23887.3   9.20910e-15
       23944.6   9.04730e-15
       24002.0   8.88870e-15
       24059.4   8.70200e-15
       24116.7   8.48870e-15
       24174.1   8.28120e-15
       24231.5   8.10560e-15
       24288.8   7.94540e-15
       24346.2   7.77790e-15
       24403.5   7.59650e-15
       24460.9   7.43040e-15
       24518.3   7.26000e-15
       24575.6   7.07570e-15
       24633.0   6.93190e-15
       24690.4   6.79300e-15
       24747.7   6.63600e-15
       24805.1   6.45860e-15
       24862.5   6.36270e-15
       24919.8   6.17230e-15
       24977.2   6.02100e-15
