0.809775  1.688430E-14
0.809977  1.700400E-14
0.810179  1.682690E-14
0.810381  1.672820E-14
0.810583  1.682230E-14
0.810785  1.667730E-14
0.810987  1.683880E-14
0.811189  1.678590E-14
0.811391  1.693920E-14
0.811593  1.704990E-14
0.811795  1.705300E-14
0.811997  1.699400E-14
0.812199  1.698700E-14
0.812401  1.718550E-14
0.812604  1.709810E-14
0.812806  1.698530E-14
0.813008  1.702770E-14
0.813121  1.698580E-14
0.813354  1.695940E-14
0.813588  1.684540E-14
0.813821  1.699540E-14
0.814055  1.713370E-14
0.814288  1.712920E-14
0.814522  1.718770E-14
0.814755  1.705060E-14
0.814988  1.701960E-14
0.815222  1.706710E-14
0.815455  1.732210E-14
0.815689  1.731560E-14
0.815922  1.734770E-14
0.816155  1.734980E-14
0.816389  1.725450E-14
0.816622  1.714900E-14
0.816855  1.753340E-14
0.817089  1.736070E-14
0.817322  1.749680E-14
0.817555  1.752650E-14
0.817788  1.747470E-14
0.818022  1.738380E-14
0.818255  1.748180E-14
0.818488  1.753500E-14
0.818722  1.722160E-14
0.818955  1.730130E-14
0.819188  1.716530E-14
0.819421  1.730510E-14
0.819655  1.706180E-14
0.819888  1.740340E-14
0.820121  1.718510E-14
0.820354  1.732600E-14
0.820587  1.706480E-14
0.820821  1.709580E-14
0.821054  1.699320E-14
0.821287  1.713600E-14
0.82152  1.676720E-14
0.821753  1.690750E-14
0.821986  1.682830E-14
0.82222  1.693090E-14
0.822453  1.697390E-14
0.822686  1.703630E-14
0.822919  1.689760E-14
0.823152  1.667480E-14
0.823385  1.678900E-14
0.823618  1.681640E-14
0.823852  1.653480E-14
0.824085  1.678190E-14
0.824318  1.660380E-14
0.824551  1.655160E-14
0.824784  1.661940E-14
0.825017  1.652330E-14
0.82525  1.644970E-14
0.825483  1.653310E-14
0.825716  1.664380E-14
0.825949  1.655290E-14
0.826182  1.641000E-14
0.826415  1.657080E-14
0.826648  1.635490E-14
0.826881  1.633390E-14
0.827114  1.637620E-14
0.827347  1.645520E-14
0.82758  1.643120E-14
0.827813  1.639660E-14
0.828046  1.642410E-14
0.828279  1.642830E-14
0.828512  1.632710E-14
0.828745  1.654520E-14
0.828978  1.639020E-14
0.829211  1.617660E-14
0.829444  1.647550E-14
0.829676  1.628220E-14
0.829909  1.632950E-14
0.830142  1.631810E-14
0.830375  1.602210E-14
0.830608  1.638690E-14
0.830841  1.606400E-14
0.831074  1.622210E-14
0.831307  1.628190E-14
0.831539  1.642780E-14
0.831772  1.607040E-14
0.832005  1.607790E-14
0.832238  1.593010E-14
0.832471  1.619850E-14
0.832703  1.621240E-14
0.832936  1.609320E-14
0.833169  1.600290E-14
0.833402  1.594040E-14
0.833635  1.600070E-14
0.833867  1.609390E-14
0.8341  1.594850E-14
0.834333  1.619680E-14
0.834566  1.634680E-14
0.834798  1.628350E-14
0.835031  1.610110E-14
0.835264  1.599660E-14
0.835497  1.601090E-14
0.835729  1.620350E-14
0.835962  1.609810E-14
0.836195  1.611280E-14
0.836427  1.612450E-14
0.83666  1.601570E-14
0.836893  1.615000E-14
0.837126  1.600230E-14
0.837358  1.600350E-14
0.837591  1.612670E-14
0.837824  1.610280E-14
0.838056  1.607160E-14
0.838289  1.614670E-14
0.838521  1.603180E-14
0.838754  1.601220E-14
0.838987  1.603240E-14
0.839219  1.589850E-14
0.839452  1.604360E-14
0.839684  1.600590E-14
0.839917  1.595200E-14
0.84015  1.602310E-14
0.840382  1.589410E-14
0.840615  1.607130E-14
0.840847  1.593240E-14
0.84108  1.577680E-14
0.841312  1.599550E-14
0.841545  1.583750E-14
0.841778  1.575470E-14
0.84201  1.584810E-14
0.842243  1.592890E-14
0.842475  1.594020E-14
0.842708  1.592040E-14
0.84294  1.588100E-14
0.843173  1.592260E-14
0.843405  1.596680E-14
0.843638  1.595580E-14
0.84387  1.585010E-14
0.844103  1.604660E-14
0.844335  1.602880E-14
0.844567  1.608090E-14
0.8448  1.642730E-14
0.845032  1.626810E-14
0.845265  1.631490E-14
0.845497  1.625360E-14
0.84573  1.626500E-14
0.845962  1.639540E-14
0.846194  1.623290E-14
0.846427  1.634110E-14
0.846659  1.641540E-14
0.846892  1.651810E-14
0.847124  1.631830E-14
0.847356  1.651490E-14
0.847589  1.638660E-14
0.847821  1.655200E-14
0.848053  1.636490E-14
0.848286  1.637110E-14
0.848518  1.639140E-14
0.84875  1.631130E-14
0.848983  1.620260E-14
0.849215  1.628540E-14
0.849447  1.605820E-14
0.84968  1.622160E-14
0.849912  1.603080E-14
0.850144  1.591550E-14
0.850377  1.602340E-14
0.850609  1.595890E-14
0.850841  1.571890E-14
0.851073  1.577590E-14
0.851306  1.587360E-14
0.851538  1.558260E-14
0.85177  1.576270E-14
0.852002  1.589480E-14
0.852235  1.556010E-14
0.852467  1.575690E-14
0.852699  1.578950E-14
0.852931  1.567450E-14
0.853164  1.586600E-14
0.853396  1.565290E-14
0.853628  1.554720E-14
0.85386  1.573540E-14
0.854092  1.541780E-14
0.854324  1.531070E-14
0.854557  1.542650E-14
0.854789  1.523200E-14
0.855021  1.520000E-14
0.855253  1.545280E-14
0.855485  1.544150E-14
0.855717  1.558960E-14
0.85595  1.538610E-14
0.856182  1.551220E-14
0.856414  1.550580E-14
0.856646  1.550440E-14
0.856878  1.536790E-14
0.85711  1.537310E-14
0.857342  1.545310E-14
0.857574  1.542430E-14
0.857806  1.540050E-14
0.858039  1.550550E-14
0.858271  1.548480E-14
0.858503  1.546280E-14
0.858735  1.570180E-14
0.858967  1.576490E-14
0.859199  1.549920E-14
0.859431  1.559130E-14
0.859663  1.557130E-14
0.859895  1.542220E-14
0.860127  1.553480E-14
0.860359  1.566000E-14
0.860591  1.564120E-14
0.860823  1.563460E-14
0.861055  1.577490E-14
0.861287  1.549030E-14
0.861519  1.576880E-14
0.861751  1.560330E-14
0.861983  1.568080E-14
0.862215  1.551480E-14
0.862447  1.542810E-14
0.862679  1.541450E-14
0.862911  1.552520E-14
0.863143  1.546960E-14
0.863375  1.552720E-14
0.863607  1.536950E-14
0.863839  1.548240E-14
0.864071  1.546550E-14
0.864302  1.561310E-14
0.864534  1.558460E-14
0.864766  1.572930E-14
0.864998  1.565500E-14
0.86523  1.567490E-14
0.865462  1.574100E-14
0.865694  1.573810E-14
0.865926  1.579680E-14
0.866158  1.573630E-14
0.866389  1.574710E-14
0.866621  1.554080E-14
0.866853  1.547430E-14
0.867085  1.556140E-14
0.867317  1.575000E-14
0.867549  1.583550E-14
0.867781  1.588120E-14
0.868012  1.576850E-14
0.868244  1.574180E-14
0.868476  1.570570E-14
0.868708  1.584250E-14
0.86894  1.566140E-14
0.869171  1.546860E-14
0.869403  1.535810E-14
0.869635  1.541350E-14
0.869867  1.538610E-14
0.870099  1.527490E-14
0.87033  1.532210E-14
0.870562  1.522200E-14
0.870794  1.545180E-14
0.871026  1.526890E-14
0.871257  1.526390E-14
0.871489  1.535990E-14
0.871721  1.531040E-14
0.871953  1.524730E-14
0.872184  1.526620E-14
0.872416  1.520530E-14
0.872648  1.523670E-14
0.87288  1.527440E-14
0.873111  1.526570E-14
0.873343  1.534110E-14
0.873575  1.531170E-14
0.873806  1.514620E-14
0.874038  1.527220E-14
0.87427  1.515550E-14
0.874501  1.511520E-14
0.874733  1.491390E-14
0.874965  1.498760E-14
0.875196  1.489400E-14
0.875428  1.505760E-14
0.87566  1.502660E-14
0.875891  1.514400E-14
0.876123  1.516000E-14
0.876355  1.499790E-14
0.876586  1.503980E-14
0.876818  1.526600E-14
0.877049  1.501480E-14
0.877281  1.487860E-14
0.877513  1.489740E-14
0.877744  1.475400E-14
0.877976  1.475720E-14
0.878207  1.487070E-14
0.878439  1.476670E-14
0.878671  1.479000E-14
0.878902  1.462290E-14
0.879134  1.448730E-14
0.879365  1.460110E-14
0.879597  1.458620E-14
0.879828  1.453770E-14
0.88006  1.465920E-14
0.880292  1.471040E-14
0.880523  1.465250E-14
0.880755  1.460570E-14
0.880986  1.446750E-14
0.881218  1.448180E-14
0.881449  1.457990E-14
0.881681  1.453730E-14
0.881912  1.456350E-14
0.882144  1.459960E-14
0.882375  1.462580E-14
0.882607  1.458280E-14
0.882838  1.444350E-14
0.88307  1.460630E-14
0.883301  1.464130E-14
0.883533  1.457920E-14
0.883764  1.445460E-14
0.883996  1.452630E-14
0.884227  1.458240E-14
0.884459  1.474410E-14
0.88469  1.461190E-14
0.884921  1.473230E-14
0.885153  1.461870E-14
0.885384  1.488400E-14
0.885616  1.464150E-14
0.885847  1.472120E-14
0.886079  1.477140E-14
0.88631  1.482250E-14
0.886541  1.468850E-14
0.886773  1.478030E-14
0.887004  1.470040E-14
0.887236  1.491030E-14
0.887467  1.490380E-14
0.887698  1.480290E-14
0.88793  1.477690E-14
0.888161  1.470410E-14
0.888393  1.470440E-14
0.888624  1.476440E-14
0.888855  1.467850E-14
0.889087  1.464770E-14
0.889318  1.461540E-14
0.889549  1.452760E-14
0.889781  1.471540E-14
0.890012  1.462330E-14
0.890243  1.451030E-14
0.890475  1.451540E-14
0.890706  1.453110E-14
0.890937  1.459790E-14
0.891169  1.450990E-14
0.8914  1.455840E-14
0.891631  1.444010E-14
0.891863  1.454280E-14
0.892094  1.446800E-14
0.892325  1.450740E-14
0.892557  1.462070E-14
0.892788  1.442990E-14
0.893019  1.441900E-14
0.89325  1.452790E-14
0.893482  1.462040E-14
0.893713  1.446600E-14
0.893944  1.436030E-14
0.894175  1.444750E-14
0.894407  1.451110E-14
0.894638  1.432030E-14
0.894869  1.443180E-14
0.8951  1.446770E-14
0.895332  1.432150E-14
0.895563  1.438410E-14
0.895794  1.436390E-14
0.896025  1.437930E-14
0.896257  1.446100E-14
0.896488  1.441860E-14
0.896719  1.439380E-14
0.89695  1.438940E-14
0.897182  1.435800E-14
0.897413  1.456540E-14
0.897644  1.457470E-14
0.897875  1.440030E-14
0.898106  1.448890E-14
0.898337  1.450890E-14
0.898569  1.457540E-14
0.8988  1.444810E-14
0.899031  1.460780E-14
0.899262  1.458890E-14
0.899493  1.450930E-14
0.899724  1.461890E-14
0.899956  1.456050E-14
0.900187  1.465020E-14
0.900418  1.467440E-14
0.900649  1.460020E-14
0.90088  1.474740E-14
0.901111  1.441020E-14
0.901343  1.442170E-14
0.901574  1.447960E-14
0.901805  1.462450E-14
0.902036  1.462300E-14
0.902267  1.447490E-14
0.902498  1.469450E-14
0.902729  1.462700E-14
0.90296  1.451080E-14
0.903191  1.458330E-14
0.903422  1.457460E-14
0.903654  1.451430E-14
0.903885  1.453450E-14
0.904116  1.446400E-14
0.904347  1.435760E-14
0.904578  1.439080E-14
0.904809  1.424470E-14
0.90504  1.425200E-14
0.905271  1.422130E-14
0.905502  1.426620E-14
0.905733  1.414240E-14
0.905964  1.424110E-14
0.906195  1.432240E-14
0.906426  1.419450E-14
0.906657  1.416420E-14
0.906888  1.407390E-14
0.90712  1.409080E-14
0.907351  1.407160E-14
0.907582  1.406930E-14
0.907813  1.411670E-14
0.908044  1.420760E-14
0.908275  1.414800E-14
0.908506  1.397920E-14
0.908737  1.395530E-14
0.908968  1.390700E-14
0.909199  1.411910E-14
0.90943  1.418730E-14
0.909661  1.401010E-14
0.909892  1.409850E-14
0.910123  1.393670E-14
0.910354  1.397130E-14
0.910585  1.413260E-14
0.910816  1.424090E-14
0.911047  1.415850E-14
0.911277  1.406860E-14
0.911508  1.397150E-14
0.911739  1.405090E-14
0.91197  1.409520E-14
0.912201  1.403040E-14
0.912432  1.397620E-14
0.912663  1.398720E-14
0.912894  1.406470E-14
0.913125  1.396580E-14
0.913356  1.392750E-14
0.913587  1.388850E-14
0.913818  1.396690E-14
0.914049  1.400430E-14
0.91428  1.397690E-14
0.914511  1.398790E-14
0.914742  1.380480E-14
0.914972  1.397010E-14
0.915203  1.391390E-14
0.915434  1.379930E-14
0.915665  1.395580E-14
0.915896  1.384170E-14
0.916127  1.378360E-14
0.916358  1.383070E-14
0.916589  1.395120E-14
0.91682  1.375460E-14
0.91705  1.380920E-14
0.917281  1.370630E-14
0.917512  1.373500E-14
0.917743  1.383360E-14
0.917974  1.379170E-14
0.918205  1.366270E-14
0.918436  1.365990E-14
0.918667  1.368380E-14
0.918897  1.359480E-14
0.919128  1.362190E-14
0.919359  1.342820E-14
0.91959  1.367850E-14
0.919821  1.360440E-14
0.920052  1.367390E-14
0.920282  1.364570E-14
0.920513  1.363860E-14
0.920744  1.366210E-14
0.920975  1.348250E-14
0.921206  1.358960E-14
0.921437  1.352250E-14
0.921667  1.356330E-14
0.921898  1.371110E-14
0.922129  1.361450E-14
0.92236  1.363140E-14
0.922591  1.349530E-14
0.922821  1.333780E-14
0.923052  1.334090E-14
0.923283  1.353870E-14
0.923514  1.361020E-14
0.923745  1.363750E-14
0.923975  1.371610E-14
0.924206  1.358010E-14
0.924437  1.358720E-14
0.924668  1.360020E-14
0.924899  1.363050E-14
0.925129  1.342710E-14
0.92536  1.371590E-14
0.925591  1.354200E-14
0.925822  1.348100E-14
0.926052  1.369530E-14
0.926283  1.359100E-14
0.926514  1.345620E-14
0.926745  1.337160E-14
0.926975  1.340200E-14
0.927206  1.327100E-14
0.927437  1.344340E-14
0.927668  1.342060E-14
0.927898  1.332260E-14
0.928129  1.318730E-14
0.92836  1.323460E-14
0.928591  1.317460E-14
0.928821  1.317290E-14
0.929052  1.300890E-14
0.929283  1.311250E-14
0.929513  1.316290E-14
0.929744  1.306100E-14
0.929975  1.316550E-14
0.930206  1.326290E-14
0.930436  1.306170E-14
0.930667  1.297150E-14
0.930898  1.306920E-14
0.931128  1.286080E-14
0.931359  1.306070E-14
0.93159  1.296880E-14
0.93182  1.303690E-14
0.932051  1.281340E-14
0.932282  1.275550E-14
0.932513  1.299230E-14
0.932743  1.299580E-14
0.932974  1.292530E-14
0.933205  1.267630E-14
0.933435  1.297090E-14
0.933666  1.303140E-14
0.933897  1.289230E-14
0.934127  1.267950E-14
0.934358  1.287680E-14
0.934589  1.274610E-14
0.934819  1.293620E-14
0.93505  1.282330E-14
0.935281  1.305960E-14
0.935511  1.294380E-14
0.935742  1.276500E-14
0.935972  1.272630E-14
0.936203  1.283680E-14
0.936434  1.291510E-14
0.936664  1.282880E-14
0.936895  1.291830E-14
0.937126  1.301320E-14
0.937356  1.290540E-14
0.937587  1.298560E-14
0.937818  1.281320E-14
0.938048  1.296730E-14
0.938279  1.275610E-14
0.938509  1.291720E-14
0.93874  1.294210E-14
0.938971  1.313780E-14
0.939201  1.307850E-14
0.939221  1.307550E-14
0.939492  1.296580E-14
0.939764  1.303120E-14
0.940035  1.277640E-14
0.940306  1.292680E-14
0.940578  1.275360E-14
0.940849  1.280730E-14
0.941121  1.278760E-14
0.941392  1.265460E-14
0.941664  1.289430E-14
0.941935  1.299140E-14
0.942206  1.296700E-14
0.942478  1.278430E-14
0.942749  1.300950E-14
0.943021  1.290800E-14
0.943292  1.286240E-14
0.943563  1.290690E-14
0.943835  1.301000E-14
0.944106  1.291080E-14
0.944377  1.281790E-14
0.944649  1.273440E-14
0.94492  1.281480E-14
0.945191  1.282640E-14
0.945463  1.284040E-14
0.945734  1.292000E-14
0.946005  1.285340E-14
0.946276  1.284510E-14
0.946548  1.287080E-14
0.946819  1.296080E-14
0.94709  1.299420E-14
0.947362  1.294340E-14
0.947633  1.287160E-14
0.947904  1.289700E-14
0.948175  1.299260E-14
0.948447  1.300370E-14
0.948718  1.289530E-14
0.948989  1.305180E-14
0.94926  1.298060E-14
0.949531  1.288560E-14
0.949803  1.309910E-14
0.950074  1.297320E-14
0.950345  1.307480E-14
0.950616  1.301130E-14
0.950887  1.317510E-14
0.951159  1.316520E-14
0.95143  1.307240E-14
0.951701  1.311120E-14
0.951972  1.312990E-14
0.952243  1.323980E-14
0.952514  1.321180E-14
0.952785  1.326500E-14
0.953057  1.320050E-14
0.953328  1.314670E-14
0.953599  1.313590E-14
0.95387  1.317780E-14
0.954141  1.307120E-14
0.954412  1.310360E-14
0.954683  1.327000E-14
0.954954  1.315470E-14
0.955225  1.328000E-14
0.955496  1.328040E-14
0.955768  1.318000E-14
0.956039  1.313570E-14
0.95631  1.318470E-14
0.956581  1.326220E-14
0.956852  1.323750E-14
0.957123  1.313760E-14
0.957394  1.319340E-14
0.957665  1.314740E-14
0.957936  1.315070E-14
0.958207  1.310520E-14
0.958478  1.308410E-14
0.958749  1.298320E-14
0.95902  1.310440E-14
0.959291  1.296460E-14
0.959562  1.277410E-14
0.959833  1.281760E-14
0.960104  1.291760E-14
0.960375  1.287810E-14
0.960646  1.295170E-14
0.960917  1.284690E-14
0.961187  1.280090E-14
0.961458  1.294470E-14
0.961729  1.279130E-14
0.962  1.292810E-14
0.962271  1.279490E-14
0.962542  1.268720E-14
0.962813  1.272080E-14
0.963084  1.281890E-14
0.963355  1.284220E-14
0.963626  1.264700E-14
0.963897  1.269620E-14
0.964167  1.266230E-14
0.964438  1.265110E-14
0.964709  1.271790E-14
0.96498  1.255370E-14
0.965251  1.255720E-14
0.965522  1.254950E-14
0.965792  1.249420E-14
0.966063  1.259680E-14
0.966334  1.255380E-14
0.966605  1.254150E-14
0.966876  1.258940E-14
0.967147  1.263240E-14
0.967417  1.258200E-14
0.967688  1.261430E-14
0.967959  1.260480E-14
0.96823  1.252650E-14
0.9685  1.258910E-14
0.968771  1.251640E-14
0.969042  1.253590E-14
0.969313  1.258160E-14
0.969584  1.245880E-14
0.969854  1.247790E-14
0.970125  1.254850E-14
0.970396  1.263030E-14
0.970666  1.260270E-14
0.970937  1.254280E-14
0.971208  1.261090E-14
0.971479  1.263210E-14
0.971749  1.274390E-14
0.97202  1.272910E-14
0.972291  1.262220E-14
0.972561  1.275070E-14
0.972832  1.275210E-14
0.973103  1.276320E-14
0.973373  1.286520E-14
0.973644  1.297990E-14
0.973915  1.289410E-14
0.974185  1.292020E-14
0.974456  1.312870E-14
0.974727  1.327210E-14
0.974997  1.335470E-14
0.975268  1.351360E-14
0.975538  1.359100E-14
0.975809  1.371570E-14
0.97608  1.385430E-14
0.97635  1.390490E-14
0.976621  1.409110E-14
0.976892  1.432140E-14
0.977162  1.427990E-14
0.977433  1.448180E-14
0.977703  1.458530E-14
0.977974  1.456240E-14
0.978244  1.468110E-14
0.978515  1.469130E-14
0.978786  1.475240E-14
0.979056  1.475400E-14
0.979327  1.464730E-14
0.979597  1.463000E-14
0.979868  1.460890E-14
0.980138  1.447620E-14
0.980409  1.451410E-14
0.980679  1.451290E-14
0.98095  1.445600E-14
0.98122  1.444360E-14
0.981491  1.439330E-14
0.981761  1.419470E-14
0.982032  1.422910E-14
0.982302  1.409400E-14
0.982573  1.402400E-14
0.982843  1.397320E-14
0.983114  1.382890E-14
0.983384  1.382620E-14
0.983654  1.364250E-14
0.983925  1.354810E-14
0.984195  1.359190E-14
0.984466  1.352220E-14
0.984736  1.341800E-14
0.985007  1.342850E-14
0.985277  1.333000E-14
0.985547  1.336300E-14
0.985818  1.342440E-14
0.986088  1.328160E-14
0.986359  1.333430E-14
0.986629  1.335470E-14
0.986899  1.331220E-14
0.98717  1.337250E-14
0.98744  1.325330E-14
0.987711  1.325040E-14
0.987981  1.314670E-14
0.988251  1.321280E-14
0.988522  1.308550E-14
0.988792  1.309400E-14
0.989062  1.302880E-14
0.989333  1.293460E-14
0.989603  1.296800E-14
0.989873  1.289060E-14
0.990144  1.282780E-14
0.990414  1.285140E-14
0.990684  1.277150E-14
0.990955  1.276310E-14
0.991225  1.268530E-14
0.991495  1.250650E-14
0.991765  1.260840E-14
0.992036  1.255400E-14
0.992306  1.259430E-14
0.992576  1.242610E-14
0.992846  1.237810E-14
0.993117  1.231590E-14
0.993387  1.223530E-14
0.993657  1.229760E-14
0.993927  1.225100E-14
0.994198  1.211570E-14
0.994468  1.212630E-14
0.994738  1.211070E-14
0.995008  1.208780E-14
0.995279  1.199590E-14
0.995549  1.197520E-14
0.995819  1.196500E-14
0.996089  1.190210E-14
0.996359  1.191050E-14
0.99663  1.189100E-14
0.9969  1.184290E-14
0.99717  1.184820E-14
0.99744  1.181840E-14
0.99771  1.187950E-14
0.99798  1.189380E-14
0.998251  1.189400E-14
0.998521  1.187140E-14
0.998791  1.186660E-14
0.999061  1.183520E-14
0.999331  1.193120E-14
0.999601  1.192800E-14
0.999871  1.197170E-14
1.00014  1.194500E-14
1.00041  1.198610E-14
1.00068  1.202000E-14
1.00095  1.203280E-14
1.00122  1.203570E-14
1.00149  1.213640E-14
1.00176  1.211880E-14
1.00203  1.224910E-14
1.0023  1.216800E-14
1.00257  1.213320E-14
1.00284  1.227480E-14
1.00311  1.222880E-14
1.00338  1.212490E-14
1.00365  1.217670E-14
1.00392  1.217570E-14
1.00419  1.219830E-14
1.00446  1.222930E-14
1.00473  1.222900E-14
1.005  1.219630E-14
1.00527  1.202940E-14
1.00554  1.203990E-14
1.00581  1.204230E-14
1.00608  1.197960E-14
1.00635  1.190180E-14
1.00662  1.188840E-14
1.00689  1.177480E-14
1.00716  1.174970E-14
1.00743  1.179370E-14
1.0077  1.175470E-14
1.00797  1.172130E-14
1.00824  1.160520E-14
1.00851  1.171290E-14
1.00878  1.169780E-14
1.00905  1.157450E-14
1.00932  1.154460E-14
1.00959  1.149920E-14
1.00986  1.150920E-14
1.01013  1.152450E-14
1.0104  1.149390E-14
1.01067  1.147620E-14
1.01094  1.153910E-14
1.01121  1.147930E-14
1.01148  1.144520E-14
1.01175  1.148770E-14
1.01202  1.142620E-14
1.01229  1.142250E-14
1.01256  1.137140E-14
1.01283  1.138000E-14
1.0131  1.136140E-14
1.01337  1.128850E-14
1.01364  1.131250E-14
1.01391  1.136210E-14
1.01418  1.123650E-14
1.01445  1.118570E-14
1.01472  1.127570E-14
1.01499  1.112830E-14
1.01526  1.121530E-14
1.01553  1.116680E-14
1.0158  1.112130E-14
1.01607  1.103940E-14
1.01634  1.097070E-14
1.01661  1.115640E-14
1.01688  1.100310E-14
1.01715  1.097560E-14
1.01742  1.085350E-14
1.01769  1.094270E-14
1.01796  1.091070E-14
1.01823  1.087860E-14
1.0185  1.084890E-14
1.01877  1.086930E-14
1.01904  1.085500E-14
1.01931  1.073400E-14
1.01958  1.078490E-14
1.01985  1.079690E-14
1.02012  1.078740E-14
1.02039  1.078370E-14
1.02066  1.075990E-14
1.02093  1.073200E-14
1.0212  1.069960E-14
1.02147  1.078600E-14
1.02174  1.081250E-14
1.02201  1.081840E-14
1.02228  1.082370E-14
1.02254  1.082670E-14
1.02281  1.077460E-14
1.02308  1.083970E-14
1.02335  1.083560E-14
1.02362  1.094220E-14
1.02389  1.099650E-14
1.02416  1.088920E-14
1.02443  1.087740E-14
1.0247  1.096530E-14
1.02497  1.095980E-14
1.02524  1.096850E-14
1.02551  1.097430E-14
1.02578  1.100710E-14
1.02605  1.101230E-14
1.02632  1.100600E-14
1.02659  1.096930E-14
1.02686  1.098970E-14
1.02713  1.091890E-14
1.0274  1.098530E-14
1.02767  1.095750E-14
1.02794  1.092250E-14
1.02821  1.093050E-14
1.02848  1.078450E-14
1.02875  1.089560E-14
1.02902  1.082200E-14
1.02929  1.076550E-14
1.02956  1.078210E-14
1.02983  1.080170E-14
1.0301  1.079760E-14
1.03036  1.085430E-14
1.03063  1.069790E-14
1.0309  1.075250E-14
1.03117  1.076420E-14
1.03144  1.066850E-14
1.03171  1.066930E-14
1.03198  1.065900E-14
1.03225  1.068040E-14
1.03252  1.066460E-14
1.03279  1.064180E-14
1.03306  1.055550E-14
1.03333  1.059690E-14
1.0336  1.057860E-14
1.03387  1.061590E-14
1.03414  1.059920E-14
1.03441  1.058420E-14
1.03468  1.055760E-14
1.03495  1.053550E-14
1.03522  1.052430E-14
1.03549  1.060530E-14
1.03576  1.050910E-14
1.03603  1.054210E-14
1.0363  1.057600E-14
1.03656  1.051810E-14
1.03683  1.055420E-14
1.0371  1.051460E-14
1.03737  1.046770E-14
1.03764  1.045930E-14
1.03791  1.047410E-14
1.03818  1.044320E-14
1.03845  1.055250E-14
1.03872  1.047820E-14
1.03899  1.045200E-14
1.03926  1.047250E-14
1.03953  1.051150E-14
1.0398  1.044870E-14
1.04007  1.062550E-14
1.04034  1.062410E-14
1.04061  1.063360E-14
1.04088  1.056320E-14
1.04115  1.060560E-14
1.04141  1.063670E-14
1.04168  1.066040E-14
1.04195  1.070940E-14
1.04222  1.076600E-14
1.04249  1.075460E-14
1.04276  1.077630E-14
1.04303  1.079650E-14
1.0433  1.084510E-14
1.04357  1.087090E-14
1.04384  1.088260E-14
1.04411  1.092390E-14
1.04438  1.100680E-14
1.04465  1.082020E-14
1.04492  1.084580E-14
1.04519  1.085130E-14
1.04546  1.087690E-14
1.04573  1.088350E-14
1.04599  1.095490E-14
1.04626  1.084320E-14
1.04653  1.073550E-14
1.0468  1.075550E-14
1.04707  1.084310E-14
1.04734  1.077620E-14
1.04761  1.080640E-14
1.04788  1.080450E-14
1.04815  1.079520E-14
1.04842  1.064550E-14
1.04869  1.079030E-14
1.04896  1.078790E-14
1.04923  1.065360E-14
1.0495  1.077410E-14
1.04977  1.083980E-14
1.05003  1.080590E-14
1.0503  1.084200E-14
1.05057  1.086380E-14
1.05084  1.085110E-14
1.05111  1.079600E-14
1.05138  1.075600E-14
1.05165  1.078490E-14
1.05192  1.075740E-14
1.05219  1.077320E-14
1.05246  1.072120E-14
1.05273  1.069780E-14
1.053  1.063210E-14
1.05327  1.063510E-14
1.05354  1.060310E-14
1.0538  1.064090E-14
1.05407  1.062350E-14
1.05434  1.066990E-14
1.05461  1.055570E-14
1.05488  1.063890E-14
1.05515  1.062100E-14
1.05542  1.063220E-14
1.05569  1.063450E-14
1.05596  1.058840E-14
1.05623  1.069320E-14
1.0565  1.056320E-14
1.05677  1.068190E-14
1.05704  1.058580E-14
1.0573  1.056630E-14
1.05757  1.063190E-14
1.05784  1.063620E-14
1.05811  1.073030E-14
1.05838  1.061430E-14
1.05865  1.059970E-14
1.05892  1.071290E-14
1.05919  1.070420E-14
1.05946  1.069430E-14
1.05973  1.073930E-14
1.06  1.075630E-14
1.06027  1.077040E-14
1.06054  1.079350E-14
1.0608  1.083150E-14
1.06107  1.079460E-14
1.06134  1.090820E-14
1.06161  1.091250E-14
1.06188  1.098280E-14
1.06215  1.101620E-14
1.06242  1.103540E-14
1.06269  1.113690E-14
1.06296  1.113510E-14
1.06323  1.117880E-14
1.0635  1.121980E-14
1.06377  1.129380E-14
1.06403  1.127730E-14
1.0643  1.138330E-14
1.06457  1.139570E-14
1.06484  1.144160E-14
1.06511  1.147500E-14
1.06538  1.158690E-14
1.06565  1.162870E-14
1.06592  1.167680E-14
1.06619  1.168710E-14
1.06646  1.173670E-14
1.06673  1.175630E-14
1.06699  1.180310E-14
1.06726  1.183330E-14
1.06753  1.182330E-14
1.0678  1.195730E-14
1.06807  1.191580E-14
1.06834  1.188990E-14
1.06861  1.196030E-14
1.06888  1.187830E-14
1.06915  1.188370E-14
1.06942  1.181800E-14
1.06969  1.181610E-14
1.06995  1.170350E-14
1.07022  1.177070E-14
1.07049  1.164020E-14
1.07076  1.171330E-14
1.07103  1.166860E-14
1.0713  1.158230E-14
1.07157  1.154120E-14
1.07184  1.144110E-14
1.07211  1.137770E-14
1.07238  1.125850E-14
1.07264  1.124020E-14
1.07291  1.114710E-14
1.07318  1.112260E-14
1.07345  1.097520E-14
1.07372  1.086510E-14
1.07399  1.089540E-14
1.07426  1.085200E-14
1.07453  1.075570E-14
1.0748  1.075560E-14
1.07507  1.068270E-14
1.07533  1.059830E-14
1.0756  1.054570E-14
1.07587  1.055980E-14
1.07614  1.052070E-14
1.07641  1.046820E-14
1.07668  1.049890E-14
1.07695  1.041630E-14
1.07722  1.036660E-14
1.07749  1.032160E-14
1.07776  1.020560E-14
1.07802  1.016890E-14
1.07829  1.018540E-14
1.07856  1.010570E-14
1.07883  1.009560E-14
1.0791  1.008270E-14
1.07937  1.003330E-14
1.07964  1.004850E-14
1.07991  9.922780E-15
1.08018  9.920160E-15
1.08045  9.935340E-15
1.08071  9.875740E-15
1.08098  9.892700E-15
1.08125  9.902640E-15
1.08152  9.844480E-15
1.08179  9.788470E-15
1.08206  9.762040E-15
1.08233  9.673760E-15
1.0826  9.694750E-15
1.08287  9.646550E-15
1.08313  9.669150E-15
1.0834  9.670500E-15
1.08367  9.625150E-15
1.08394  9.591570E-15
1.08421  9.683350E-15
1.08448  9.598570E-15
1.08475  9.588600E-15
1.08502  9.643090E-15
1.08529  9.613720E-15
1.08555  9.649050E-15
1.08582  9.582650E-15
1.08609  9.674380E-15
1.08636  9.579990E-15
1.08663  9.632600E-15
1.0869  9.587480E-15
1.08717  9.570680E-15
1.08744  9.570370E-15
1.08771  9.531080E-15
1.08797  9.510880E-15
1.08824  9.533810E-15
1.08851  9.610690E-15
1.08878  9.603310E-15
1.08905  9.583140E-15
1.08932  9.520230E-15
1.08959  9.637540E-15
1.08986  9.547910E-15
1.09013  9.595690E-15
1.09039  9.623120E-15
1.09066  9.606630E-15
1.09093  9.566980E-15
1.0912  9.695020E-15
1.09147  9.591280E-15
1.09174  9.527960E-15
1.09201  9.673700E-15
1.09228  9.590150E-15
1.09254  9.583130E-15
1.09281  9.524150E-15
1.09308  9.572350E-15
1.09335  9.609810E-15
1.09362  9.608870E-15
1.09389  9.676870E-15
1.09416  9.683340E-15
1.09443  9.622410E-15
1.0947  9.695580E-15
1.09496  9.718730E-15
1.09523  9.533560E-15
1.0955  9.625870E-15
1.09577  9.618390E-15
1.09604  9.641250E-15
1.09631  9.604480E-15
1.09658  9.659250E-15
1.09685  9.586770E-15
1.09711  9.627570E-15
1.09738  9.638170E-15
1.09765  9.748870E-15
1.09792  9.701530E-15
1.09819  9.656690E-15
1.09846  9.656480E-15
1.09873  9.743920E-15
1.099  9.835300E-15
1.09926  9.907850E-15
1.09953  9.948860E-15
1.0998  9.805910E-15
1.10007  9.857330E-15
1.10034  9.925730E-15
1.10061  9.924530E-15
1.10088  1.000410E-14
1.10115  1.005520E-14
1.10141  1.014140E-14
1.10168  1.024050E-14
1.10195  1.029820E-14
1.10222  1.045900E-14
1.10249  1.034160E-14
1.10276  1.058610E-14
1.10303  1.052710E-14
1.1033  1.070090E-14
1.10356  1.085110E-14
1.10383  1.089000E-14
1.1041  1.089130E-14
1.10437  1.103000E-14
1.10464  1.095010E-14
1.10491  1.096280E-14
1.10518  1.098760E-14
1.10545  1.087100E-14
1.10571  1.074370E-14
1.10598  1.076780E-14
1.10625  1.076750E-14
1.10652  1.068580E-14
1.10679  1.071460E-14
1.10706  1.060820E-14
1.10733  1.054420E-14
1.1076  1.050220E-14
1.10786  1.044070E-14
1.10813  1.042030E-14
1.1084  1.032400E-14
1.10867  1.026880E-14
1.10894  1.020320E-14
1.10921  1.028940E-14
1.10948  1.014110E-14
1.10974  1.012930E-14
1.11001  1.005450E-14
1.11028  1.009340E-14
1.11055  9.911680E-15
1.11082  9.930880E-15
1.11109  9.758330E-15
1.11136  9.884770E-15
1.11163  9.770720E-15
1.11189  9.664580E-15
1.11216  9.719080E-15
1.11243  9.637670E-15
1.1127  9.524370E-15
1.11297  9.571800E-15
1.11324  9.513440E-15
1.11351  9.438760E-15
1.11377  9.394450E-15
1.11404  9.378610E-15
1.11431  9.339880E-15
1.11458  9.415220E-15
1.11485  9.277870E-15
1.11512  9.269950E-15
1.11539  9.280670E-15
1.11566  9.283890E-15
1.11592  9.331180E-15
1.11619  9.224540E-15
1.11646  9.225640E-15
1.11673  8.974290E-15
1.117  9.252330E-15
1.11727  9.193380E-15
1.11754  9.067900E-15
1.1178  9.114230E-15
1.11807  9.076590E-15
1.11834  8.947020E-15
1.11861  9.018660E-15
1.11888  8.949510E-15
1.11915  8.977850E-15
1.11942  8.971710E-15
1.11968  8.964730E-15
1.11995  8.989680E-15
1.12022  9.017060E-15
1.12049  8.854610E-15
1.12076  8.846030E-15
1.12103  8.992020E-15
1.1213  8.917780E-15
1.12156  8.793550E-15
1.12183  8.973470E-15
1.1221  8.915890E-15
1.12237  8.768500E-15
1.12264  8.871640E-15
1.12291  8.752790E-15
1.12318  8.888420E-15
1.12345  8.820270E-15
1.12371  8.727020E-15
1.12398  8.717130E-15
1.12425  8.833770E-15
1.12452  8.921520E-15
1.12479  8.687450E-15
1.12506  8.866260E-15
1.12533  8.758580E-15
1.12559  8.750330E-15
1.12586  8.808270E-15
1.12613  8.855300E-15
1.1264  8.719830E-15
1.12667  8.565090E-15
1.12694  8.781250E-15
1.12721  8.540960E-15
1.12747  8.686960E-15
1.12774  8.603990E-15
1.12784  8.691260E-15
1.12816  8.715730E-15
1.12849  8.833300E-15
1.12881  8.795940E-15
1.12914  8.780350E-15
1.12946  8.758110E-15
1.12979  8.759090E-15
1.13011  8.645260E-15
1.13044  8.760840E-15
1.13076  8.694300E-15
1.13109  8.679280E-15
1.13142  8.635960E-15
1.13174  8.585470E-15
1.13207  8.685950E-15
1.13239  8.629050E-15
1.13272  8.632540E-15
1.13304  8.645350E-15
1.13337  8.658500E-15
1.13369  8.680880E-15
1.13402  8.731290E-15
1.13434  8.715530E-15
1.13467  8.671170E-15
1.13499  8.653110E-15
1.13532  8.793710E-15
1.13564  8.916590E-15
1.13597  8.748310E-15
1.13629  8.628870E-15
1.13662  8.648590E-15
1.13694  8.729530E-15
1.13727  8.699060E-15
1.13759  8.664090E-15
1.13792  8.720800E-15
1.13824  8.667210E-15
1.13857  8.751090E-15
1.13889  8.672020E-15
1.13922  8.749340E-15
1.13955  8.760640E-15
1.13987  8.812610E-15
1.1402  8.718000E-15
1.14052  8.740720E-15
1.14085  8.731330E-15
1.14117  8.719290E-15
1.1415  8.778880E-15
1.14182  8.747180E-15
1.14215  8.820470E-15
1.14247  8.777710E-15
1.1428  8.762620E-15
1.14312  8.773410E-15
1.14345  8.780470E-15
1.14377  8.803930E-15
1.1441  8.758690E-15
1.14442  8.887050E-15
1.14475  8.788440E-15
1.14507  8.865710E-15
1.1454  8.792450E-15
1.14572  8.843170E-15
1.14605  8.845000E-15
1.14637  8.899170E-15
1.1467  8.901570E-15
1.14702  8.877050E-15
1.14735  8.971960E-15
1.14767  8.947860E-15
1.14799  8.849890E-15
1.14832  9.033250E-15
1.14864  8.919270E-15
1.14897  8.843200E-15
1.14929  8.940410E-15
1.14962  9.000140E-15
1.14994  8.999560E-15
1.15027  8.997360E-15
1.15059  9.037620E-15
1.15092  9.097300E-15
1.15124  9.065400E-15
1.15157  9.113980E-15
1.15189  9.052490E-15
1.15222  9.177060E-15
1.15254  9.142190E-15
1.15287  9.227840E-15
1.15319  9.209460E-15
1.15352  9.345300E-15
1.15384  9.403470E-15
1.15417  9.401680E-15
1.15449  9.486780E-15
1.15482  9.545740E-15
1.15514  9.598680E-15
1.15547  9.655790E-15
1.15579  9.728370E-15
1.15611  9.821710E-15
1.15644  9.857390E-15
1.15676  9.948950E-15
1.15709  1.001910E-14
1.15741  1.004370E-14
1.15774  1.007570E-14
1.15806  1.014310E-14
1.15839  1.019540E-14
1.15871  1.029110E-14
1.15904  1.030590E-14
1.15936  1.036950E-14
1.15969  1.046450E-14
1.16001  1.050630E-14
1.16034  1.054700E-14
1.16066  1.065900E-14
1.16098  1.072080E-14
1.16131  1.075190E-14
1.16163  1.080960E-14
1.16196  1.092140E-14
1.16228  1.098780E-14
1.16261  1.095930E-14
1.16293  1.104270E-14
1.16326  1.100300E-14
1.16358  1.099380E-14
1.16391  1.097570E-14
1.16423  1.094900E-14
1.16455  1.094570E-14
1.16488  1.088430E-14
1.1652  1.082620E-14
1.16553  1.083600E-14
1.16585  1.074940E-14
1.16618  1.062460E-14
1.1665  1.058200E-14
1.16683  1.053220E-14
1.16715  1.046600E-14
1.16747  1.037640E-14
1.1678  1.030290E-14
1.16812  1.025010E-14
1.16845  1.017980E-14
1.16877  1.006040E-14
1.1691  9.988520E-15
1.16942  9.950750E-15
1.16975  9.835320E-15
1.17007  9.785120E-15
1.17039  9.711320E-15
1.17072  9.658870E-15
1.17104  9.646950E-15
1.17137  9.590590E-15
1.17169  9.486360E-15
1.17202  9.418930E-15
1.17234  9.389210E-15
1.17266  9.350630E-15
1.17299  9.343120E-15
1.17331  9.299840E-15
1.17364  9.234950E-15
1.17396  9.243310E-15
1.17429  9.202900E-15
1.17461  9.158980E-15
1.17493  9.116730E-15
1.17526  9.061120E-15
1.17558  9.017890E-15
1.17591  8.984460E-15
1.17623  9.032360E-15
1.17656  8.991140E-15
1.17688  9.007660E-15
1.1772  8.995700E-15
1.17753  8.959550E-15
1.17785  8.906870E-15
1.17818  8.890930E-15
1.1785  8.944670E-15
1.17883  8.855750E-15
1.17915  8.811520E-15
1.17947  8.822210E-15
1.1798  8.797730E-15
1.18012  8.775090E-15
1.18045  8.793940E-15
1.18077  8.753330E-15
1.1811  8.675300E-15
1.18142  8.740160E-15
1.18174  8.687430E-15
1.18207  8.685150E-15
1.18239  8.642210E-15
1.18272  8.598160E-15
1.18304  8.578390E-15
1.18336  8.568540E-15
1.18369  8.554970E-15
1.18401  8.533990E-15
1.18434  8.533360E-15
1.18466  8.490410E-15
1.18498  8.458270E-15
1.18531  8.472130E-15
1.18563  8.473250E-15
1.18596  8.434920E-15
1.18628  8.472720E-15
1.1866  8.472730E-15
1.18693  8.399830E-15
1.18725  8.439120E-15
1.18758  8.448580E-15
1.1879  8.404240E-15
1.18823  8.394450E-15
1.18855  8.363390E-15
1.18887  8.399080E-15
1.1892  8.365650E-15
1.18952  8.377310E-15
1.18984  8.363430E-15
1.19017  8.322670E-15
1.19049  8.378540E-15
1.19082  8.347490E-15
1.19114  8.416240E-15
1.19146  8.379530E-15
1.19179  8.349040E-15
1.19211  8.343750E-15
1.19244  8.386410E-15
1.19276  8.349600E-15
1.19308  8.332880E-15
1.19341  8.326000E-15
1.19373  8.323230E-15
1.19406  8.322940E-15
1.19438  8.351900E-15
1.1947  8.331220E-15
1.19503  8.328200E-15
1.19535  8.345980E-15
1.19568  8.264700E-15
1.196  8.308590E-15
1.19632  8.349910E-15
1.19665  8.351230E-15
1.19697  8.342970E-15
1.19729  8.363140E-15
1.19762  8.247590E-15
1.19794  8.302780E-15
1.19827  8.315090E-15
1.19859  8.307560E-15
1.19891  8.240830E-15
1.19924  8.261320E-15
1.19956  8.231780E-15
1.19989  8.344390E-15
1.20021  8.246470E-15
1.20053  8.290770E-15
1.20086  8.266580E-15
1.20118  8.267500E-15
1.2015  8.315330E-15
1.20183  8.325010E-15
1.20215  8.286510E-15
1.20248  8.335590E-15
1.2028  8.252100E-15
1.20312  8.271260E-15
1.20345  8.243080E-15
1.20377  8.220390E-15
1.20409  8.261410E-15
1.20442  8.333770E-15
1.20474  8.301870E-15
1.20507  8.281570E-15
1.20539  8.288810E-15
1.20571  8.248380E-15
1.20604  8.224900E-15
1.20636  8.297680E-15
1.20668  8.257830E-15
1.20701  8.271400E-15
1.20733  8.292090E-15
1.20765  8.306820E-15
1.20798  8.302710E-15
1.2083  8.284120E-15
1.20863  8.314770E-15
1.20895  8.296770E-15
1.20927  8.288040E-15
1.2096  8.329790E-15
1.20992  8.335610E-15
1.21024  8.370150E-15
1.21057  8.408930E-15
1.21089  8.369700E-15
1.21121  8.457050E-15
1.21154  8.407770E-15
1.21186  8.455510E-15
1.21219  8.476680E-15
1.21251  8.508020E-15
1.21283  8.535470E-15
1.21316  8.570780E-15
1.21348  8.610280E-15
1.2138  8.588230E-15
1.21413  8.619960E-15
1.21445  8.680070E-15
1.21477  8.667190E-15
1.2151  8.691140E-15
1.21542  8.724280E-15
1.21574  8.748170E-15
1.21607  8.699130E-15
1.21639  8.763770E-15
1.21671  8.768240E-15
1.21704  8.776840E-15
1.21736  8.787830E-15
1.21768  8.793580E-15
1.21801  8.784540E-15
1.21833  8.744570E-15
1.21866  8.792830E-15
1.21898  8.720660E-15
1.2193  8.759550E-15
1.21963  8.740040E-15
1.21995  8.711950E-15
1.22027  8.717220E-15
1.2206  8.624690E-15
1.22092  8.611250E-15
1.22124  8.562600E-15
1.22157  8.594060E-15
1.22189  8.514160E-15
1.22221  8.523370E-15
1.22254  8.468120E-15
1.22286  8.425680E-15
1.22318  8.462170E-15
1.22351  8.448800E-15
1.22383  8.372370E-15
1.22415  8.410880E-15
1.22448  8.402640E-15
1.2248  8.373110E-15
1.22512  8.378500E-15
1.22545  8.351500E-15
1.22577  8.350920E-15
1.22609  8.323880E-15
1.22642  8.327530E-15
1.22674  8.345250E-15
1.22706  8.359320E-15
1.22739  8.318960E-15
1.22771  8.311870E-15
1.22803  8.348170E-15
1.22836  8.327710E-15
1.22868  8.346270E-15
1.229  8.320660E-15
1.22933  8.306740E-15
1.22965  8.365580E-15
1.22997  8.316600E-15
1.2303  8.351640E-15
1.23062  8.329470E-15
1.23094  8.354170E-15
1.23127  8.346390E-15
1.23159  8.384740E-15
1.23191  8.354980E-15
1.23224  8.402110E-15
1.23256  8.402500E-15
1.23288  8.410330E-15
1.23321  8.441820E-15
1.23353  8.457520E-15
1.23385  8.465660E-15
1.23417  8.493640E-15
1.2345  8.431330E-15
1.23482  8.533990E-15
1.23514  8.537580E-15
1.23547  8.528480E-15
1.23579  8.562490E-15
1.23611  8.631170E-15
1.23644  8.617750E-15
1.23676  8.683620E-15
1.23708  8.606430E-15
1.23741  8.641870E-15
1.23773  8.731190E-15
1.23805  8.711630E-15
1.23838  8.729600E-15
1.2387  8.724340E-15
1.23902  8.774700E-15
1.23935  8.797700E-15
1.23967  8.848450E-15
1.23999  8.861750E-15
1.24031  8.883030E-15
1.24064  8.935460E-15
1.24096  8.951660E-15
1.24128  9.013040E-15
1.24161  9.037680E-15
1.24193  9.145700E-15
1.24225  9.111380E-15
1.24258  9.180330E-15
1.2429  9.209300E-15
1.24322  9.274530E-15
1.24355  9.333480E-15
1.24387  9.408660E-15
1.24419  9.499640E-15
1.24451  9.549030E-15
1.24484  9.591350E-15
1.24516  9.767150E-15
1.24548  9.800530E-15
1.24581  9.914720E-15
1.24613  1.000250E-14
1.24645  1.011460E-14
1.24678  1.024090E-14
1.2471  1.036480E-14
1.24742  1.048730E-14
1.24774  1.061890E-14
1.24807  1.078690E-14
1.24839  1.093760E-14
1.24871  1.108560E-14
1.24904  1.125340E-14
1.24936  1.147390E-14
1.24968  1.170320E-14
1.25001  1.194540E-14
1.25033  1.217130E-14
1.25065  1.236580E-14
1.25097  1.255560E-14
1.2513  1.275060E-14
1.25162  1.299370E-14
1.25194  1.324510E-14
1.25227  1.343170E-14
1.25259  1.363440E-14
1.25291  1.380510E-14
1.25324  1.392950E-14
1.25356  1.405100E-14
1.25388  1.404260E-14
1.2542  1.400180E-14
1.25453  1.396340E-14
1.25485  1.379370E-14
1.25517  1.358920E-14
1.2555  1.354870E-14
1.25582  1.332640E-14
1.25614  1.318540E-14
1.25646  1.307600E-14
1.25679  1.289700E-14
1.25711  1.283680E-14
1.25743  1.275710E-14
1.25776  1.259030E-14
1.25808  1.249980E-14
1.2584  1.234970E-14
1.25872  1.230250E-14
1.25905  1.218670E-14
1.25937  1.206010E-14
1.25969  1.195000E-14
1.26002  1.191630E-14
1.26034  1.181920E-14
1.26066  1.170470E-14
1.26098  1.165790E-14
1.26131  1.165170E-14
1.26163  1.162330E-14
1.26195  1.160230E-14
1.26228  1.155420E-14
1.2626  1.164400E-14
1.26292  1.168380E-14
1.26324  1.172910E-14
1.26357  1.173600E-14
1.26389  1.177070E-14
1.26421  1.180150E-14
1.26453  1.186730E-14
1.26486  1.186980E-14
1.26518  1.195530E-14
1.2655  1.192200E-14
1.26583  1.198520E-14
1.26615  1.187470E-14
1.26647  1.194540E-14
1.26679  1.192710E-14
1.26712  1.194170E-14
1.26744  1.188370E-14
1.26776  1.180480E-14
1.26809  1.168670E-14
1.26841  1.169220E-14
1.26873  1.151090E-14
1.26905  1.150950E-14
1.26938  1.144280E-14
1.2697  1.141030E-14
1.27002  1.122200E-14
1.27034  1.112210E-14
1.27067  1.095600E-14
1.27099  1.085900E-14
1.27131  1.068950E-14
1.27164  1.056050E-14
1.27196  1.048180E-14
1.27228  1.032820E-14
1.2726  1.017560E-14
1.27293  1.004160E-14
1.27325  9.917050E-15
1.27357  9.832320E-15
1.27389  9.732110E-15
1.27422  9.652150E-15
1.27454  9.580190E-15
1.27486  9.549930E-15
1.27518  9.392000E-15
1.27551  9.311780E-15
1.27583  9.259830E-15
1.27615  9.220120E-15
1.27647  9.220470E-15
1.2768  9.145100E-15
1.27712  9.099150E-15
1.27744  9.050850E-15
1.27777  8.999890E-15
1.27809  8.979560E-15
1.27841  8.899050E-15
1.27873  8.944740E-15
1.27906  8.919700E-15
1.27938  8.875360E-15
1.2797  8.786910E-15
1.28002  8.781320E-15
1.28035  8.737030E-15
1.28067  8.715260E-15
1.28099  8.650260E-15
1.28131  8.760350E-15
1.28164  8.760670E-15
1.28196  8.742000E-15
1.28228  8.694210E-15
1.2826  8.659890E-15
1.28293  8.654400E-15
1.28325  8.611440E-15
1.28357  8.545970E-15
1.28389  8.572240E-15
1.28422  8.492330E-15
1.28454  8.554140E-15
1.28486  8.490690E-15
1.28518  8.508840E-15
1.28551  8.508780E-15
1.28583  8.499290E-15
1.28615  8.487840E-15
1.28647  8.470680E-15
1.2868  8.496880E-15
1.28712  8.529210E-15
1.28744  8.510420E-15
1.28776  8.526710E-15
1.28809  8.483160E-15
1.28841  8.559970E-15
1.28873  8.468710E-15
1.28905  8.471750E-15
1.28938  8.421070E-15
1.2897  8.413740E-15
1.29002  8.364840E-15
1.29034  8.413390E-15
1.29067  8.395170E-15
1.29099  8.404730E-15
1.29131  8.366910E-15
1.29163  8.379230E-15
1.29196  8.281040E-15
1.29228  8.328830E-15
1.2926  8.238520E-15
1.29292  8.305310E-15
1.29325  8.224460E-15
1.29357  8.152110E-15
1.29389  8.160070E-15
1.29421  8.200240E-15
1.29454  8.138140E-15
1.29486  8.148380E-15
1.29518  8.145560E-15
1.2955  8.109950E-15
1.29583  8.115540E-15
1.29615  8.087970E-15
1.29647  8.060160E-15
1.29679  8.137970E-15
1.29712  8.090850E-15
1.29744  8.115990E-15
1.29776  8.058800E-15
1.29808  8.137810E-15
1.29841  8.076660E-15
1.29873  8.037970E-15
1.29905  8.107070E-15
1.29937  8.140160E-15
1.2997  8.037550E-15
1.30002  8.129040E-15
1.30034  8.112380E-15
1.30066  8.108670E-15
1.30098  8.111860E-15
1.30131  8.199870E-15
1.30163  8.133540E-15
1.30195  8.221390E-15
1.30227  8.206720E-15
1.3026  8.276360E-15
1.30292  8.325920E-15
1.30324  8.408360E-15
1.30356  8.409580E-15
1.30389  8.461280E-15
1.30421  8.530030E-15
1.30453  8.610670E-15
1.30485  8.587150E-15
1.30518  8.680210E-15
1.3055  8.685610E-15
1.30582  8.729990E-15
1.30614  8.797840E-15
1.30646  8.826080E-15
1.30679  8.783670E-15
1.30711  8.819290E-15
1.30743  8.810790E-15
1.30775  8.877370E-15
1.30808  8.741330E-15
1.3084  8.847670E-15
1.30872  8.851080E-15
1.30904  8.836050E-15
1.30937  8.797470E-15
1.30969  8.747440E-15
1.31001  8.697380E-15
1.31033  8.725200E-15
1.31065  8.629580E-15
1.31098  8.619520E-15
1.3113  8.549740E-15
1.31162  8.556610E-15
1.31194  8.487970E-15
1.31227  8.355420E-15
1.31259  8.397300E-15
1.31291  8.383720E-15
1.31323  8.281810E-15
1.31356  8.221170E-15
1.31388  8.153200E-15
1.3142  8.096890E-15
1.31452  8.052060E-15
1.31484  8.009320E-15
1.31517  7.962510E-15
1.31549  8.005080E-15
1.31581  7.952240E-15
1.31613  7.953820E-15
1.31646  7.941060E-15
1.31678  7.930510E-15
1.3171  7.907070E-15
1.31742  7.960510E-15
1.31774  7.829380E-15
1.31807  7.846220E-15
1.31839  7.816780E-15
1.31871  7.762480E-15
1.31903  7.790240E-15
1.31936  7.809430E-15
1.31968  7.805390E-15
1.32  7.745720E-15
1.32032  7.701020E-15
1.32064  7.747980E-15
1.32097  7.681430E-15
1.32129  7.761760E-15
1.32161  7.750540E-15
1.32193  7.743670E-15
1.32226  7.660130E-15
1.32258  7.769770E-15
1.3229  7.720920E-15
1.32322  7.684320E-15
1.32354  7.705040E-15
1.32387  7.717270E-15
1.32419  7.662640E-15
1.32451  7.688020E-15
1.32483  7.644090E-15
1.32516  7.665670E-15
1.32548  7.615810E-15
1.3258  7.621590E-15
1.32612  7.617110E-15
1.32644  7.637590E-15
1.32677  7.635440E-15
1.32709  7.623600E-15
1.32741  7.589750E-15
1.32773  7.639250E-15
1.32805  7.607440E-15
1.32838  7.622570E-15
1.3287  7.589620E-15
1.32902  7.623550E-15
1.32934  7.582260E-15
1.32967  7.641950E-15
1.32999  7.579210E-15
1.33031  7.544760E-15
1.33063  7.566160E-15
1.33095  7.517050E-15
1.33128  7.534990E-15
1.3316  7.498350E-15
1.33192  7.610140E-15
1.33224  7.544770E-15
1.33256  7.551270E-15
1.33289  7.502570E-15
1.33321  7.544860E-15
1.33353  7.513050E-15
1.33385  7.533970E-15
1.33418  7.587350E-15
1.3345  7.556020E-15
1.33482  7.586820E-15
1.33514  7.470830E-15
1.33546  7.568280E-15
1.33579  7.515020E-15
1.33611  7.514060E-15
1.33643  7.490340E-15
1.33675  7.553250E-15
1.33707  7.506700E-15
1.3374  7.488660E-15
1.33772  7.545310E-15
1.33804  7.526850E-15
1.33836  7.486430E-15
1.33869  7.573750E-15
1.33901  7.524430E-15
1.33933  7.536460E-15
1.33965  7.534370E-15
1.33997  7.575400E-15
1.3403  7.526450E-15
1.34062  7.471820E-15
1.34094  7.489100E-15
1.34126  7.546120E-15
1.34158  7.486120E-15
1.34191  7.499100E-15
1.34223  7.541900E-15
1.34255  7.586770E-15
1.34287  7.514430E-15
1.34319  7.510630E-15
1.34352  7.585410E-15
1.34384  7.530120E-15
1.34416  7.474990E-15
1.34448  7.524160E-15
1.3448  7.545390E-15
1.34513  7.537650E-15
1.34545  7.558180E-15
1.34577  7.473470E-15
1.34609  7.531310E-15
1.34642  7.515820E-15
1.34674  7.532230E-15
1.41703  7.386280E-15
1.41744  7.438590E-15
1.41785  7.400690E-15
1.41825  7.370580E-15
1.41866  7.554610E-15
1.41906  7.491070E-15
1.41947  7.239110E-15
1.41988  7.478470E-15
1.42028  7.528770E-15
1.42069  7.435140E-15
1.42109  7.444930E-15
1.4215  7.412750E-15
1.42191  7.457640E-15
1.42231  7.412670E-15
1.42272  7.472580E-15
1.42313  7.395890E-15
1.42353  7.387460E-15
1.42394  7.325390E-15
1.42434  7.468560E-15
1.42475  7.456160E-15
1.42516  7.457790E-15
1.42556  7.396650E-15
1.42597  7.344550E-15
1.42637  7.426950E-15
1.42678  7.480410E-15
1.42719  7.429310E-15
1.42759  7.424430E-15
1.428  7.396560E-15
1.4284  7.446290E-15
1.42881  7.374740E-15
1.42922  7.482150E-15
1.42962  7.460060E-15
1.43003  7.401900E-15
1.43043  7.435470E-15
1.43084  7.511280E-15
1.43125  7.449180E-15
1.43165  7.366740E-15
1.43206  7.500620E-15
1.43246  7.474610E-15
1.43287  7.426830E-15
1.43327  7.456270E-15
1.43368  7.533150E-15
1.43409  7.441060E-15
1.43449  7.380930E-15
1.4349  7.400470E-15
1.4353  7.439830E-15
1.43571  7.504940E-15
1.43612  7.492870E-15
1.43652  7.419910E-15
1.43693  7.491710E-15
1.43733  7.477630E-15
1.43774  7.403560E-15
1.43814  7.448410E-15
1.43855  7.489270E-15
1.43896  7.534130E-15
1.43936  7.447610E-15
1.43977  7.434360E-15
1.44017  7.453030E-15
1.44058  7.519870E-15
1.44098  7.497310E-15
1.44139  7.504790E-15
1.4418  7.442880E-15
1.4422  7.536580E-15
1.44261  7.539090E-15
1.44301  7.451040E-15
1.44342  7.443770E-15
1.44382  7.592620E-15
1.44423  7.558780E-15
1.44463  7.512620E-15
1.44504  7.531970E-15
1.44545  7.594790E-15
1.44585  7.452600E-15
1.44626  7.525530E-15
1.44666  7.652500E-15
1.44707  7.535160E-15
1.44747  7.535070E-15
1.44788  7.555740E-15
1.44828  7.559380E-15
1.44869  7.507330E-15
1.4491  7.571200E-15
1.4495  7.527730E-15
1.44991  7.561630E-15
1.45031  7.557270E-15
1.45072  7.532760E-15
1.45112  7.516870E-15
1.45153  7.596020E-15
1.45193  7.590310E-15
1.45234  7.561300E-15
1.45274  7.498330E-15
1.45315  7.528530E-15
1.45355  7.518680E-15
1.45396  7.589610E-15
1.45437  7.520350E-15
1.45477  7.492060E-15
1.45518  7.523520E-15
1.45558  7.544240E-15
1.45599  7.573220E-15
1.45639  7.646340E-15
1.4568  7.602260E-15
1.4572  7.607880E-15
1.45761  7.589140E-15
1.45801  7.557600E-15
1.45842  7.581690E-15
1.45882  7.630580E-15
1.45923  7.605930E-15
1.45963  7.655720E-15
1.46004  7.597400E-15
1.46045  7.613340E-15
1.46085  7.621410E-15
1.46126  7.645780E-15
1.46166  7.617150E-15
1.46207  7.645740E-15
1.46247  7.644190E-15
1.46288  7.633010E-15
1.46328  7.594150E-15
1.46369  7.632850E-15
1.46409  7.716370E-15
1.4645  7.663140E-15
1.4649  7.712100E-15
1.46531  7.736320E-15
1.46571  7.734950E-15
1.46612  7.797000E-15
1.46652  7.786390E-15
1.46693  7.781730E-15
1.46733  7.783160E-15
1.46774  7.836020E-15
1.46814  7.875140E-15
1.46855  7.851850E-15
1.46895  7.902950E-15
1.46936  7.961370E-15
1.46976  7.922550E-15
1.47017  7.997260E-15
1.47057  8.069210E-15
1.47098  8.029540E-15
1.47138  8.011290E-15
1.47179  8.202200E-15
1.47219  8.168430E-15
1.4726  8.110950E-15
1.473  8.203850E-15
1.47341  8.332440E-15
1.47381  8.300300E-15
1.47422  8.364840E-15
1.47462  8.393100E-15
1.47503  8.465600E-15
1.47543  8.530200E-15
1.47584  8.545120E-15
1.47624  8.655480E-15
1.47665  8.778810E-15
1.47705  8.875620E-15
1.47746  8.958820E-15
1.47786  9.092670E-15
1.47827  9.165920E-15
1.47867  9.356590E-15
1.47908  9.532260E-15
1.47948  9.647980E-15
1.47989  9.818760E-15
1.48029  9.996420E-15
1.4807  1.017190E-14
1.4811  1.038280E-14
1.4815  1.061370E-14
1.48191  1.071330E-14
1.48231  1.087810E-14
1.48272  1.111930E-14
1.48312  1.118940E-14
1.48353  1.131210E-14
1.48393  1.143750E-14
1.48434  1.144450E-14
1.48474  1.147610E-14
1.48515  1.148770E-14
1.48555  1.148170E-14
1.48596  1.141510E-14
1.48636  1.137810E-14
1.48677  1.124010E-14
1.48717  1.111890E-14
1.48758  1.112330E-14
1.48798  1.093630E-14
1.48838  1.080280E-14
1.48879  1.069380E-14
1.48919  1.053880E-14
1.4896  1.036230E-14
1.49  1.022420E-14
1.49041  1.000810E-14
1.49081  9.929840E-15
1.49122  9.735390E-15
1.49162  9.588850E-15
1.49203  9.370590E-15
1.49243  9.332430E-15
1.49284  9.144440E-15
1.49324  9.059930E-15
1.49364  8.951550E-15
1.49405  8.852910E-15
1.49445  8.720930E-15
1.49486  8.647310E-15
1.49526  8.574230E-15
1.49567  8.549840E-15
1.49607  8.476150E-15
1.49648  8.432440E-15
1.49688  8.351480E-15
1.49729  8.331240E-15
1.49769  8.285970E-15
1.49809  8.245740E-15
1.4985  8.178410E-15
1.4989  8.188280E-15
1.49931  8.138500E-15
1.49971  8.077220E-15
1.50012  8.072850E-15
1.50052  8.071310E-15
1.50092  8.005240E-15
1.50133  7.980930E-15
1.50173  7.924480E-15
1.50214  7.957610E-15
1.50254  7.906950E-15
1.50295  7.889860E-15
1.50335  7.827840E-15
1.50376  7.809310E-15
1.50416  7.756260E-15
1.50456  7.754390E-15
1.50497  7.731320E-15
1.50537  7.730750E-15
1.50578  7.698670E-15
1.50618  7.712230E-15
1.50659  7.678260E-15
1.50699  7.659360E-15
1.50739  7.646180E-15
1.5078  7.614400E-15
1.5082  7.610930E-15
1.50861  7.604260E-15
1.50901  7.570190E-15
1.50942  7.594430E-15
1.50982  7.562100E-15
1.51022  7.559900E-15
1.51063  7.517060E-15
1.51103  7.490820E-15
1.51144  7.534970E-15
1.51184  7.555200E-15
1.51225  7.503160E-15
1.51265  7.543420E-15
1.51305  7.465110E-15
1.51346  7.491350E-15
1.51386  7.477240E-15
1.51427  7.473370E-15
1.51467  7.446500E-15
1.51507  7.478480E-15
1.51548  7.468710E-15
1.51588  7.452060E-15
1.51629  7.452110E-15
1.51669  7.481840E-15
1.5171  7.438130E-15
1.5175  7.441400E-15
1.5179  7.441750E-15
1.51831  7.439530E-15
1.51871  7.411560E-15
1.51912  7.449380E-15
1.51952  7.404340E-15
1.51992  7.458680E-15
1.52033  7.441780E-15
1.52073  7.440960E-15
1.52114  7.427110E-15
1.52154  7.458880E-15
1.52194  7.437620E-15
1.52235  7.448600E-15
1.52275  7.414480E-15
1.52316  7.505630E-15
1.52356  7.441680E-15
1.52396  7.461390E-15
1.52437  7.478700E-15
1.52477  7.462660E-15
1.52518  7.457920E-15
1.52558  7.439440E-15
1.52598  7.478500E-15
1.52639  7.435350E-15
1.52679  7.410250E-15
1.5272  7.394270E-15
1.5276  7.398720E-15
1.528  7.392710E-15
1.52841  7.383670E-15
1.52881  7.406000E-15
1.52922  7.370350E-15
1.52962  7.393480E-15
1.53002  7.385010E-15
1.53043  7.373860E-15
1.53083  7.397640E-15
1.53123  7.362950E-15
1.53164  7.319720E-15
1.53204  7.350670E-15
1.53245  7.319590E-15
1.53285  7.313980E-15
1.53325  7.304960E-15
1.53366  7.320780E-15
1.53406  7.291790E-15
1.53447  7.286580E-15
1.53487  7.311030E-15
1.53527  7.291850E-15
1.53568  7.299260E-15
1.53608  7.315670E-15
1.53648  7.265720E-15
1.53689  7.277190E-15
1.53729  7.308300E-15
1.5377  7.306110E-15
1.5381  7.266030E-15
1.5385  7.228880E-15
1.53891  7.221270E-15
1.53931  7.271440E-15
1.53971  7.271680E-15
1.54012  7.253130E-15
1.54052  7.279730E-15
1.54093  7.275160E-15
1.54133  7.235600E-15
1.54173  7.292340E-15
1.54214  7.248370E-15
1.54254  7.227730E-15
1.54294  7.275570E-15
1.54335  7.233850E-15
1.54375  7.237760E-15
1.54416  7.227160E-15
1.54456  7.248930E-15
1.54496  7.245840E-15
1.54537  7.222060E-15
1.54577  7.256940E-15
1.54617  7.246140E-15
1.54658  7.255660E-15
1.54698  7.267520E-15
1.54738  7.252140E-15
1.54779  7.261130E-15
1.54819  7.258370E-15
1.5486  7.235240E-15
1.549  7.246920E-15
1.5494  7.248000E-15
1.54981  7.291500E-15
1.55021  7.287630E-15
1.55061  7.304360E-15
1.55102  7.299810E-15
1.55142  7.278410E-15
1.55182  7.284870E-15
1.55223  7.281970E-15
1.55263  7.279510E-15
1.55304  7.297550E-15
1.55344  7.281360E-15
1.55384  7.271820E-15
1.55425  7.248220E-15
1.55465  7.308860E-15
1.55505  7.289010E-15
1.55546  7.301960E-15
1.55586  7.259940E-15
1.55626  7.295370E-15
1.55667  7.272210E-15
1.55707  7.326820E-15
1.55747  7.273940E-15
1.55788  7.284210E-15
1.55828  7.307450E-15
1.55868  7.295620E-15
1.55909  7.305230E-15
1.55949  7.308560E-15
1.55989  7.289410E-15
1.5603  7.326650E-15
1.5607  7.268550E-15
1.5611  7.283970E-15
1.56151  7.269390E-15
1.56191  7.287940E-15
1.56231  7.296140E-15
1.56272  7.291550E-15
1.56312  7.265690E-15
1.56353  7.312390E-15
1.56393  7.288440E-15
1.56433  7.276230E-15
1.56474  7.308870E-15
1.56514  7.300040E-15
1.56554  7.260690E-15
1.56595  7.308900E-15
1.56635  7.329180E-15
1.56675  7.347180E-15
1.56716  7.308090E-15
1.56756  7.319030E-15
1.56796  7.336110E-15
1.56837  7.305660E-15
1.56877  7.308880E-15
1.56917  7.307310E-15
1.56958  7.257210E-15
1.56998  7.281210E-15
1.57038  7.284000E-15
1.57079  7.300900E-15
1.57119  7.281760E-15
1.57159  7.330480E-15
1.572  7.314210E-15
1.5724  7.351790E-15
1.5728  7.342670E-15
1.57321  7.331810E-15
1.57361  7.331730E-15
1.57401  7.340490E-15
1.57442  7.324100E-15
1.57482  7.313620E-15
1.57522  7.328890E-15
1.57562  7.341470E-15
1.57603  7.328780E-15
1.57643  7.329380E-15
1.57683  7.281330E-15
1.57724  7.287910E-15
1.57764  7.308080E-15
1.57804  7.306790E-15
1.57845  7.262240E-15
1.57885  7.288740E-15
1.57925  7.314880E-15
1.57966  7.302110E-15
1.58006  7.289680E-15
1.58046  7.296710E-15
1.58087  7.269730E-15
1.58127  7.278830E-15
1.58167  7.310540E-15
1.58208  7.341100E-15
1.58248  7.265040E-15
1.58288  7.325440E-15
1.58329  7.304410E-15
1.58369  7.314220E-15
1.58409  7.355240E-15
1.5845  7.379190E-15
1.5849  7.347330E-15
1.5853  7.338460E-15
1.5857  7.354260E-15
1.58611  7.397390E-15
1.58651  7.319740E-15
1.58691  7.367700E-15
1.58732  7.316920E-15
1.58772  7.376250E-15
1.58812  7.324710E-15
1.58853  7.342280E-15
1.58893  7.331970E-15
1.58933  7.389140E-15
1.58974  7.377930E-15
1.59014  7.344400E-15
1.59054  7.371320E-15
1.59094  7.343530E-15
1.59135  7.316100E-15
1.59175  7.331000E-15
1.59215  7.321170E-15
1.59256  7.328760E-15
1.59296  7.294000E-15
1.59336  7.292860E-15
1.59377  7.235520E-15
1.59417  7.265560E-15
1.59457  7.222350E-15
1.59498  7.230050E-15
1.59538  7.218870E-15
1.59578  7.230890E-15
1.59618  7.233760E-15
1.59659  7.216720E-15
1.59699  7.176520E-15
1.59739  7.196570E-15
1.5978  7.185540E-15
1.5982  7.191730E-15
1.5986  7.189280E-15
1.59901  7.207000E-15
1.59941  7.186560E-15
1.59981  7.202590E-15
1.60021  7.226410E-15
1.60062  7.251650E-15
1.60102  7.226520E-15
1.60142  7.222860E-15
1.60183  7.207100E-15
1.60223  7.180930E-15
1.60263  7.187110E-15
1.60303  7.262030E-15
1.60344  7.214270E-15
1.60384  7.223060E-15
1.60424  7.175510E-15
1.60465  7.241580E-15
1.60505  7.243820E-15
1.60545  7.275870E-15
1.60586  7.265430E-15
1.60626  7.257580E-15
1.60666  7.269120E-15
1.60706  7.318250E-15
1.60747  7.233860E-15
1.60787  7.246590E-15
1.60827  7.269800E-15
1.60868  7.310650E-15
1.60908  7.268680E-15
1.60948  7.299130E-15
1.60988  7.238350E-15
1.61029  7.254760E-15
1.61069  7.210960E-15
1.61109  7.208070E-15
1.6115  7.191940E-15
1.6119  7.194590E-15
1.6123  7.200760E-15
1.6127  7.230630E-15
1.61311  7.251150E-15
1.61351  7.276870E-15
1.61391  7.240550E-15
1.61432  7.306330E-15
1.61472  7.247210E-15
1.61512  7.250830E-15
1.61552  7.224360E-15
1.61593  7.257720E-15
1.61633  7.226120E-15
1.61673  7.216570E-15
1.61714  7.198080E-15
1.61754  7.230380E-15
1.61794  7.216210E-15
1.61834  7.183710E-15
1.61875  7.176400E-15
1.61915  7.173720E-15
1.61955  7.168430E-15
1.61995  7.166260E-15
1.62036  7.105910E-15
1.62076  7.161500E-15
1.62116  7.115690E-15
1.62157  7.121160E-15
1.62197  7.128990E-15
1.62237  7.145740E-15
1.62277  7.107480E-15
1.62318  7.092670E-15
1.62358  7.144310E-15
1.62398  7.111680E-15
1.62438  7.084170E-15
1.62479  7.156860E-15
1.62519  7.093810E-15
1.62559  7.116480E-15
1.626  7.097980E-15
1.6264  7.115280E-15
1.6268  7.099790E-15
1.6272  7.132550E-15
1.62761  7.116650E-15
1.62801  7.098070E-15
1.62841  7.085980E-15
1.62881  7.118430E-15
1.62922  7.122140E-15
1.62962  7.154360E-15
1.63002  7.132700E-15
1.63043  7.142830E-15
1.63083  7.116200E-15
1.63123  7.111750E-15
1.63163  7.097560E-15
1.63204  7.149350E-15
1.63244  7.122850E-15
1.63284  7.148210E-15
1.63324  7.143910E-15
1.63365  7.167580E-15
1.63405  7.181950E-15
1.63445  7.166840E-15
1.63486  7.155710E-15
1.63526  7.158090E-15
1.63566  7.166370E-15
1.63606  7.194590E-15
1.63647  7.217930E-15
1.63687  7.229770E-15
1.63727  7.205190E-15
1.63767  7.219630E-15
1.63808  7.150610E-15
1.63848  7.247730E-15
1.63888  7.162170E-15
1.63928  7.176130E-15
1.63969  7.146210E-15
1.64009  7.142120E-15
1.64049  7.093350E-15
1.64089  7.091340E-15
1.6413  7.104370E-15
1.6417  7.150320E-15
1.6421  7.175040E-15
1.64251  7.159720E-15
1.64291  7.199130E-15
1.64331  7.212650E-15
1.64371  7.215140E-15
1.64412  7.213460E-15
1.64452  7.237780E-15
1.64492  7.250060E-15
1.64532  7.224640E-15
1.64573  7.233490E-15
1.64613  7.227510E-15
1.64653  7.237110E-15
1.64693  7.189880E-15
1.64734  7.268320E-15
1.64774  7.204580E-15
1.64814  7.190840E-15
1.64854  7.192130E-15
1.64895  7.185500E-15
1.64935  7.220150E-15
1.64975  7.184830E-15
1.65015  7.190570E-15
1.65056  7.163490E-15
1.65096  7.162620E-15
1.65136  7.179900E-15
1.65176  7.214870E-15
1.65217  7.200650E-15
1.65257  7.182790E-15
1.65297  7.227650E-15
1.65337  7.143190E-15
1.65378  7.170560E-15
1.65418  7.137090E-15
1.65458  7.186830E-15
1.65498  7.120050E-15
1.65539  7.154960E-15
1.65579  7.117980E-15
1.65619  7.130190E-15
1.65659  7.096980E-15
1.657  7.106310E-15
1.6574  7.095020E-15
1.6578  7.082590E-15
1.6582  7.116200E-15
1.65861  7.106730E-15
1.65901  7.069850E-15
1.65941  7.122210E-15
1.65981  7.082720E-15
1.66022  7.075730E-15
1.66062  7.085940E-15
1.66102  7.072660E-15
1.66142  7.076010E-15
1.66183  7.075070E-15
1.66223  7.049080E-15
1.66263  7.073600E-15
1.66303  7.059100E-15
1.66344  7.086170E-15
1.66384  7.037750E-15
1.66424  7.060090E-15
1.66464  7.070920E-15
1.66505  7.086080E-15
1.66545  7.070930E-15
1.66585  7.076220E-15
1.66625  7.047810E-15
1.66666  7.087280E-15
1.66706  7.076420E-15
1.66746  7.133810E-15
1.66786  7.080830E-15
1.66827  7.079220E-15
1.66867  7.025130E-15
1.66907  7.094550E-15
1.66947  7.101690E-15
1.66988  7.060020E-15
1.67028  7.067800E-15
1.67068  7.086030E-15
1.67108  7.074780E-15
1.67149  7.116630E-15
1.67189  7.085570E-15
1.67229  7.109640E-15
1.67269  7.108420E-15
1.6731  7.140890E-15
1.6735  7.127110E-15
1.6739  7.122710E-15
1.6743  7.129340E-15
1.67471  7.161310E-15
1.67511  7.144870E-15
1.67551  7.158510E-15
1.67591  7.150100E-15
1.67632  7.151290E-15
1.67672  7.157360E-15
1.67712  7.183330E-15
1.67752  7.170960E-15
1.67792  7.198100E-15
1.67833  7.177130E-15
1.67873  7.155320E-15
1.67913  7.123330E-15
1.67953  7.161860E-15
1.67994  7.145030E-15
1.68034  7.171980E-15
1.68074  7.125760E-15
1.68114  7.134310E-15
1.68155  7.180460E-15
1.68195  7.176120E-15
1.68235  7.174040E-15
1.68275  7.207320E-15
1.68316  7.182400E-15
1.68356  7.201240E-15
1.68396  7.175160E-15
1.68436  7.189500E-15
1.68477  7.182620E-15
1.68517  7.177350E-15
1.68557  7.158580E-15
1.68597  7.161370E-15
1.68638  7.188700E-15
1.68678  7.124050E-15
1.68718  7.107690E-15
1.68758  7.129050E-15
1.68798  7.136480E-15
1.68839  7.148950E-15
1.68879  7.108970E-15
1.68919  7.082830E-15
1.68959  7.065350E-15
1.69  7.061800E-15
1.6904  7.117910E-15
1.6908  7.045630E-15
1.6912  7.060520E-15
1.69161  7.087290E-15
1.69201  7.103090E-15
1.69241  7.061370E-15
1.69281  7.017170E-15
1.69322  7.065310E-15
1.69362  7.027940E-15
1.69402  7.054830E-15
1.69442  7.027580E-15
1.69483  7.053610E-15
1.69523  7.047140E-15
1.69563  7.035540E-15
1.69603  7.026650E-15
1.69643  7.030020E-15
1.69684  7.058870E-15
1.69724  6.997080E-15
1.69764  7.038880E-15
1.69804  7.069130E-15
1.69845  6.993840E-15
1.69885  7.008240E-15
1.69925  6.984190E-15
1.69965  7.015240E-15
1.70006  6.973870E-15
1.70046  7.019810E-15
1.70086  6.997450E-15
1.70126  6.983110E-15
1.70167  7.003820E-15
1.70207  7.016410E-15
1.70247  6.999690E-15
1.70287  7.010940E-15
1.70327  7.011330E-15
1.70368  7.038290E-15
1.70408  7.008720E-15
1.70448  7.017060E-15
1.70488  6.996850E-15
1.70529  7.005150E-15
1.70569  7.003960E-15
1.70609  7.029790E-15
1.70649  7.026140E-15
1.7069  7.033700E-15
1.7073  7.048300E-15
1.7077  7.015800E-15
1.7081  7.029700E-15
1.70851  6.989080E-15
1.70891  7.026330E-15
1.70931  7.029760E-15
1.70971  7.026600E-15
1.71011  7.001670E-15
1.71052  7.037090E-15
1.71092  7.015820E-15
1.71132  6.988700E-15
1.71172  6.997940E-15
1.71213  6.978730E-15
1.71253  7.051110E-15
1.71293  7.016100E-15
1.71333  7.043680E-15
1.71374  7.024230E-15
1.71414  7.083220E-15
1.71454  7.065850E-15
1.71494  7.052810E-15
1.71534  7.055660E-15
1.71575  7.052920E-15
1.71615  7.027050E-15
1.71655  7.041520E-15
1.71695  7.014270E-15
1.71736  7.028070E-15
1.71776  7.053670E-15
1.71816  7.040720E-15
1.71856  7.040470E-15
1.71897  7.026300E-15
1.71937  7.053860E-15
1.71977  7.019280E-15
1.72017  7.043260E-15
1.72058  7.035940E-15
1.72098  7.036950E-15
1.72138  7.044150E-15
1.72178  7.014900E-15
1.72218  7.053370E-15
1.72259  7.050440E-15
1.72299  7.008320E-15
1.72339  7.090850E-15
1.72379  7.094920E-15
1.7242  7.079630E-15
1.7246  7.062820E-15
1.725  7.021790E-15
1.7254  7.127120E-15
1.72581  7.049490E-15
1.72621  7.066160E-15
1.72661  7.080240E-15
1.72701  7.063460E-15
1.72741  7.062460E-15
1.72782  7.081510E-15
1.72822  7.082110E-15
1.72862  7.155870E-15
1.72902  7.089290E-15
1.72943  7.110130E-15
1.72983  7.123420E-15
1.73023  7.088370E-15
1.73063  7.126440E-15
1.73104  7.144330E-15
1.73144  7.138140E-15
1.73184  7.099330E-15
1.73224  7.093340E-15
1.73265  7.108760E-15
1.73305  7.122470E-15
1.73345  7.081970E-15
1.73385  7.101350E-15
1.73425  7.090090E-15
1.73466  7.054960E-15
1.73506  7.073080E-15
1.73546  7.047230E-15
1.73586  7.075170E-15
1.73627  7.068150E-15
1.73667  7.059480E-15
1.73707  7.090360E-15
1.73747  7.084840E-15
1.73788  7.128440E-15
1.73828  7.185520E-15
1.73868  7.136030E-15
1.73908  7.117380E-15
1.73948  7.144450E-15
1.73989  7.138190E-15
1.74029  7.154490E-15
1.74069  7.145590E-15
1.74109  7.165100E-15
1.7415  7.090490E-15
1.7419  7.105740E-15
1.7423  7.140470E-15
1.7427  7.107190E-15
1.74311  7.129040E-15
1.74351  7.080010E-15
1.74391  7.114590E-15
1.74431  7.070550E-15
1.74472  7.068120E-15
1.74512  7.051460E-15
1.74552  7.084510E-15
1.74592  7.095360E-15
1.74632  7.079370E-15
1.74673  7.056280E-15
1.74713  7.069650E-15
1.74753  7.050790E-15
1.74793  7.124870E-15
1.74834  7.053870E-15
1.74874  7.028080E-15
1.74914  7.029950E-15
1.74954  7.039750E-15
1.74995  7.016270E-15
1.75035  6.991020E-15
1.75075  7.030230E-15
1.75115  7.016640E-15
1.75156  7.005760E-15
1.75196  7.002770E-15
1.75236  6.993130E-15
1.75276  7.026370E-15
1.75316  6.959820E-15
1.75357  7.010220E-15
1.75397  6.994860E-15
1.75437  7.014200E-15
1.75477  7.013780E-15
1.75518  7.003300E-15
1.75558  6.970470E-15
1.75598  7.030940E-15
1.75638  6.981250E-15
1.75679  6.980560E-15
1.75719  6.997400E-15
1.75759  7.029020E-15
1.75799  7.026450E-15
1.7584  6.975610E-15
1.7588  6.950690E-15
1.7592  6.947020E-15
1.7596  6.983070E-15
1.76001  6.991620E-15
1.76041  7.028680E-15
1.76081  6.966650E-15
1.76121  6.990040E-15
1.76161  6.951580E-15
1.76202  6.977420E-15
1.76242  6.953200E-15
1.76282  6.993750E-15
1.76322  6.975290E-15
1.76363  6.923080E-15
1.76403  6.940490E-15
1.76443  6.979380E-15
1.76483  6.933000E-15
1.76524  6.982810E-15
1.76564  7.019340E-15
1.76604  6.899750E-15
1.76644  6.973640E-15
1.76685  6.999700E-15
1.76725  6.938100E-15
1.76765  6.884840E-15
1.76805  6.856200E-15
1.76846  6.805330E-15
1.76886  6.832920E-15
1.76926  6.843300E-15
1.76966  6.799300E-15
1.77007  6.804560E-15
1.77047  6.866340E-15
1.77087  6.844360E-15
1.77127  6.883220E-15
1.77167  6.858380E-15
1.77208  6.853530E-15
1.77248  6.842020E-15
1.77288  6.861180E-15
1.77328  6.881130E-15
1.77369  6.903750E-15
1.77409  6.897460E-15
1.77449  6.876170E-15
1.77489  6.912990E-15
1.7753  6.945140E-15
1.7757  6.895700E-15
1.7761  6.880660E-15
1.7765  6.868890E-15
1.77691  6.912150E-15
1.77731  6.890720E-15
1.77771  6.896060E-15
1.77811  6.943810E-15
1.77852  6.912760E-15
1.77892  6.881030E-15
1.77932  6.881170E-15
1.77972  6.933950E-15
1.78013  6.879730E-15
1.78053  6.916680E-15
1.78093  6.922250E-15
1.78133  6.874800E-15
1.78174  6.892100E-15
1.78214  6.940590E-15
1.78254  6.904870E-15
1.78294  6.906910E-15
1.78335  6.922620E-15
1.78375  6.899900E-15
1.78415  6.910420E-15
1.78455  6.854370E-15
1.78496  6.845580E-15
1.78536  6.890040E-15
1.78576  6.952930E-15
1.78616  6.900630E-15
1.78657  6.860760E-15
1.78697  6.915410E-15
1.78737  6.872050E-15
1.78777  6.905270E-15
1.78818  6.957270E-15
1.78858  6.937460E-15
1.78898  6.914410E-15
1.78938  6.905620E-15
1.78979  6.948330E-15
1.79019  6.891440E-15
1.79059  6.931230E-15
1.79099  6.890360E-15
1.7914  6.957200E-15
1.7918  6.931230E-15
1.7922  6.933870E-15
1.7926  6.885530E-15
1.79301  6.901310E-15
1.79341  6.911380E-15
1.79381  6.928770E-15
1.79421  6.842650E-15
1.79462  6.892400E-15
1.79502  6.913200E-15
1.79542  6.937020E-15
1.79582  6.900690E-15
1.79623  6.968720E-15
1.79663  6.901320E-15
1.79703  6.892600E-15
1.79743  6.859100E-15
1.79784  6.935160E-15
1.79824  6.917840E-15
1.79864  6.847920E-15
1.79904  6.954170E-15
1.79945  6.975110E-15
1.79985  6.998580E-15
1.80025  6.937830E-15
1.80065  7.047090E-15
1.80106  6.923300E-15
1.80146  6.989880E-15
1.80186  6.985900E-15
1.80227  6.999430E-15
1.80267  6.954230E-15
1.80307  7.041200E-15
1.80347  7.032190E-15
1.80388  6.978900E-15
1.80428  7.021760E-15
1.80468  6.992780E-15
1.80508  7.078030E-15
1.80549  6.984650E-15
1.80589  6.951720E-15
1.80629  6.939450E-15
1.80669  6.981950E-15
1.8071  7.035340E-15
1.8075  7.007900E-15
1.8079  6.930430E-15
1.8083  7.019930E-15
1.80871  6.970230E-15
1.80911  6.955660E-15
1.80951  7.016310E-15
1.80991  7.069550E-15
1.81032  7.063400E-15
1.81072  6.879370E-15
1.81112  6.842270E-15
1.81153  7.116590E-15
1.81193  7.117330E-15
1.81233  7.085960E-15
1.81273  6.932510E-15
1.81314  7.068290E-15
1.81354  7.104390E-15
1.81394  7.141410E-15
1.81434  7.087990E-15
1.81475  7.146790E-15
1.81515  7.031120E-15
1.81555  7.010090E-15
1.81595  7.008710E-15
1.81636  7.113130E-15
1.81676  7.100280E-15
1.81716  7.108300E-15
1.81757  7.067760E-15
1.81797  7.174970E-15
1.81837  7.035330E-15
1.88221  7.091510E-15
1.88275  7.121000E-15
1.88329  7.153330E-15
1.88383  7.048590E-15
1.88437  6.913820E-15
1.88491  6.927360E-15
1.88544  7.129240E-15
1.88598  7.115180E-15
1.88652  7.035450E-15
1.88706  6.999650E-15
1.8876  6.912040E-15
1.88814  7.050460E-15
1.88868  7.070970E-15
1.88922  7.030280E-15
1.88976  7.060890E-15
1.8903  6.934100E-15
1.89084  6.864250E-15
1.89138  7.171170E-15
1.89192  7.204020E-15
1.89246  7.026020E-15
1.893  7.001490E-15
1.89354  7.186820E-15
1.89408  7.084830E-15
1.89462  7.020780E-15
1.89516  7.065340E-15
1.8957  7.083370E-15
1.89624  7.059110E-15
1.89678  7.015790E-15
1.89732  7.136500E-15
1.89786  7.155780E-15
1.8984  7.114120E-15
1.89894  7.201740E-15
1.89948  7.362470E-15
1.90002  7.133820E-15
1.90056  7.312270E-15
1.9011  7.222810E-15
1.90164  7.241950E-15
1.90218  7.330530E-15
1.90272  7.248620E-15
1.90326  7.017470E-15
1.9038  7.037760E-15
1.90434  7.365180E-15
1.90488  7.428680E-15
1.90542  7.233150E-15
1.90596  6.859840E-15
1.9065  7.418590E-15
1.90704  7.227580E-15
1.90757  7.035510E-15
1.90811  7.196000E-15
1.90865  7.138370E-15
1.90919  6.982860E-15
1.90973  7.002760E-15
1.91027  7.098920E-15
1.91081  7.002540E-15
1.91135  7.017910E-15
1.91189  7.012120E-15
1.91243  7.018710E-15
1.91297  7.293110E-15
1.91351  7.112880E-15
1.91405  6.950180E-15
1.91459  7.037660E-15
1.91513  7.148830E-15
1.91567  7.150000E-15
1.91621  7.116100E-15
1.91675  6.889870E-15
1.91729  6.866050E-15
1.91783  7.030740E-15
1.91837  7.014030E-15
1.9189  7.063420E-15
1.91944  7.103350E-15
1.91998  6.845410E-15
1.92052  6.628130E-15
1.92106  6.996210E-15
1.9216  6.999300E-15
1.92214  7.075090E-15
1.92268  7.015620E-15
1.92322  6.977470E-15
1.92376  6.940200E-15
1.9243  6.787960E-15
1.92484  6.754500E-15
1.92538  6.989250E-15
1.92592  7.036430E-15
1.92646  6.958650E-15
1.927  6.897580E-15
1.92753  6.797510E-15
1.92807  6.965380E-15
1.92861  7.054370E-15
1.92915  6.889240E-15
1.92969  6.997880E-15
1.93023  7.111170E-15
1.93077  6.933620E-15
1.93131  6.934450E-15
1.93185  6.987930E-15
1.93239  7.044220E-15
1.93293  6.998900E-15
1.93347  7.023470E-15
1.93401  6.960770E-15
1.93455  6.909540E-15
1.93508  6.961090E-15
1.93562  7.038710E-15
1.93616  7.017210E-15
1.9367  6.925450E-15
1.93724  6.997920E-15
1.93778  7.073110E-15
1.93832  7.032950E-15
1.93886  7.046540E-15
1.9394  7.109890E-15
1.93994  6.978370E-15
1.94048  7.135530E-15
1.94102  7.199230E-15
1.94155  7.083080E-15
1.94209  7.064890E-15
1.94263  7.090620E-15
1.94317  7.066800E-15
1.94371  7.005460E-15
1.94425  7.094860E-15
1.94479  7.166600E-15
1.94533  7.256940E-15
1.94587  7.287190E-15
1.94641  7.360360E-15
1.94695  7.283920E-15
1.94748  7.323160E-15
1.94802  7.270490E-15
1.94856  7.288990E-15
1.9491  7.268380E-15
1.94964  7.305800E-15
1.95018  7.284920E-15
1.95072  7.262670E-15
1.95126  7.239580E-15
1.9518  7.245000E-15
1.95234  7.291780E-15
1.95287  7.227090E-15
1.95341  7.216200E-15
1.95395  7.240350E-15
1.95449  7.310740E-15
1.95503  7.276130E-15
1.95557  7.299740E-15
1.95611  7.275180E-15
1.95665  7.240380E-15
1.95719  7.283490E-15
1.95773  7.249250E-15
1.95826  7.232500E-15
1.9588  7.221830E-15
1.95934  7.188550E-15
1.95988  7.153520E-15
1.96042  7.199450E-15
1.96096  7.120310E-15
1.9615  7.076990E-15
1.96204  7.087770E-15
1.96258  7.090070E-15
1.96311  7.041330E-15
1.96365  7.072000E-15
1.96419  7.069980E-15
1.96473  7.079550E-15
1.96527  6.994200E-15
1.96581  7.033840E-15
1.96635  6.985220E-15
1.96689  6.998370E-15
1.96742  6.978280E-15
1.96796  6.987620E-15
1.9685  6.950460E-15
1.96904  6.961560E-15
1.96958  6.937450E-15
1.97012  6.905470E-15
1.97066  6.949970E-15
1.9712  6.942150E-15
1.97174  6.898530E-15
1.97227  6.904780E-15
1.97281  6.910450E-15
1.97335  6.916170E-15
1.97389  6.889450E-15
1.97443  6.890010E-15
1.97497  6.904200E-15
1.97551  6.886360E-15
1.97605  6.889070E-15
1.97658  6.886060E-15
1.97712  6.846650E-15
1.97766  6.855460E-15
1.9782  6.861660E-15
1.97874  6.857640E-15
1.97928  6.888570E-15
1.97982  6.838800E-15
1.98035  6.828800E-15
1.98089  6.851380E-15
1.98143  6.862470E-15
1.98197  6.850070E-15
1.98251  6.821160E-15
1.98305  6.836180E-15
1.98359  6.852540E-15
1.98412  6.864990E-15
1.98466  6.858790E-15
1.9852  6.830210E-15
1.98574  6.799840E-15
1.98628  6.846720E-15
1.98682  6.843500E-15
1.98736  6.825060E-15
1.98789  6.844400E-15
1.98843  6.872900E-15
1.98897  6.847050E-15
1.98951  6.860250E-15
1.99005  6.829410E-15
1.99059  6.825410E-15
1.99113  6.842700E-15
1.99166  6.855750E-15
1.9922  6.850160E-15
1.99274  6.842030E-15
1.99328  6.847110E-15
1.99382  6.855240E-15
1.99436  6.853250E-15
1.9949  6.874080E-15
1.99543  6.872270E-15
1.99597  6.882680E-15
1.99651  6.914970E-15
1.99705  6.942060E-15
1.99759  6.917190E-15
1.99813  6.946280E-15
1.99866  6.970020E-15
1.9992  7.006500E-15
1.99974  7.030290E-15
2.00028  7.085460E-15
2.00082  7.085020E-15
2.00136  7.075030E-15
2.0019  7.131530E-15
2.00243  7.170260E-15
2.00297  7.169730E-15
2.00351  7.224080E-15
2.00405  7.209140E-15
2.00459  7.232720E-15
2.00513  7.217290E-15
2.00566  7.243080E-15
2.0062  7.227850E-15
2.00674  7.223780E-15
2.00728  7.204840E-15
2.00782  7.192780E-15
2.00836  7.201340E-15
2.00889  7.192200E-15
2.00943  7.218190E-15
2.00997  7.174270E-15
2.01051  7.189650E-15
2.01105  7.222390E-15
2.01159  7.278770E-15
2.01212  7.246920E-15
2.01266  7.225760E-15
2.0132  7.272610E-15
2.01374  7.218990E-15
2.01428  7.229590E-15
2.01482  7.243910E-15
2.01535  7.197550E-15
2.01589  7.183200E-15
2.01643  7.199830E-15
2.01697  7.202650E-15
2.01751  7.164070E-15
2.01804  7.149190E-15
2.01858  7.141890E-15
2.01912  7.098080E-15
2.01966  7.076100E-15
2.0202  7.074470E-15
2.02074  7.050050E-15
2.02127  7.021280E-15
2.02181  7.026320E-15
2.02235  6.972740E-15
2.02289  6.990490E-15
2.02343  7.007710E-15
2.02396  6.994420E-15
2.0245  6.944710E-15
2.02504  6.947680E-15
2.02558  6.914540E-15
2.02612  6.934670E-15
2.02666  6.906280E-15
2.02719  6.919310E-15
2.02773  6.891040E-15
2.02827  6.917630E-15
2.02881  6.913080E-15
2.02935  6.864870E-15
2.02988  6.880220E-15
2.03042  6.855300E-15
2.03096  6.853890E-15
2.0315  6.844940E-15
2.03204  6.835480E-15
2.03257  6.830850E-15
2.03311  6.843520E-15
2.03365  6.850730E-15
2.03419  6.802870E-15
2.03473  6.855580E-15
2.03527  6.840250E-15
2.0358  6.840530E-15
2.03634  6.848630E-15
2.03688  6.827050E-15
2.03742  6.797510E-15
2.03796  6.810080E-15
2.03849  6.787160E-15
2.03903  6.818900E-15
2.03957  6.817770E-15
2.04011  6.792040E-15
2.04065  6.818120E-15
2.04118  6.811970E-15
2.04172  6.807520E-15
2.04226  6.793940E-15
2.0428  6.808140E-15
2.04334  6.807240E-15
2.04387  6.790750E-15
2.04441  6.820210E-15
2.04495  6.805520E-15
2.04549  6.797160E-15
2.04603  6.802680E-15
2.04656  6.794910E-15
2.0471  6.813420E-15
2.04764  6.818210E-15
2.04818  6.806520E-15
2.04871  6.805560E-15
2.04925  6.804110E-15
2.04979  6.820760E-15
2.05033  6.835760E-15
2.05087  6.833160E-15
2.0514  6.806540E-15
2.05194  6.835740E-15
2.05248  6.818820E-15
2.05302  6.847790E-15
2.05356  6.843620E-15
2.05409  6.842670E-15
2.05463  6.847490E-15
2.05517  6.855870E-15
2.05571  6.855560E-15
2.05625  6.851920E-15
2.05678  6.847890E-15
2.05732  6.846470E-15
2.05786  6.813370E-15
2.0584  6.829490E-15
2.05893  6.833430E-15
2.05947  6.799840E-15
2.06001  6.802920E-15
2.06055  6.812020E-15
2.06109  6.769700E-15
2.06162  6.806890E-15
2.06216  6.804070E-15
2.0627  6.816610E-15
2.06324  6.810760E-15
2.06377  6.802050E-15
2.06431  6.803610E-15
2.06485  6.812560E-15
2.06539  6.797930E-15
2.06593  6.833430E-15
2.06646  6.798820E-15
2.067  6.828820E-15
2.06754  6.831380E-15
2.06808  6.825790E-15
2.06861  6.840830E-15
2.06915  6.819850E-15
2.06969  6.822800E-15
2.07023  6.840630E-15
2.07077  6.832250E-15
2.0713  6.808830E-15
2.07184  6.823680E-15
2.07238  6.822600E-15
2.07292  6.827620E-15
2.07345  6.793440E-15
2.07399  6.799870E-15
2.07453  6.826650E-15
2.07507  6.809260E-15
2.0756  6.834850E-15
2.07614  6.830390E-15
2.07668  6.815260E-15
2.07722  6.817690E-15
2.07775  6.796090E-15
2.07829  6.786310E-15
2.07883  6.810650E-15
2.07937  6.796600E-15
2.07991  6.783490E-15
2.08044  6.804340E-15
2.08098  6.783320E-15
2.08152  6.771420E-15
2.08206  6.802950E-15
2.08259  6.817640E-15
2.08313  6.822170E-15
2.08367  6.821100E-15
2.08421  6.806940E-15
2.08474  6.801330E-15
2.08528  6.820970E-15
2.08582  6.833700E-15
2.08636  6.821090E-15
2.08689  6.792800E-15
2.08743  6.823420E-15
2.08797  6.810950E-15
2.08851  6.812710E-15
2.08904  6.813210E-15
2.08958  6.842900E-15
2.09012  6.818240E-15
2.09066  6.852000E-15
2.09119  6.819420E-15
2.09173  6.842650E-15
2.09227  6.849470E-15
2.09281  6.872440E-15
2.09334  6.863690E-15
2.09388  6.869270E-15
2.09442  6.856850E-15
2.09496  6.881810E-15
2.09549  6.891300E-15
2.09603  6.907470E-15
2.09657  6.908930E-15
2.09711  6.925430E-15
2.09764  6.901380E-15
2.09818  6.960570E-15
2.09872  6.922970E-15
2.09926  6.952510E-15
2.09979  6.956870E-15
2.10033  6.987930E-15
2.10087  6.999720E-15
2.10141  7.004510E-15
2.10194  7.000320E-15
2.10248  7.011850E-15
2.10302  7.027740E-15
2.10356  7.014660E-15
2.10409  7.016590E-15
2.10463  7.033910E-15
2.10517  7.034890E-15
2.10571  7.046840E-15
2.10624  7.034010E-15
2.10678  7.041010E-15
2.10732  7.017160E-15
2.10786  7.050970E-15
2.10839  7.023950E-15
2.10893  7.040200E-15
2.10947  7.015860E-15
2.11001  7.006410E-15
2.11054  6.981320E-15
2.11108  6.964450E-15
2.11162  6.985440E-15
2.11215  6.992100E-15
2.11269  6.962770E-15
2.11323  6.985580E-15
2.11377  6.957710E-15
2.1143  6.924330E-15
2.11484  6.923530E-15
2.11538  6.914110E-15
2.11592  6.917400E-15
2.11645  6.929180E-15
2.11699  6.909160E-15
2.11753  6.912120E-15
2.11807  6.890860E-15
2.1186  6.893250E-15
2.11914  6.888010E-15
2.11968  6.901010E-15
2.12022  6.879630E-15
2.12075  6.886190E-15
2.12129  6.875620E-15
2.12183  6.901620E-15
2.12236  6.864820E-15
2.1229  6.881530E-15
2.12344  6.873400E-15
2.12398  6.915820E-15
2.12451  6.901450E-15
2.12505  6.885260E-15
2.12559  6.889820E-15
2.12613  6.901550E-15
2.12666  6.902900E-15
2.1272  6.897450E-15
2.12774  6.899720E-15
2.12827  6.924620E-15
2.12881  6.913960E-15
2.12935  6.912270E-15
2.12989  6.889620E-15
2.13042  6.940110E-15
2.13096  6.899740E-15
2.1315  6.915550E-15
2.13203  6.923790E-15
2.13257  6.941640E-15
2.13311  6.920650E-15
2.13365  6.947440E-15
2.13418  6.952110E-15
2.13472  6.947150E-15
2.13526  6.950860E-15
2.1358  6.929040E-15
2.13633  6.957270E-15
2.13687  6.977550E-15
2.13741  6.945620E-15
2.13794  6.984030E-15
2.13848  6.963910E-15
2.13902  7.004910E-15
2.13956  6.970980E-15
2.14009  7.009940E-15
2.14063  6.988450E-15
2.14117  7.007320E-15
2.1417  6.994790E-15
2.14224  7.019530E-15
2.14278  7.023980E-15
2.14332  7.046950E-15
2.14385  7.044910E-15
2.14439  7.072850E-15
2.14493  7.071500E-15
2.14546  7.095120E-15
2.146  7.099870E-15
2.14654  7.111160E-15
2.14708  7.133720E-15
2.14761  7.166860E-15
2.14815  7.215560E-15
2.14869  7.201050E-15
2.14922  7.225360E-15
2.14976  7.232430E-15
2.1503  7.251870E-15
2.15084  7.284290E-15
2.15137  7.356440E-15
2.15191  7.338910E-15
2.15245  7.365920E-15
2.15298  7.396800E-15
2.15352  7.416290E-15
2.15406  7.459520E-15
2.15459  7.515280E-15
2.15513  7.551490E-15
2.15567  7.561520E-15
2.15621  7.638620E-15
2.15674  7.656950E-15
2.15728  7.724000E-15
2.15782  7.765680E-15
2.15835  7.861950E-15
2.15889  7.915380E-15
2.15943  7.980380E-15
2.15997  8.070590E-15
2.1605  8.151120E-15
2.16104  8.245220E-15
2.16158  8.329580E-15
2.16211  8.405970E-15
2.16265  8.528580E-15
2.16319  8.683710E-15
2.16372  8.802940E-15
2.16426  8.903410E-15
2.1648  9.103620E-15
2.16534  9.305190E-15
2.16587  9.454130E-15
2.16641  9.625600E-15
2.16695  9.784100E-15
2.16748  9.894390E-15
2.16802  1.001640E-14
2.16856  1.015660E-14
2.16909  1.025630E-14
2.16963  1.039670E-14
2.17017  1.047200E-14
2.17071  1.055810E-14
2.17124  1.059620E-14
2.17178  1.058130E-14
2.17232  1.058940E-14
2.17285  1.058090E-14
2.17339  1.053150E-14
2.17393  1.046680E-14
2.17446  1.037610E-14
2.175  1.027890E-14
2.17554  1.016740E-14
2.17608  1.008650E-14
2.17661  9.973940E-15
2.17715  9.814000E-15
2.17769  9.749250E-15
2.17822  9.619990E-15
2.17876  9.514020E-15
2.1793  9.373880E-15
2.17983  9.272990E-15
2.18037  9.119470E-15
2.18091  8.981190E-15
2.18144  8.836960E-15
2.18198  8.688780E-15
2.18252  8.567190E-15
2.18306  8.427680E-15
2.18359  8.265920E-15
2.18413  8.183180E-15
2.18467  8.090290E-15
2.1852  8.000720E-15
2.18574  7.884230E-15
2.18628  7.840380E-15
2.18681  7.769920E-15
2.18735  7.722000E-15
2.18789  7.651690E-15
2.18842  7.585630E-15
2.18896  7.553920E-15
2.1895  7.526100E-15
2.19003  7.471090E-15
2.19057  7.447500E-15
2.19111  7.388980E-15
2.19165  7.372300E-15
2.19218  7.361980E-15
2.19272  7.319440E-15
2.19326  7.240100E-15
2.19379  7.259640E-15
2.19433  7.253460E-15
2.19487  7.210760E-15
2.1954  7.187010E-15
2.19594  7.156300E-15
2.19648  7.143580E-15
2.19701  7.147400E-15
2.19755  7.124630E-15
2.19809  7.115540E-15
2.19862  7.084780E-15
2.19916  7.076230E-15
2.1997  7.057120E-15
2.20023  7.028110E-15
2.20077  7.043270E-15
2.20131  7.014660E-15
2.20185  6.996470E-15
2.20238  6.959680E-15
2.20292  6.964720E-15
2.20346  6.962750E-15
2.20399  6.920060E-15
2.20453  6.942710E-15
2.20507  6.907220E-15
2.2056  6.897260E-15
2.20614  6.907980E-15
2.20668  6.870360E-15
2.20721  6.865630E-15
2.20775  6.878550E-15
2.20829  6.866070E-15
2.20882  6.849360E-15
2.20936  6.861180E-15
2.2099  6.837170E-15
2.21043  6.844360E-15
2.21097  6.834110E-15
2.21151  6.796900E-15
2.21204  6.810110E-15
2.21258  6.782020E-15
2.21312  6.799310E-15
2.21365  6.788020E-15
2.21419  6.796060E-15
2.21473  6.781510E-15
2.21526  6.788850E-15
2.2158  6.757730E-15
2.21634  6.774910E-15
2.21687  6.764300E-15
2.21741  6.749010E-15
2.21795  6.756170E-15
2.21849  6.765330E-15
2.21902  6.743090E-15
2.21956  6.750290E-15
2.2201  6.758950E-15
2.22063  6.766840E-15
2.22117  6.782830E-15
2.22171  6.753180E-15
2.22224  6.744690E-15
2.22278  6.767470E-15
2.22332  6.717080E-15
2.22385  6.731260E-15
2.22439  6.696160E-15
2.22493  6.736030E-15
2.22546  6.744970E-15
2.226  6.730060E-15
2.22654  6.739270E-15
2.22707  6.726590E-15
2.22761  6.708260E-15
2.22815  6.746890E-15
2.22868  6.716110E-15
2.22922  6.703260E-15
2.22976  6.734120E-15
2.23029  6.708500E-15
2.23083  6.715560E-15
2.23137  6.751840E-15
2.2319  6.715550E-15
2.23244  6.716110E-15
2.23298  6.735360E-15
2.23351  6.741820E-15
2.23405  6.715400E-15
2.23459  6.739440E-15
2.23512  6.727640E-15
2.23566  6.722340E-15
2.2362  6.738970E-15
2.23673  6.731740E-15
2.23727  6.744100E-15
2.23781  6.734350E-15
2.23834  6.744260E-15
2.23888  6.774700E-15
2.23942  6.752710E-15
2.23995  6.773400E-15
2.24049  6.753610E-15
2.24103  6.760430E-15
2.24156  6.766200E-15
2.2421  6.788720E-15
2.24264  6.750860E-15
2.24317  6.776260E-15
2.24371  6.814730E-15
2.24425  6.809820E-15
2.24478  6.809550E-15
2.24532  6.829180E-15
2.24586  6.827230E-15
2.24639  6.868050E-15
2.24693  6.885540E-15
2.24747  6.901210E-15
2.248  6.903010E-15
2.24854  6.907240E-15
2.24908  6.895000E-15
2.24961  6.920360E-15
2.25015  6.986210E-15
2.25069  6.950010E-15
2.25122  6.933220E-15
2.25176  6.927830E-15
2.2523  6.942580E-15
2.25283  6.937500E-15
2.25337  6.921850E-15
2.25391  6.968140E-15
2.25444  6.970520E-15
2.25498  6.941870E-15
2.25551  6.935130E-15
2.25605  6.945970E-15
2.25659  6.941260E-15
2.25712  6.930010E-15
2.25766  6.923440E-15
2.2582  6.924550E-15
2.25873  6.896550E-15
2.25927  6.895440E-15
2.25981  6.914940E-15
2.26034  6.909600E-15
2.26088  6.894300E-15
2.26142  6.905860E-15
2.26195  6.894270E-15
2.26249  6.876050E-15
2.26303  6.869810E-15
2.26356  6.844520E-15
2.2641  6.836070E-15
2.26464  6.851700E-15
2.26517  6.825910E-15
2.26571  6.835570E-15
2.26625  6.832400E-15
2.26678  6.819190E-15
2.26732  6.804920E-15
2.26786  6.818800E-15
2.26839  6.804270E-15
2.26893  6.796420E-15
2.26947  6.785290E-15
2.27  6.804580E-15
2.27054  6.762140E-15
2.27108  6.756120E-15
2.27161  6.772190E-15
2.27215  6.772720E-15
2.27269  6.737240E-15
2.27322  6.728770E-15
2.27376  6.727310E-15
2.27429  6.728850E-15
2.27483  6.741840E-15
2.27537  6.708460E-15
2.2759  6.692010E-15
2.27644  6.692800E-15
2.27698  6.685720E-15
2.27751  6.690140E-15
2.27805  6.659020E-15
2.27859  6.685920E-15
2.27912  6.670510E-15
2.27966  6.645630E-15
2.2802  6.658660E-15
2.28073  6.640160E-15
2.28127  6.646820E-15
2.28181  6.670640E-15
2.28234  6.640440E-15
2.28288  6.637570E-15
2.28342  6.629800E-15
2.28395  6.640120E-15
2.28449  6.649700E-15
2.28503  6.650750E-15
2.28556  6.621430E-15
2.2861  6.604150E-15
2.28664  6.622020E-15
2.28717  6.604850E-15
2.28771  6.595670E-15
2.28824  6.615720E-15
2.28878  6.607570E-15
2.28932  6.602390E-15
2.28985  6.607700E-15
2.29039  6.599260E-15
2.29093  6.619040E-15
2.29146  6.607920E-15
2.292  6.580570E-15
2.29254  6.592300E-15
2.29307  6.582270E-15
2.29361  6.601540E-15
2.29415  6.597650E-15
2.29468  6.604990E-15
2.29522  6.583880E-15
2.29576  6.591640E-15
2.29629  6.597850E-15
2.29683  6.570180E-15
2.29737  6.618860E-15
2.2979  6.602890E-15
2.29844  6.585640E-15
2.29897  6.582090E-15
2.29951  6.600050E-15
2.30005  6.588720E-15
2.30058  6.584760E-15
2.30112  6.573410E-15
2.30166  6.558990E-15
2.30219  6.571730E-15
2.30273  6.570960E-15
2.30327  6.545860E-15
2.3038  6.568840E-15
2.30434  6.547070E-15
2.30488  6.568130E-15
2.30541  6.551210E-15
2.30595  6.557600E-15
2.30649  6.547750E-15
2.30702  6.540080E-15
2.30756  6.563370E-15
2.3081  6.568440E-15
2.30863  6.545790E-15
2.30917  6.528980E-15
2.3097  6.512070E-15
2.31024  6.525990E-15
2.31078  6.512500E-15
2.31131  6.535370E-15
2.31185  6.488690E-15
2.31239  6.509500E-15
2.31292  6.536410E-15
2.31346  6.511090E-15
2.314  6.513570E-15
2.31453  6.495840E-15
2.31507  6.538060E-15
2.31561  6.560910E-15
2.31614  6.565320E-15
2.31668  6.541990E-15
2.31722  6.577500E-15
2.31775  6.560560E-15
2.31829  6.574870E-15
2.31882  6.547830E-15
2.31936  6.547790E-15
2.3199  6.542540E-15
2.32043  6.537400E-15
2.32097  6.506040E-15
2.32151  6.539960E-15
2.32204  6.543140E-15
2.32258  6.528260E-15
2.32312  6.533430E-15
2.32365  6.509860E-15
2.32419  6.541100E-15
2.32473  6.520350E-15
2.32526  6.556280E-15
2.3258  6.505870E-15
2.32634  6.510810E-15
2.32687  6.527940E-15
2.32741  6.496810E-15
2.32794  6.526380E-15
2.32848  6.502290E-15
2.32902  6.483180E-15
2.32955  6.533950E-15
2.33009  6.522890E-15
2.33063  6.503660E-15
2.33116  6.508520E-15
2.3317  6.510400E-15
2.33224  6.503150E-15
2.33277  6.482800E-15
2.33331  6.517170E-15
2.33385  6.503140E-15
2.33438  6.493260E-15
2.33492  6.515430E-15
2.33545  6.514790E-15
2.33599  6.520020E-15
2.33653  6.531480E-15
2.33706  6.528310E-15
2.3376  6.523680E-15
2.33814  6.512180E-15
2.33867  6.508050E-15
2.33921  6.522460E-15
2.33975  6.518690E-15
2.34028  6.523880E-15
2.34082  6.491970E-15
2.34136  6.513330E-15
2.34189  6.519890E-15
2.34243  6.544530E-15
2.34297  6.525320E-15
2.3435  6.536620E-15
2.34404  6.500880E-15
2.34457  6.536990E-15
2.34511  6.495260E-15
2.34565  6.531110E-15
2.34618  6.519350E-15
2.34672  6.506780E-15
2.34726  6.527180E-15
2.34779  6.482550E-15
2.34833  6.486440E-15
2.34887  6.512720E-15
2.3494  6.521840E-15
2.34994  6.516750E-15
2.35048  6.539350E-15
2.35101  6.516270E-15
2.35155  6.531490E-15
2.35209  6.526840E-15
2.35262  6.504510E-15
2.35316  6.529620E-15
2.35369  6.512680E-15
2.35423  6.517740E-15
2.35477  6.493560E-15
2.3553  6.534330E-15
2.35584  6.490680E-15
2.35638  6.532850E-15
2.35691  6.534750E-15
2.35745  6.528220E-15
2.35799  6.540000E-15
2.35852  6.499120E-15
2.35906  6.471910E-15
2.3596  6.479000E-15
2.36013  6.493530E-15
2.36067  6.486400E-15
2.3612  6.464740E-15
2.36174  6.461140E-15
2.36228  6.498520E-15
2.36281  6.492800E-15
2.36335  6.478920E-15
2.36389  6.473830E-15
2.36442  6.494770E-15
2.36496  6.454870E-15
2.3655  6.498390E-15
2.36603  6.497230E-15
2.36657  6.500730E-15
2.36711  6.490820E-15
2.36764  6.496680E-15
2.36818  6.504470E-15
2.36872  6.518460E-15
2.36925  6.511940E-15
2.36979  6.567620E-15
2.37032  6.560140E-15
2.37086  6.522240E-15
2.3714  6.502380E-15
2.37193  6.566660E-15
2.37247  6.531680E-15
2.37301  6.504090E-15
2.37354  6.502550E-15
2.37408  6.474950E-15
2.37462  6.501290E-15
2.37515  6.475280E-15
2.37569  6.501830E-15
2.37623  6.496720E-15
2.37676  6.481590E-15
2.3773  6.494390E-15
2.37784  6.488130E-15
2.37837  6.474590E-15
2.37891  6.515660E-15
2.37944  6.508460E-15
2.37998  6.482360E-15
2.38052  6.471700E-15
2.38105  6.472060E-15
2.38159  6.485290E-15
2.38213  6.488970E-15
2.38266  6.490480E-15
2.3832  6.475500E-15
2.38374  6.449420E-15
2.38427  6.498450E-15
2.38481  6.464160E-15
2.38535  6.519850E-15
2.38588  6.494100E-15
2.38642  6.460100E-15
2.38696  6.462880E-15
2.38749  6.507600E-15
2.38803  6.467310E-15
2.38856  6.493640E-15
2.3891  6.478760E-15
2.38964  6.525250E-15
2.39017  6.464910E-15
2.39071  6.527680E-15
2.39125  6.488550E-15
2.39178  6.441170E-15
2.39232  6.470070E-15
2.39286  6.518940E-15
2.39339  6.463540E-15
2.39393  6.456580E-15
2.39447  6.461580E-15
2.395  6.462290E-15
2.39554  6.490220E-15
2.39608  6.476780E-15
2.39661  6.440510E-15
2.39715  6.429960E-15
2.39768  6.455840E-15
2.39822  6.463630E-15
2.39876  6.436220E-15
2.39929  6.443530E-15
2.39983  6.447930E-15
2.40037  6.434400E-15
2.4009  6.423630E-15
2.40144  6.431580E-15
2.40198  6.446510E-15
2.40251  6.461580E-15
2.40305  6.463610E-15
2.40359  6.459430E-15
2.40412  6.405100E-15
2.40466  6.430070E-15
2.4052  6.455960E-15
2.40573  6.481580E-15
2.40627  6.431000E-15
2.40681  6.411320E-15
2.40734  6.428900E-15
2.40788  6.429780E-15
2.40841  6.458140E-15
2.40895  6.484510E-15
2.40949  6.436780E-15
2.41002  6.405120E-15
2.41056  6.424170E-15
2.4111  6.446290E-15
2.41163  6.398450E-15
2.41217  6.408420E-15
2.41271  6.408510E-15
2.41324  6.421050E-15
2.41378  6.425510E-15
2.41432  6.452780E-15
2.41485  6.442210E-15
2.41539  6.476620E-15
2.41593  6.414690E-15
2.41646  6.387170E-15
2.417  6.458120E-15
2.41754  6.495050E-15
2.41807  6.443440E-15
2.41861  6.428820E-15
2.41914  6.377510E-15
2.41968  6.434750E-15
2.42022  6.447720E-15
2.42075  6.447660E-15
2.42129  6.428820E-15
2.42183  6.426390E-15
2.42236  6.412330E-15
2.4229  6.417320E-15
2.42344  6.421160E-15
2.42397  6.413420E-15
2.42451  6.389630E-15
2.42505  6.401370E-15
2.42558  6.435410E-15
