0.806385  1.275694E-14
0.806587  1.272496E-14
0.806789  1.274322E-14
0.806991  1.279725E-14
0.807193  1.275759E-14
0.807395  1.251811E-14
0.807597  1.271087E-14
0.807799  1.282682E-14
0.808001  1.273196E-14
0.808204  1.284921E-14
0.808406  1.266774E-14
0.808608  1.258273E-14
0.80881  1.265934E-14
0.809012  1.261038E-14
0.809214  1.268387E-14
0.809416  1.256946E-14
0.809618  1.259122E-14
0.80982  1.276893E-14
0.810022  1.241097E-14
0.81012  1.250962E-14
0.810354  1.264399E-14
0.810588  1.261565E-14
0.810821  1.262051E-14
0.811055  1.267417E-14
0.811288  1.272574E-14
0.811522  1.259216E-14
0.811756  1.276996E-14
0.811989  1.269036E-14
0.812223  1.259779E-14
0.812456  1.278625E-14
0.81269  1.284963E-14
0.812924  1.279600E-14
0.813157  1.295654E-14
0.813391  1.299298E-14
0.813624  1.286544E-14
0.813858  1.293564E-14
0.814091  1.296660E-14
0.814325  1.292248E-14
0.814558  1.302051E-14
0.814792  1.305049E-14
0.815025  1.314853E-14
0.815259  1.307424E-14
0.815492  1.296896E-14
0.815726  1.299803E-14
0.815959  1.275326E-14
0.816193  1.270120E-14
0.816426  1.268618E-14
0.81666  1.258041E-14
0.816893  1.253426E-14
0.817126  1.238021E-14
0.81736  1.246639E-14
0.817593  1.219851E-14
0.817827  1.212834E-14
0.81806  1.210989E-14
0.818293  1.218247E-14
0.818527  1.224378E-14
0.81876  1.226107E-14
0.818993  1.223360E-14
0.819227  1.212653E-14
0.81946  1.220149E-14
0.819693  1.206244E-14
0.819927  1.212459E-14
0.82016  1.210660E-14
0.820393  1.217153E-14
0.820627  1.209344E-14
0.82086  1.208345E-14
0.821093  1.208428E-14
0.821326  1.207039E-14
0.82156  1.199015E-14
0.821793  1.197916E-14
0.822026  1.219748E-14
0.822259  1.219086E-14
0.822493  1.207401E-14
0.822726  1.210174E-14
0.822959  1.202740E-14
0.823192  1.201901E-14
0.823425  1.206660E-14
0.823659  1.198390E-14
0.823892  1.192468E-14
0.824125  1.196198E-14
0.824358  1.191520E-14
0.824591  1.199926E-14
0.824824  1.185203E-14
0.825058  1.193257E-14
0.825291  1.195392E-14
0.825524  1.192324E-14
0.825757  1.188895E-14
0.82599  1.179388E-14
0.826223  1.180732E-14
0.826456  1.187112E-14
0.826689  1.185909E-14
0.826922  1.184773E-14
0.827155  1.190526E-14
0.827388  1.188921E-14
0.827621  1.201973E-14
0.827855  1.192418E-14
0.828088  1.190864E-14
0.828321  1.185421E-14
0.828554  1.182832E-14
0.828787  1.179900E-14
0.82902  1.178663E-14
0.829253  1.186604E-14
0.829486  1.184021E-14
0.829719  1.199201E-14
0.829952  1.194820E-14
0.830184  1.189743E-14
0.830417  1.200660E-14
0.83065  1.186058E-14
0.830883  1.183681E-14
0.831116  1.193025E-14
0.831349  1.200805E-14
0.831582  1.185386E-14
0.831815  1.179200E-14
0.832048  1.174621E-14
0.832281  1.192581E-14
0.832514  1.178811E-14
0.832747  1.189121E-14
0.832979  1.196592E-14
0.833212  1.187471E-14
0.833445  1.187312E-14
0.833678  1.196729E-14
0.833911  1.188630E-14
0.834144  1.185714E-14
0.834376  1.180836E-14
0.834609  1.188565E-14
0.834842  1.185708E-14
0.835075  1.191843E-14
0.835308  1.192045E-14
0.83554  1.185468E-14
0.835773  1.181922E-14
0.836006  1.180929E-14
0.836239  1.177854E-14
0.836471  1.190045E-14
0.836704  1.190593E-14
0.836937  1.186375E-14
0.83717  1.189435E-14
0.837402  1.199145E-14
0.837635  1.195120E-14
0.837868  1.181918E-14
0.8381  1.189453E-14
0.838333  1.187520E-14
0.838566  1.199276E-14
0.838799  1.202361E-14
0.839031  1.196849E-14
0.839264  1.195327E-14
0.839497  1.186049E-14
0.839729  1.194624E-14
0.839962  1.191011E-14
0.840194  1.197247E-14
0.840427  1.190977E-14
0.84066  1.194793E-14
0.840892  1.191156E-14
0.841125  1.201560E-14
0.841358  1.205305E-14
0.84159  1.194124E-14
0.841823  1.203199E-14
0.842055  1.203067E-14
0.842288  1.202404E-14
0.84252  1.198020E-14
0.842753  1.202028E-14
0.842986  1.211898E-14
0.843218  1.201048E-14
0.843451  1.201058E-14
0.843683  1.194880E-14
0.843916  1.201363E-14
0.844148  1.199473E-14
0.844381  1.222012E-14
0.844613  1.214811E-14
0.844846  1.230679E-14
0.845078  1.212865E-14
0.845311  1.208343E-14
0.845543  1.204105E-14
0.845775  1.197322E-14
0.846008  1.204587E-14
0.84624  1.212474E-14
0.846473  1.194842E-14
0.846705  1.202444E-14
0.846938  1.206462E-14
0.84717  1.201946E-14
0.847403  1.212638E-14
0.847635  1.211603E-14
0.847867  1.213172E-14
0.8481  1.215777E-14
0.848332  1.214450E-14
0.848565  1.219815E-14
0.848797  1.216536E-14
0.849029  1.219631E-14
0.849262  1.213732E-14
0.849494  1.212940E-14
0.849726  1.226133E-14
0.849959  1.216196E-14
0.850191  1.211035E-14
0.850423  1.209178E-14
0.850656  1.214684E-14
0.850888  1.219642E-14
0.85112  1.223437E-14
0.851353  1.219979E-14
0.851585  1.212539E-14
0.851817  1.213539E-14
0.852049  1.207107E-14
0.852282  1.207691E-14
0.852514  1.217541E-14
0.852746  1.211362E-14
0.852978  1.223416E-14
0.853211  1.200704E-14
0.853443  1.206481E-14
0.853675  1.208166E-14
0.853907  1.216172E-14
0.85414  1.211415E-14
0.854372  1.212698E-14
0.854604  1.203889E-14
0.854836  1.204220E-14
0.855068  1.209397E-14
0.855301  1.208385E-14
0.855533  1.203125E-14
0.855765  1.210092E-14
0.855997  1.216197E-14
0.856229  1.214740E-14
0.856461  1.204903E-14
0.856694  1.213487E-14
0.856926  1.208681E-14
0.857158  1.211439E-14
0.85739  1.208983E-14
0.857622  1.200864E-14
0.857854  1.206673E-14
0.858086  1.208052E-14
0.858318  1.225363E-14
0.85855  1.214035E-14
0.858783  1.212238E-14
0.859015  1.221645E-14
0.859247  1.219860E-14
0.859479  1.202837E-14
0.859711  1.215611E-14
0.859943  1.196774E-14
0.860175  1.191789E-14
0.860407  1.211939E-14
0.860639  1.216227E-14
0.860871  1.219000E-14
0.861103  1.227675E-14
0.861335  1.212113E-14
0.861567  1.204962E-14
0.861799  1.217805E-14
0.862031  1.209892E-14
0.862263  1.215826E-14
0.862495  1.217938E-14
0.862727  1.212499E-14
0.862959  1.208543E-14
0.863191  1.225483E-14
0.863423  1.218893E-14
0.863655  1.221713E-14
0.863887  1.236894E-14
0.864119  1.231197E-14
0.864351  1.231555E-14
0.864583  1.229377E-14
0.864815  1.242242E-14
0.865047  1.255163E-14
0.865278  1.241275E-14
0.86551  1.250400E-14
0.865742  1.254731E-14
0.865974  1.262086E-14
0.866206  1.255341E-14
0.866438  1.261856E-14
0.86667  1.245585E-14
0.866902  1.261802E-14
0.867134  1.273013E-14
0.867365  1.277890E-14
0.867597  1.287936E-14
0.867829  1.301688E-14
0.868061  1.314591E-14
0.868293  1.312219E-14
0.868525  1.317225E-14
0.868757  1.306974E-14
0.868988  1.301253E-14
0.86922  1.298885E-14
0.869452  1.311019E-14
0.869684  1.304616E-14
0.869916  1.314299E-14
0.870147  1.322214E-14
0.870379  1.319962E-14
0.870611  1.319397E-14
0.870843  1.340590E-14
0.871074  1.332954E-14
0.871306  1.343914E-14
0.871538  1.355993E-14
0.87177  1.361335E-14
0.872001  1.362364E-14
0.872233  1.363380E-14
0.872465  1.360046E-14
0.872697  1.353856E-14
0.872928  1.370713E-14
0.87316  1.364755E-14
0.873392  1.361887E-14
0.873624  1.353874E-14
0.873855  1.357902E-14
0.874087  1.359408E-14
0.874319  1.357468E-14
0.87455  1.333726E-14
0.874782  1.339297E-14
0.875014  1.323043E-14
0.875245  1.331095E-14
0.875477  1.346354E-14
0.875709  1.344277E-14
0.87594  1.367174E-14
0.876172  1.356387E-14
0.876404  1.363699E-14
0.876635  1.370072E-14
0.876867  1.352497E-14
0.877099  1.358138E-14
0.87733  1.354485E-14
0.877562  1.335519E-14
0.877793  1.326390E-14
0.878025  1.315466E-14
0.878257  1.300965E-14
0.878488  1.287533E-14
0.87872  1.287034E-14
0.878951  1.277743E-14
0.879183  1.280494E-14
0.879414  1.270039E-14
0.879646  1.257639E-14
0.879878  1.247695E-14
0.880109  1.247649E-14
0.880341  1.241521E-14
0.880572  1.238187E-14
0.880804  1.233892E-14
0.881035  1.239312E-14
0.881267  1.230350E-14
0.881498  1.218064E-14
0.88173  1.214973E-14
0.881961  1.208210E-14
0.882193  1.210479E-14
0.882424  1.211667E-14
0.882656  1.203846E-14
0.882887  1.193378E-14
0.883119  1.203259E-14
0.88335  1.217298E-14
0.883582  1.219287E-14
0.883813  1.208088E-14
0.884045  1.210325E-14
0.884276  1.213692E-14
0.884508  1.204451E-14
0.884739  1.189027E-14
0.884971  1.199459E-14
0.885202  1.184334E-14
0.885433  1.199275E-14
0.885665  1.185932E-14
0.885896  1.183752E-14
0.886128  1.186410E-14
0.886359  1.177801E-14
0.886591  1.184786E-14
0.886822  1.197928E-14
0.887053  1.184095E-14
0.887285  1.197630E-14
0.887516  1.189577E-14
0.887748  1.175531E-14
0.887979  1.186706E-14
0.88821  1.182943E-14
0.888442  1.180809E-14
0.888673  1.182248E-14
0.888904  1.169449E-14
0.889136  1.177207E-14
0.889367  1.163764E-14
0.889599  1.159462E-14
0.88983  1.148636E-14
0.890061  1.154516E-14
0.890293  1.144934E-14
0.890524  1.150412E-14
0.890755  1.129981E-14
0.890987  1.126085E-14
0.891218  1.123112E-14
0.891449  1.122190E-14
0.89168  1.118947E-14
0.891912  1.113951E-14
0.892143  1.113927E-14
0.892374  1.106708E-14
0.892606  1.105308E-14
0.892837  1.097265E-14
0.893068  1.095089E-14
0.8933  1.097553E-14
0.893531  1.070247E-14
0.893762  1.082987E-14
0.893993  1.070962E-14
0.894225  1.065533E-14
0.894456  1.056665E-14
0.894687  1.045332E-14
0.894918  1.061068E-14
0.89515  1.065631E-14
0.895381  1.063198E-14
0.895612  1.079417E-14
0.895843  1.071057E-14
0.896074  1.071507E-14
0.896306  1.075361E-14
0.896537  1.076990E-14
0.896768  1.080022E-14
0.896999  1.074122E-14
0.897231  1.078279E-14
0.897462  1.078424E-14
0.897693  1.074833E-14
0.897924  1.084809E-14
0.898155  1.092280E-14
0.898386  1.092076E-14
0.898618  1.106009E-14
0.898849  1.098819E-14
0.89908  1.098229E-14
0.899311  1.104332E-14
0.899542  1.110574E-14
0.899773  1.086789E-14
0.900005  1.092306E-14
0.900236  1.107942E-14
0.900467  1.089220E-14
0.900698  1.087404E-14
0.900929  1.083057E-14
0.90116  1.079483E-14
0.901391  1.067724E-14
0.901622  1.065613E-14
0.901854  1.058072E-14
0.902085  1.076136E-14
0.902316  1.068485E-14
0.902547  1.076347E-14
0.902778  1.066366E-14
0.903009  1.073777E-14
0.90324  1.068567E-14
0.903471  1.082631E-14
0.903702  1.076274E-14
0.903933  1.081262E-14
0.904165  1.066304E-14
0.904396  1.075072E-14
0.904627  1.067318E-14
0.904858  1.060499E-14
0.905089  1.056263E-14
0.90532  1.058809E-14
0.905551  1.053770E-14
0.905782  1.048166E-14
0.906013  1.051385E-14
0.906244  1.055667E-14
0.906475  1.054763E-14
0.906706  1.062213E-14
0.906937  1.058847E-14
0.907168  1.036621E-14
0.907399  1.046226E-14
0.90763  1.048977E-14
0.907861  1.040276E-14
0.908092  1.039045E-14
0.908323  1.038904E-14
0.908554  1.033377E-14
0.908785  1.029188E-14
0.909016  1.036265E-14
0.909247  1.032528E-14
0.909478  1.034703E-14
0.909709  1.020345E-14
0.90994  1.029848E-14
0.910171  1.018544E-14
0.910402  1.023382E-14
0.910633  1.014130E-14
0.910864  1.025889E-14
0.911095  1.023639E-14
0.911326  1.018761E-14
0.911557  1.020692E-14
0.911788  1.028101E-14
0.912019  1.011489E-14
0.91225  1.013366E-14
0.912481  1.020560E-14
0.912712  1.007157E-14
0.912943  1.016524E-14
0.913173  1.012104E-14
0.913404  1.016849E-14
0.913635  1.014020E-14
0.913866  1.021710E-14
0.914097  1.024830E-14
0.914328  1.016269E-14
0.914559  1.022337E-14
0.91479  1.010308E-14
0.915021  1.008888E-14
0.915252  9.967395E-15
0.915483  1.007901E-14
0.915713  9.976227E-15
0.915944  1.000658E-14
0.916175  1.009678E-14
0.916406  1.010165E-14
0.916637  9.976894E-15
0.916868  1.003771E-14
0.917099  1.011277E-14
0.91733  9.999421E-15
0.91756  1.013426E-14
0.917791  1.010858E-14
0.918022  1.007782E-14
0.918253  1.019212E-14
0.918484  1.014985E-14
0.918715  1.016876E-14
0.918946  1.026325E-14
0.919176  1.018707E-14
0.919407  1.027830E-14
0.919638  1.030613E-14
0.919869  1.030230E-14
0.9201  1.023823E-14
0.920331  1.023992E-14
0.920561  1.032595E-14
0.920792  1.029394E-14
0.921023  1.020197E-14
0.921254  1.028725E-14
0.921485  1.018527E-14
0.921715  1.029635E-14
0.921946  1.036060E-14
0.922177  1.027397E-14
0.922408  1.016062E-14
0.922639  1.018218E-14
0.922869  1.011615E-14
0.9231  1.020623E-14
0.923331  1.021830E-14
0.923562  1.016602E-14
0.923793  1.028781E-14
0.924023  1.017839E-14
0.924254  1.037953E-14
0.924485  1.021887E-14
0.924716  1.038196E-14
0.924946  1.025089E-14
0.925177  1.029113E-14
0.925408  1.023896E-14
0.925639  1.035003E-14
0.925869  1.029735E-14
0.9261  1.021896E-14
0.926331  1.034707E-14
0.926562  1.024432E-14
0.926792  1.029773E-14
0.927023  1.020309E-14
0.927254  1.016034E-14
0.927485  1.016704E-14
0.927715  1.020484E-14
0.927946  1.001460E-14
0.928177  1.003003E-14
0.928407  1.009431E-14
0.928638  1.021178E-14
0.928869  1.007165E-14
0.9291  9.967298E-15
0.92933  9.999711E-15
0.929561  9.904680E-15
0.929792  9.915787E-15
0.930022  1.003574E-14
0.930253  1.002864E-14
0.930484  9.942281E-15
0.930715  9.912977E-15
0.930945  9.803403E-15
0.931176  9.920115E-15
0.931407  9.877132E-15
0.931637  9.808098E-15
0.931868  9.900523E-15
0.932099  9.903441E-15
0.932329  9.783203E-15
0.93256  9.801083E-15
0.932791  9.835737E-15
0.933021  1.005024E-14
0.933252  9.833222E-15
0.933483  9.954039E-15
0.933713  9.969009E-15
0.933944  1.014140E-14
0.934175  1.001841E-14
0.934405  9.803663E-15
0.934636  9.996068E-15
0.934867  1.009902E-14
0.935097  1.019423E-14
0.935328  1.033881E-14
0.935558  1.021407E-14
0.935789  1.023959E-14
0.93602  1.036470E-14
0.93625  1.063048E-14
0.936481  1.062057E-14
0.936712  1.074443E-14
0.936942  1.073005E-14
0.937173  1.054626E-14
0.937404  1.057098E-14
0.937634  1.047411E-14
0.937865  1.022374E-14
0.938095  1.038274E-14
0.938326  1.009238E-14
0.938557  1.025430E-14
0.938787  1.022303E-14
0.939018  1.031028E-14
0.939248  1.037917E-14
0.939479  1.038385E-14
0.939543  1.035123E-14
0.939815  1.039515E-14
0.940086  1.037957E-14
0.940358  1.042725E-14
0.940629  1.034622E-14
0.940901  1.044471E-14
0.941172  1.042590E-14
0.941443  1.049901E-14
0.941715  1.042487E-14
0.941986  1.052796E-14
0.942257  1.057824E-14
0.942529  1.052755E-14
0.9428  1.044620E-14
0.943072  1.049767E-14
0.943343  1.058716E-14
0.943614  1.052774E-14
0.943886  1.052206E-14
0.944157  1.042323E-14
0.944428  1.051500E-14
0.9447  1.053647E-14
0.944971  1.053491E-14
0.945242  1.052937E-14
0.945514  1.066525E-14
0.945785  1.058109E-14
0.946056  1.050995E-14
0.946327  1.056683E-14
0.946599  1.047249E-14
0.94687  1.071985E-14
0.947141  1.060187E-14
0.947412  1.074352E-14
0.947684  1.068544E-14
0.947955  1.070054E-14
0.948226  1.065144E-14
0.948497  1.065386E-14
0.948769  1.076456E-14
0.94904  1.084315E-14
0.949311  1.082089E-14
0.949582  1.080269E-14
0.949853  1.071183E-14
0.950125  1.074575E-14
0.950396  1.078427E-14
0.950667  1.086357E-14
0.950938  1.076480E-14
0.951209  1.078764E-14
0.951481  1.083939E-14
0.951752  1.068285E-14
0.952023  1.073454E-14
0.952294  1.074223E-14
0.952565  1.071901E-14
0.952836  1.079196E-14
0.953107  1.072509E-14
0.953378  1.069836E-14
0.95365  1.065727E-14
0.953921  1.070672E-14
0.954192  1.056657E-14
0.954463  1.057680E-14
0.954734  1.053017E-14
0.955005  1.057660E-14
0.955276  1.056869E-14
0.955547  1.054001E-14
0.955818  1.045542E-14
0.956089  1.042530E-14
0.95636  1.040823E-14
0.956631  1.037785E-14
0.956902  1.042774E-14
0.957173  1.039098E-14
0.957444  1.041317E-14
0.957715  1.036785E-14
0.957986  1.036577E-14
0.958257  1.034403E-14
0.958528  1.028643E-14
0.958799  1.015090E-14
0.95907  1.018700E-14
0.959341  1.006723E-14
0.959612  1.004637E-14
0.959883  1.007329E-14
0.960154  1.001150E-14
0.960425  9.958010E-15
0.960696  9.911812E-15
0.960967  9.803879E-15
0.961238  9.759492E-15
0.961509  9.722466E-15
0.96178  9.589001E-15
0.962051  9.622038E-15
0.962322  9.680316E-15
0.962592  9.598163E-15
0.962863  9.556812E-15
0.963134  9.453203E-15
0.963405  9.352511E-15
0.963676  9.336864E-15
0.963947  9.401196E-15
0.964218  9.420447E-15
0.964489  9.402793E-15
0.964759  9.369038E-15
0.96503  9.330694E-15
0.965301  9.221036E-15
0.965572  9.286620E-15
0.965843  9.189960E-15
0.966114  9.218470E-15
0.966384  9.191598E-15
0.966655  9.149584E-15
0.966926  9.065351E-15
0.967197  9.063514E-15
0.967468  9.073382E-15
0.967738  9.089919E-15
0.968009  9.024871E-15
0.96828  9.006830E-15
0.968551  9.029215E-15
0.968821  9.024325E-15
0.969092  8.997685E-15
0.969363  8.966476E-15
0.969634  8.873720E-15
0.969904  8.989329E-15
0.970175  8.902161E-15
0.970446  9.021253E-15
0.970717  9.028971E-15
0.970987  8.842668E-15
0.971258  8.893034E-15
0.971529  8.977546E-15
0.971799  8.872527E-15
0.97207  8.896127E-15
0.972341  8.884343E-15
0.972611  8.927229E-15
0.972882  8.932435E-15
0.973153  8.900147E-15
0.973423  8.951304E-15
0.973694  9.002289E-15
0.973965  8.993245E-15
0.974235  8.937397E-15
0.974506  9.010039E-15
0.974777  9.039111E-15
0.975047  8.979243E-15
0.975318  8.928623E-15
0.975589  8.999600E-15
0.975859  8.995044E-15
0.97613  9.033323E-15
0.9764  9.073075E-15
0.976671  9.041570E-15
0.976942  9.125441E-15
0.977212  9.058499E-15
0.977483  9.067982E-15
0.977753  9.143054E-15
0.978024  9.208311E-15
0.978294  9.108694E-15
0.978565  9.224331E-15
0.978835  9.220973E-15
0.979106  9.225007E-15
0.979376  9.240182E-15
0.979647  9.241810E-15
0.979918  9.330065E-15
0.980188  9.306431E-15
0.980459  9.337882E-15
0.980729  9.276463E-15
0.981  9.421479E-15
0.98127  9.376390E-15
0.981541  9.331775E-15
0.981811  9.458151E-15
0.982082  9.400012E-15
0.982352  9.497082E-15
0.982622  9.487364E-15
0.982893  9.722128E-15
0.983163  9.741868E-15
0.983434  9.987862E-15
0.983704  1.022362E-14
0.983975  1.053469E-14
0.984245  1.073771E-14
0.984516  1.078437E-14
0.984786  1.059308E-14
0.985056  1.035836E-14
0.985327  1.002731E-14
0.985597  9.821979E-15
0.985868  9.622273E-15
0.986138  9.542970E-15
0.986408  9.442742E-15
0.986679  9.422735E-15
0.986949  9.415847E-15
0.98722  9.446602E-15
0.98749  9.377797E-15
0.98776  9.393629E-15
0.988031  9.441404E-15
0.988301  9.303768E-15
0.988571  9.272435E-15
0.988842  9.339611E-15
0.989112  9.312860E-15
0.989382  9.332549E-15
0.989653  9.315390E-15
0.989923  9.321079E-15
0.990193  9.318744E-15
0.990464  9.408257E-15
0.990734  9.293086E-15
0.991004  9.333359E-15
0.991274  9.269738E-15
0.991545  9.283307E-15
0.991815  9.268331E-15
0.992085  9.238835E-15
0.992356  9.195298E-15
0.992626  9.173663E-15
0.992896  9.126048E-15
0.993166  9.215764E-15
0.993437  9.145407E-15
0.993707  9.155123E-15
0.993977  9.056286E-15
0.994247  9.103371E-15
0.994518  8.956264E-15
0.994788  8.985506E-15
0.995058  8.889136E-15
0.995328  8.943341E-15
0.995598  8.854882E-15
0.995869  8.860944E-15
0.996139  8.790627E-15
0.996409  8.800237E-15
0.996679  8.730098E-15
0.996949  8.699506E-15
0.99722  8.714739E-15
0.99749  8.734834E-15
0.99776  8.657579E-15
0.99803  8.649471E-15
0.9983  8.614704E-15
0.99857  8.590884E-15
0.99884  8.566850E-15
0.999111  8.611632E-15
0.999381  8.551440E-15
0.999651  8.534293E-15
0.999921  8.620645E-15
1.00019  8.617310E-15
1.00046  8.458729E-15
1.00073  8.559781E-15
1.001  8.528871E-15
1.00127  8.519100E-15
1.00154  8.573433E-15
1.00181  8.541113E-15
1.00208  8.456753E-15
1.00235  8.499306E-15
1.00262  8.536081E-15
1.00289  8.485956E-15
1.00316  8.512511E-15
1.00343  8.534710E-15
1.0037  8.487191E-15
1.00397  8.502547E-15
1.00424  8.467293E-15
1.00451  8.478349E-15
1.00478  8.437743E-15
1.00505  8.380642E-15
1.00532  8.421064E-15
1.00559  8.423854E-15
1.00586  8.366148E-15
1.00613  8.358173E-15
1.0064  8.377354E-15
1.00667  8.320375E-15
1.00694  8.365668E-15
1.00721  8.424306E-15
1.00748  8.358602E-15
1.00775  8.362484E-15
1.00802  8.434458E-15
1.00829  8.363660E-15
1.00856  8.333086E-15
1.00883  8.342669E-15
1.0091  8.343894E-15
1.00937  8.342876E-15
1.00964  8.376263E-15
1.00991  8.380817E-15
1.01018  8.321469E-15
1.01045  8.312161E-15
1.01072  8.354066E-15
1.01099  8.361997E-15
1.01126  8.424677E-15
1.01153  8.394583E-15
1.0118  8.422548E-15
1.01207  8.393228E-15
1.01234  8.363926E-15
1.01261  8.367944E-15
1.01288  8.301622E-15
1.01315  8.356828E-15
1.01342  8.338930E-15
1.01369  8.326895E-15
1.01396  8.395656E-15
1.01423  8.283750E-15
1.0145  8.320145E-15
1.01477  8.355499E-15
1.01504  8.341839E-15
1.01531  8.339481E-15
1.01558  8.424423E-15
1.01585  8.352987E-15
1.01612  8.332300E-15
1.01639  8.388717E-15
1.01666  8.395520E-15
1.01693  8.361316E-15
1.0172  8.452786E-15
1.01747  8.522670E-15
1.01774  8.442027E-15
1.01801  8.458338E-15
1.01828  8.534651E-15
1.01855  8.485895E-15
1.01882  8.481793E-15
1.01909  8.575489E-15
1.01936  8.523509E-15
1.01963  8.573318E-15
1.0199  8.590961E-15
1.02017  8.653048E-15
1.02044  8.626533E-15
1.02071  8.606308E-15
1.02098  8.602336E-15
1.02125  8.694395E-15
1.02152  8.768918E-15
1.02178  8.721049E-15
1.02205  8.842697E-15
1.02232  8.873515E-15
1.02259  8.894441E-15
1.02286  8.950236E-15
1.02313  8.966500E-15
1.0234  9.015116E-15
1.02367  8.970377E-15
1.02394  9.079929E-15
1.02421  9.080164E-15
1.02448  9.040129E-15
1.02475  9.072369E-15
1.02502  9.145682E-15
1.02529  9.105117E-15
1.02556  9.150611E-15
1.02583  9.103102E-15
1.0261  9.153951E-15
1.02637  9.151612E-15
1.02664  9.176863E-15
1.02691  9.187225E-15
1.02718  9.239352E-15
1.02745  9.328016E-15
1.02772  9.269231E-15
1.02799  9.314802E-15
1.02826  9.392599E-15
1.02853  9.291531E-15
1.0288  9.392221E-15
1.02907  9.443444E-15
1.02934  9.414164E-15
1.02961  9.471062E-15
1.02988  9.468874E-15
1.03014  9.600496E-15
1.03041  9.629082E-15
1.03068  9.609034E-15
1.03095  9.710013E-15
1.03122  9.673534E-15
1.03149  9.679331E-15
1.03176  9.756877E-15
1.03203  9.791228E-15
1.0323  9.801703E-15
1.03257  9.835791E-15
1.03284  9.806310E-15
1.03311  9.848253E-15
1.03338  9.816499E-15
1.03365  9.873959E-15
1.03392  9.806460E-15
1.03419  9.844675E-15
1.03446  9.864776E-15
1.03473  9.856058E-15
1.035  9.902418E-15
1.03527  9.869858E-15
1.03554  9.907293E-15
1.03581  9.903862E-15
1.03607  9.886574E-15
1.03634  9.944687E-15
1.03661  9.980472E-15
1.03688  1.001071E-14
1.03715  1.002940E-14
1.03742  1.009003E-14
1.03769  1.008403E-14
1.03796  1.000988E-14
1.03823  1.004120E-14
1.0385  1.006468E-14
1.03877  9.921629E-15
1.03904  9.974076E-15
1.03931  9.964850E-15
1.03958  9.928395E-15
1.03985  9.896888E-15
1.04012  9.906087E-15
1.04039  9.871724E-15
1.04066  9.858089E-15
1.04093  9.820293E-15
1.04119  9.741219E-15
1.04146  9.739677E-15
1.04173  9.814665E-15
1.042  9.803252E-15
1.04227  9.826162E-15
1.04254  9.764588E-15
1.04281  9.897945E-15
1.04308  9.891481E-15
1.04335  9.835509E-15
1.04362  9.827517E-15
1.04389  9.874426E-15
1.04416  9.829393E-15
1.04443  9.782992E-15
1.0447  9.682653E-15
1.04497  9.714622E-15
1.04524  9.704621E-15
1.04551  9.717859E-15
1.04577  9.652090E-15
1.04604  9.655426E-15
1.04631  9.601962E-15
1.04658  9.487669E-15
1.04685  9.472482E-15
1.04712  9.343277E-15
1.04739  9.148793E-15
1.04766  9.144524E-15
1.04793  9.089729E-15
1.0482  9.061115E-15
1.04847  8.952245E-15
1.04874  8.998634E-15
1.04901  8.900731E-15
1.04928  8.852762E-15
1.04955  8.837942E-15
1.04981  8.905790E-15
1.05008  8.713893E-15
1.05035  8.786751E-15
1.05062  8.697621E-15
1.05089  8.748078E-15
1.05116  8.632982E-15
1.05143  8.617505E-15
1.0517  8.533523E-15
1.05197  8.612120E-15
1.05224  8.566701E-15
1.05251  8.545488E-15
1.05278  8.456966E-15
1.05305  8.538364E-15
1.05332  8.519738E-15
1.05359  8.433657E-15
1.05385  8.427595E-15
1.05412  8.474877E-15
1.05439  8.406355E-15
1.05466  8.365917E-15
1.05493  8.374256E-15
1.0552  8.365171E-15
1.05547  8.355993E-15
1.05574  8.322310E-15
1.05601  8.282391E-15
1.05628  8.361063E-15
1.05655  8.337816E-15
1.05682  8.314009E-15
1.05709  8.283566E-15
1.05735  8.300542E-15
1.05762  8.237367E-15
1.05789  8.267099E-15
1.05816  8.329937E-15
1.05843  8.233585E-15
1.0587  8.197072E-15
1.05897  8.294984E-15
1.05924  8.233523E-15
1.05951  8.231171E-15
1.05978  8.151724E-15
1.06005  8.183096E-15
1.06032  8.221863E-15
1.06058  8.146206E-15
1.06085  8.130710E-15
1.06112  8.163432E-15
1.06139  8.120541E-15
1.06166  8.164885E-15
1.06193  8.099365E-15
1.0622  8.146946E-15
1.06247  8.104947E-15
1.06274  8.154131E-15
1.06301  8.139595E-15
1.06328  8.112397E-15
1.06355  8.133086E-15
1.06381  8.152678E-15
1.06408  8.078030E-15
1.06435  8.060218E-15
1.06462  8.122451E-15
1.06489  8.065834E-15
1.06516  8.032502E-15
1.06543  8.055061E-15
1.0657  8.034644E-15
1.06597  8.047063E-15
1.06624  8.136655E-15
1.06651  8.089420E-15
1.06678  8.080101E-15
1.06704  8.123824E-15
1.06731  8.028912E-15
1.06758  8.069314E-15
1.06785  8.050865E-15
1.06812  8.113187E-15
1.06839  8.102422E-15
1.06866  8.200933E-15
1.06893  8.161734E-15
1.0692  8.203092E-15
1.06947  8.163576E-15
1.06974  8.135258E-15
1.07  8.035971E-15
1.07027  8.028706E-15
1.07054  8.009068E-15
1.07081  8.054243E-15
1.07108  8.081851E-15
1.07135  8.081414E-15
1.07162  8.008433E-15
1.07189  8.116688E-15
1.07216  7.924187E-15
1.07243  8.065723E-15
1.07269  8.029750E-15
1.07296  8.106688E-15
1.07323  8.083925E-15
1.0735  8.147525E-15
1.07377  8.073685E-15
1.07404  8.110132E-15
1.07431  7.987797E-15
1.07458  8.052106E-15
1.07485  8.075311E-15
1.07512  8.096670E-15
1.07538  8.104002E-15
1.07565  8.176635E-15
1.07592  8.136097E-15
1.07619  8.135364E-15
1.07646  8.105146E-15
1.07673  8.113711E-15
1.077  8.110637E-15
1.07727  8.131554E-15
1.07754  8.113615E-15
1.07781  8.143138E-15
1.07807  8.090826E-15
1.07834  8.155102E-15
1.07861  8.068954E-15
1.07888  8.211619E-15
1.07915  8.183488E-15
1.07942  8.220968E-15
1.07969  8.193547E-15
1.07996  8.190689E-15
1.08023  8.117746E-15
1.0805  8.173850E-15
1.08076  8.207111E-15
1.08103  8.209391E-15
1.0813  8.207896E-15
1.08157  8.146878E-15
1.08184  8.255934E-15
1.08211  8.242160E-15
1.08238  8.160754E-15
1.08265  8.220635E-15
1.08292  8.145060E-15
1.08318  8.234662E-15
1.08345  8.209457E-15
1.08372  8.215106E-15
1.08399  8.223499E-15
1.08426  8.264146E-15
1.08453  8.283122E-15
1.0848  8.220210E-15
1.08507  8.218313E-15
1.08534  8.284584E-15
1.08561  8.296634E-15
1.08587  8.272670E-15
1.08614  8.257481E-15
1.08641  8.259988E-15
1.08668  8.271001E-15
1.08695  8.304294E-15
1.08722  8.367628E-15
1.08749  8.367730E-15
1.08776  8.331471E-15
1.08803  8.367662E-15
1.08829  8.306102E-15
1.08856  8.341587E-15
1.08883  8.324727E-15
1.0891  8.453471E-15
1.08937  8.355627E-15
1.08964  8.420375E-15
1.08991  8.374969E-15
1.09018  8.435286E-15
1.09044  8.430261E-15
1.09071  8.427431E-15
1.09098  8.450113E-15
1.09125  8.414862E-15
1.09152  8.448029E-15
1.09179  8.335870E-15
1.09206  8.417033E-15
1.09233  8.306585E-15
1.0926  8.300563E-15
1.09286  8.406473E-15
1.09313  8.329025E-15
1.0934  8.323373E-15
1.09367  8.434014E-15
1.09394  8.410484E-15
1.09421  8.429593E-15
1.09448  8.523668E-15
1.09475  8.520745E-15
1.09502  8.493634E-15
1.09528  8.321156E-15
1.09555  8.378258E-15
1.09582  8.312841E-15
1.09609  8.434912E-15
1.09636  8.356961E-15
1.09663  8.443067E-15
1.0969  8.416940E-15
1.09717  8.459356E-15
1.09743  8.463281E-15
1.0977  8.461403E-15
1.09797  8.451127E-15
1.09824  8.586481E-15
1.09851  8.612924E-15
1.09878  8.634406E-15
1.09905  8.638167E-15
1.09932  8.621309E-15
1.09958  8.600849E-15
1.09985  8.698975E-15
1.10012  8.613119E-15
1.10039  8.663704E-15
1.10066  8.666144E-15
1.10093  8.644705E-15
1.1012  8.659436E-15
1.10147  8.738754E-15
1.10173  8.696779E-15
1.102  8.823509E-15
1.10227  8.770771E-15
1.10254  8.829532E-15
1.10281  8.833043E-15
1.10308  8.908970E-15
1.10335  8.874595E-15
1.10362  8.960023E-15
1.10388  8.912975E-15
1.10415  9.027191E-15
1.10442  9.025463E-15
1.10469  9.039198E-15
1.10496  9.102064E-15
1.10523  9.166857E-15
1.1055  9.219401E-15
1.10577  9.274871E-15
1.10603  9.298627E-15
1.1063  9.405814E-15
1.10657  9.490386E-15
1.10684  9.508452E-15
1.10711  9.667820E-15
1.10738  9.694344E-15
1.10765  9.761945E-15
1.10792  9.779134E-15
1.10818  9.835653E-15
1.10845  9.951587E-15
1.10872  9.985748E-15
1.10899  1.013590E-14
1.10926  1.027649E-14
1.10953  1.040642E-14
1.1098  1.047690E-14
1.11007  1.062012E-14
1.11033  1.069541E-14
1.1106  1.082664E-14
1.11087  1.100788E-14
1.11114  1.108862E-14
1.11141  1.101738E-14
1.11168  1.125782E-14
1.11195  1.126036E-14
1.11221  1.144414E-14
1.11248  1.147392E-14
1.11275  1.165742E-14
1.11302  1.168644E-14
1.11329  1.184776E-14
1.11356  1.203929E-14
1.11383  1.211017E-14
1.1141  1.226894E-14
1.11436  1.251266E-14
1.11463  1.254181E-14
1.1149  1.260186E-14
1.11517  1.282878E-14
1.11544  1.311643E-14
1.11571  1.339469E-14
1.11598  1.341512E-14
1.11624  1.348295E-14
1.11651  1.370950E-14
1.11678  1.385825E-14
1.11705  1.421924E-14
1.11732  1.441492E-14
1.11759  1.473996E-14
1.11786  1.485357E-14
1.11813  1.516445E-14
1.11839  1.534267E-14
1.11866  1.554733E-14
1.11893  1.547023E-14
1.1192  1.544923E-14
1.11947  1.531996E-14
1.11974  1.500912E-14
1.12001  1.466934E-14
1.12027  1.450624E-14
1.12054  1.420840E-14
1.12081  1.406425E-14
1.12108  1.392626E-14
1.12135  1.368398E-14
1.12162  1.364762E-14
1.12189  1.351501E-14
1.12215  1.358250E-14
1.12242  1.339340E-14
1.12269  1.370074E-14
1.12296  1.358424E-14
1.12323  1.352863E-14
1.1235  1.350387E-14
1.12377  1.334474E-14
1.12404  1.340167E-14
1.1243  1.335156E-14
1.12457  1.331962E-14
1.12484  1.316940E-14
1.12511  1.282248E-14
1.12538  1.271462E-14
1.12565  1.270872E-14
1.12592  1.267648E-14
1.12618  1.272979E-14
1.12645  1.257873E-14
1.12672  1.256056E-14
1.12699  1.244815E-14
1.12726  1.238984E-14
1.12753  1.214284E-14
1.1278  1.223440E-14
1.12806  1.224734E-14
1.12821  1.222211E-14
1.12854  1.218940E-14
1.12886  1.213748E-14
1.12919  1.203148E-14
1.12951  1.186284E-14
1.12984  1.177798E-14
1.13016  1.162381E-14
1.13049  1.154818E-14
1.13081  1.141111E-14
1.13114  1.130841E-14
1.13146  1.119778E-14
1.13179  1.098133E-14
1.13211  1.089204E-14
1.13244  1.078476E-14
1.13276  1.071392E-14
1.13309  1.056246E-14
1.13341  1.049206E-14
1.13374  1.053788E-14
1.13407  1.040736E-14
1.13439  1.018658E-14
1.13472  1.011512E-14
1.13504  1.028087E-14
1.13537  1.030508E-14
1.13569  1.013179E-14
1.13602  1.003071E-14
1.13634  1.001879E-14
1.13667  9.917509E-15
1.13699  9.763589E-15
1.13732  9.653391E-15
1.13764  9.641436E-15
1.13797  9.520511E-15
1.13829  9.478544E-15
1.13862  9.448104E-15
1.13894  9.359230E-15
1.13927  9.279935E-15
1.13959  9.166901E-15
1.13992  9.191600E-15
1.14024  9.082842E-15
1.14057  9.056110E-15
1.14089  8.940539E-15
1.14122  8.906701E-15
1.14154  8.880105E-15
1.14187  8.786198E-15
1.14219  8.750765E-15
1.14252  8.686630E-15
1.14284  8.646576E-15
1.14317  8.605742E-15
1.14349  8.522935E-15
1.14382  8.464426E-15
1.14414  8.391865E-15
1.14447  8.402171E-15
1.14479  8.410861E-15
1.14512  8.394599E-15
1.14544  8.321641E-15
1.14577  8.359667E-15
1.14609  8.305784E-15
1.14642  8.274805E-15
1.14674  8.243309E-15
1.14707  8.171937E-15
1.14739  8.222780E-15
1.14772  8.212610E-15
1.14804  8.174677E-15
1.14837  8.169071E-15
1.14869  8.146788E-15
1.14902  8.094739E-15
1.14934  8.036901E-15
1.14967  8.060057E-15
1.14999  8.015635E-15
1.15032  8.051206E-15
1.15064  8.078192E-15
1.15097  8.052963E-15
1.15129  8.048368E-15
1.15162  8.066254E-15
1.15194  7.990631E-15
1.15226  7.963134E-15
1.15259  7.955184E-15
1.15291  8.056830E-15
1.15324  7.972067E-15
1.15356  8.011593E-15
1.15389  7.971696E-15
1.15421  7.999879E-15
1.15454  8.044085E-15
1.15486  8.037760E-15
1.15519  8.003106E-15
1.15551  7.976488E-15
1.15584  8.042962E-15
1.15616  8.028653E-15
1.15649  8.019454E-15
1.15681  8.045451E-15
1.15714  7.968532E-15
1.15746  8.043224E-15
1.15778  8.060327E-15
1.15811  8.073528E-15
1.15843  8.046949E-15
1.15876  8.127178E-15
1.15908  8.100236E-15
1.15941  8.107501E-15
1.15973  8.060967E-15
1.16006  8.067260E-15
1.16038  8.118953E-15
1.16071  8.110850E-15
1.16103  8.083046E-15
1.16136  8.074644E-15
1.16168  8.031661E-15
1.162  8.103033E-15
1.16233  8.058444E-15
1.16265  8.109107E-15
1.16298  8.112865E-15
1.1633  8.118939E-15
1.16363  8.180050E-15
1.16395  8.207585E-15
1.16428  8.212919E-15
1.1646  8.227919E-15
1.16493  8.190222E-15
1.16525  8.205480E-15
1.16557  8.229481E-15
1.1659  8.264758E-15
1.16622  8.194548E-15
1.16655  8.167755E-15
1.16687  8.166380E-15
1.1672  8.190664E-15
1.16752  8.146318E-15
1.16785  8.143501E-15
1.16817  8.113230E-15
1.16849  8.120811E-15
1.16882  8.108088E-15
1.16914  8.088940E-15
1.16947  8.087908E-15
1.16979  8.096098E-15
1.17012  8.074260E-15
1.17044  8.113207E-15
1.17077  8.099476E-15
1.17109  8.097959E-15
1.17141  8.060456E-15
1.17174  8.089440E-15
1.17206  8.082817E-15
1.17239  8.032646E-15
1.17271  8.003750E-15
1.17304  7.993273E-15
1.17336  7.949704E-15
1.17368  7.953029E-15
1.17401  7.899638E-15
1.17433  7.922818E-15
1.17466  7.885607E-15
1.17498  7.866680E-15
1.17531  7.838556E-15
1.17563  7.858465E-15
1.17595  7.836134E-15
1.17628  7.777091E-15
1.1766  7.690078E-15
1.17693  7.653967E-15
1.17725  7.642167E-15
1.17758  7.603637E-15
1.1779  7.609671E-15
1.17822  7.596523E-15
1.17855  7.606267E-15
1.17887  7.625620E-15
1.1792  7.603658E-15
1.17952  7.550632E-15
1.17985  7.528982E-15
1.18017  7.565503E-15
1.18049  7.517172E-15
1.18082  7.590326E-15
1.18114  7.541907E-15
1.18147  7.524957E-15
1.18179  7.488612E-15
1.18211  7.541012E-15
1.18244  7.541633E-15
1.18276  7.565214E-15
1.18309  7.530529E-15
1.18341  7.549629E-15
1.18373  7.515306E-15
1.18406  7.560439E-15
1.18438  7.542537E-15
1.18471  7.571492E-15
1.18503  7.543321E-15
1.18536  7.561211E-15
1.18568  7.504392E-15
1.186  7.530410E-15
1.18633  7.508518E-15
1.18665  7.500827E-15
1.18698  7.523504E-15
1.1873  7.515011E-15
1.18762  7.502790E-15
1.18795  7.506320E-15
1.18827  7.518219E-15
1.1886  7.540283E-15
1.18892  7.484591E-15
1.18924  7.564504E-15
1.18957  7.543826E-15
1.18989  7.521106E-15
1.19022  7.524625E-15
1.19054  7.517863E-15
1.19086  7.516647E-15
1.19119  7.491288E-15
1.19151  7.478338E-15
1.19184  7.528462E-15
1.19216  7.482066E-15
1.19248  7.528462E-15
1.19281  7.478449E-15
1.19313  7.505403E-15
1.19346  7.478024E-15
1.19378  7.539947E-15
1.1941  7.470843E-15
1.19443  7.513776E-15
1.19475  7.487467E-15
1.19507  7.500323E-15
1.1954  7.531125E-15
1.19572  7.539300E-15
1.19605  7.465070E-15
1.19637  7.512051E-15
1.19669  7.492988E-15
1.19702  7.468633E-15
1.19734  7.499022E-15
1.19767  7.507220E-15
1.19799  7.429899E-15
1.19831  7.478434E-15
1.19864  7.480713E-15
1.19896  7.496319E-15
1.19928  7.493764E-15
1.19961  7.530205E-15
1.19993  7.526673E-15
1.20026  7.518792E-15
1.20058  7.521166E-15
1.2009  7.524167E-15
1.20123  7.493607E-15
1.20155  7.494821E-15
1.20188  7.459946E-15
1.2022  7.519320E-15
1.20252  7.445129E-15
1.20285  7.519954E-15
1.20317  7.514536E-15
1.20349  7.535807E-15
1.20382  7.506542E-15
1.20414  7.524004E-15
1.20447  7.494303E-15
1.20479  7.500628E-15
1.20511  7.463924E-15
1.20544  7.491181E-15
1.20576  7.453089E-15
1.20608  7.495786E-15
1.20641  7.460980E-15
1.20673  7.543821E-15
1.20705  7.448692E-15
1.20738  7.462432E-15
1.2077  7.429709E-15
1.20803  7.464534E-15
1.20835  7.460660E-15
1.20867  7.529965E-15
1.209  7.479388E-15
1.20932  7.539067E-15
1.20964  7.525725E-15
1.20997  7.522787E-15
1.21029  7.525025E-15
1.21061  7.549683E-15
1.21094  7.521579E-15
1.21126  7.520932E-15
1.21159  7.456828E-15
1.21191  7.505082E-15
1.21223  7.486394E-15
1.21256  7.510673E-15
1.21288  7.465801E-15
1.2132  7.506590E-15
1.21353  7.498917E-15
1.21385  7.512438E-15
1.21417  7.497781E-15
1.2145  7.488349E-15
1.21482  7.459756E-15
1.21514  7.499360E-15
1.21547  7.414824E-15
1.21579  7.428798E-15
1.21612  7.412934E-15
1.21644  7.460828E-15
1.21676  7.429595E-15
1.21709  7.484511E-15
1.21741  7.473250E-15
1.21773  7.463195E-15
1.21806  7.458247E-15
1.21838  7.497135E-15
1.2187  7.448579E-15
1.21903  7.506589E-15
1.21935  7.504572E-15
1.21967  7.503205E-15
1.22  7.480139E-15
1.22032  7.492261E-15
1.22064  7.420527E-15
1.22097  7.422394E-15
1.22129  7.414494E-15
1.22161  7.405959E-15
1.22194  7.356015E-15
1.22226  7.397545E-15
1.22258  7.361809E-15
1.22291  7.428821E-15
1.22323  7.401443E-15
1.22355  7.486264E-15
1.22388  7.472173E-15
1.2242  7.458193E-15
1.22452  7.425153E-15
1.22485  7.496012E-15
1.22517  7.436154E-15
1.22549  7.498276E-15
1.22582  7.437485E-15
1.22614  7.525074E-15
1.22646  7.443029E-15
1.22679  7.489376E-15
1.22711  7.460086E-15
1.22743  7.489387E-15
1.22776  7.468978E-15
1.22808  7.432482E-15
1.2284  7.398847E-15
1.22873  7.438199E-15
1.22905  7.470247E-15
1.22937  7.483695E-15
1.2297  7.481321E-15
1.23002  7.513142E-15
1.23034  7.468596E-15
1.23067  7.494253E-15
1.23099  7.457767E-15
1.23131  7.468025E-15
1.23164  7.431221E-15
1.23196  7.459545E-15
1.23228  7.480716E-15
1.23261  7.528631E-15
1.23293  7.395291E-15
1.23325  7.492967E-15
1.23358  7.468600E-15
1.2339  7.485287E-15
1.23422  7.442326E-15
1.23455  7.437053E-15
1.23487  7.412744E-15
1.23519  7.473977E-15
1.23552  7.427623E-15
1.23584  7.462889E-15
1.23616  7.379379E-15
1.23649  7.437320E-15
1.23681  7.359582E-15
1.23713  7.396530E-15
1.23746  7.338256E-15
1.23778  7.407843E-15
1.2381  7.324761E-15
1.23843  7.425509E-15
1.23875  7.435601E-15
1.23907  7.440730E-15
1.23939  7.407922E-15
1.23972  7.412083E-15
1.24004  7.368383E-15
1.24036  7.480018E-15
1.24069  7.434473E-15
1.24101  7.435497E-15
1.24133  7.394355E-15
1.24166  7.424378E-15
1.24198  7.390356E-15
1.2423  7.405009E-15
1.24263  7.376721E-15
1.24295  7.407628E-15
1.24327  7.359877E-15
1.2436  7.433701E-15
1.24392  7.404612E-15
1.24424  7.374249E-15
1.24456  7.373540E-15
1.24489  7.459826E-15
1.24521  7.427656E-15
1.24553  7.479056E-15
1.24586  7.442879E-15
1.24618  7.452051E-15
1.2465  7.438437E-15
1.24683  7.500766E-15
1.24715  7.452331E-15
1.24747  7.437362E-15
1.24779  7.388777E-15
1.24812  7.438174E-15
1.24844  7.347070E-15
1.24876  7.418804E-15
1.24909  7.401595E-15
1.24941  7.399909E-15
1.24973  7.385285E-15
1.25006  7.382977E-15
1.25038  7.356878E-15
1.2507  7.426426E-15
1.25102  7.363749E-15
1.25135  7.431882E-15
1.25167  7.387282E-15
1.25199  7.455373E-15
1.25232  7.401006E-15
1.25264  7.395124E-15
1.25296  7.401636E-15
1.25329  7.435551E-15
1.25361  7.416876E-15
1.25393  7.437041E-15
1.25425  7.435026E-15
1.25458  7.496859E-15
1.2549  7.434595E-15
1.25522  7.480908E-15
1.25555  7.431461E-15
1.25587  7.505037E-15
1.25619  7.442109E-15
1.25651  7.497532E-15
1.25684  7.429240E-15
1.25716  7.488831E-15
1.25748  7.423769E-15
1.25781  7.463946E-15
1.25813  7.426012E-15
1.25845  7.453554E-15
1.25877  7.410613E-15
1.2591  7.480942E-15
1.25942  7.404033E-15
1.25974  7.451085E-15
1.26007  7.434927E-15
1.26039  7.472218E-15
1.26071  7.418434E-15
1.26103  7.492693E-15
1.26136  7.426368E-15
1.26168  7.506708E-15
1.262  7.409961E-15
1.26233  7.493601E-15
1.26265  7.415978E-15
1.26297  7.493557E-15
1.26329  7.409881E-15
1.26362  7.458969E-15
1.26394  7.450924E-15
1.26426  7.484148E-15
1.26459  7.413845E-15
1.26491  7.472097E-15
1.26523  7.423332E-15
1.26555  7.447011E-15
1.26588  7.418995E-15
1.2662  7.430436E-15
1.26652  7.410632E-15
1.26685  7.457446E-15
1.26717  7.405313E-15
1.26749  7.516022E-15
1.26781  7.444454E-15
1.26814  7.510694E-15
1.26846  7.402094E-15
1.26878  7.432464E-15
1.2691  7.478091E-15
1.26943  7.552771E-15
1.26975  7.419668E-15
1.27007  7.467284E-15
1.2704  7.389648E-15
1.27072  7.467346E-15
1.27104  7.354591E-15
1.27136  7.424255E-15
1.27169  7.394416E-15
1.27201  7.453704E-15
1.27233  7.375260E-15
1.27265  7.432755E-15
1.27298  7.430541E-15
1.2733  7.471667E-15
1.27362  7.433526E-15
1.27395  7.451157E-15
1.27427  7.414546E-15
1.27459  7.440363E-15
1.27491  7.462726E-15
1.27524  7.480640E-15
1.27556  7.464779E-15
1.27588  7.507124E-15
1.2762  7.457175E-15
1.27653  7.507420E-15
1.27685  7.478008E-15
1.27717  7.557465E-15
1.27749  7.476202E-15
1.27782  7.540333E-15
1.27814  7.541501E-15
1.27846  7.524204E-15
1.27879  7.478113E-15
1.27911  7.541350E-15
1.27943  7.477090E-15
1.27975  7.485682E-15
1.28008  7.433708E-15
1.2804  7.473517E-15
1.28072  7.380205E-15
1.28104  7.503274E-15
1.28137  7.461041E-15
1.28169  7.559605E-15
1.28201  7.502460E-15
1.28233  7.551790E-15
1.28266  7.512987E-15
1.28298  7.592723E-15
1.2833  7.505912E-15
1.28362  7.509385E-15
1.28395  7.402882E-15
1.28427  7.494096E-15
1.28459  7.436821E-15
1.28491  7.507245E-15
1.28524  7.472332E-15
1.28556  7.541797E-15
1.28588  7.473837E-15
1.28621  7.562408E-15
1.28653  7.481358E-15
1.28685  7.554628E-15
1.28717  7.508917E-15
1.2875  7.592471E-15
1.28782  7.539411E-15
1.28814  7.530646E-15
1.28846  7.541358E-15
1.28879  7.584209E-15
1.28911  7.568756E-15
1.28943  7.593778E-15
1.28975  7.596824E-15
1.29008  7.636692E-15
1.2904  7.572486E-15
1.29072  7.624811E-15
1.29104  7.554943E-15
1.29137  7.621665E-15
1.29169  7.593361E-15
1.29201  7.628841E-15
1.29233  7.609557E-15
1.29266  7.648335E-15
1.29298  7.608906E-15
1.2933  7.615392E-15
1.29362  7.568281E-15
1.29395  7.678881E-15
1.29427  7.591640E-15
1.29459  7.672218E-15
1.29491  7.587625E-15
1.29524  7.661159E-15
1.29556  7.574886E-15
1.29588  7.628644E-15
1.2962  7.579259E-15
1.29653  7.606768E-15
1.29685  7.583107E-15
1.29717  7.714729E-15
1.29749  7.657632E-15
1.29781  7.747380E-15
1.29814  7.653788E-15
1.29846  7.728390E-15
1.29878  7.636305E-15
1.2991  7.700501E-15
1.29943  7.584355E-15
1.29975  7.627021E-15
1.30007  7.620699E-15
1.30039  7.635113E-15
1.30072  7.598274E-15
1.30104  7.711008E-15
1.30136  7.614790E-15
1.30168  7.651875E-15
1.30201  7.618728E-15
1.30233  7.690481E-15
1.30265  7.653004E-15
1.30297  7.740524E-15
1.3033  7.670376E-15
1.30362  7.732314E-15
1.30394  7.726004E-15
1.30426  7.773357E-15
1.30459  7.744189E-15
1.30491  7.824711E-15
1.30523  7.771770E-15
1.30555  7.800615E-15
1.30587  7.779322E-15
1.3062  7.815118E-15
1.30652  7.803552E-15
1.30684  7.912538E-15
1.30716  7.863132E-15
1.30749  7.899648E-15
1.30781  7.883282E-15
1.30813  7.934646E-15
1.30845  7.920377E-15
1.30878  8.009857E-15
1.3091  7.960815E-15
1.30942  8.077271E-15
1.30974  7.986298E-15
1.31007  8.096745E-15
1.31039  8.092523E-15
1.31071  8.230061E-15
1.31103  8.228010E-15
1.31135  8.313943E-15
1.31168  8.294480E-15
1.312  8.361000E-15
1.31232  8.379892E-15
1.31264  8.466038E-15
1.31297  8.462631E-15
1.31329  8.561715E-15
1.31361  8.589817E-15
1.31393  8.694692E-15
1.31426  8.692117E-15
1.31458  8.803843E-15
1.3149  8.837759E-15
1.31522  8.917678E-15
1.31554  8.940006E-15
1.31587  9.063431E-15
1.31619  9.045384E-15
1.31651  9.111652E-15
1.31683  9.096325E-15
1.31716  9.159940E-15
1.31748  9.188863E-15
1.3178  9.258390E-15
1.31812  9.209682E-15
1.31845  9.209703E-15
1.31877  9.165303E-15
1.31909  9.338269E-15
1.31941  9.264026E-15
1.31973  9.359867E-15
1.32006  9.326605E-15
1.32038  9.417655E-15
1.3207  9.415214E-15
1.32102  9.527000E-15
1.32135  9.504577E-15
1.32167  9.585206E-15
1.32199  9.574899E-15
1.32231  9.639310E-15
1.32263  9.589177E-15
1.32296  9.684862E-15
1.32328  9.610375E-15
1.3236  9.651066E-15
1.32392  9.627720E-15
1.32425  9.705353E-15
1.32457  9.651084E-15
1.32489  9.599856E-15
1.32521  9.557227E-15
1.32553  9.594546E-15
1.32586  9.536278E-15
1.32618  9.510787E-15
1.3265  9.454717E-15
1.32682  9.498432E-15
1.32715  9.409921E-15
1.32747  9.470498E-15
1.32779  9.414565E-15
1.32811  9.424303E-15
1.32843  9.399272E-15
1.32876  9.485057E-15
1.32908  9.486486E-15
1.3294  9.528958E-15
1.32972  9.578503E-15
1.33005  9.591430E-15
1.33037  9.559097E-15
1.33069  9.613688E-15
1.33101  9.530896E-15
1.33133  9.521103E-15
1.33166  9.445671E-15
1.33198  9.426141E-15
1.3323  9.310356E-15
1.33262  9.293036E-15
1.33294  9.186899E-15
1.33327  9.108426E-15
1.33359  9.011061E-15
1.33391  8.991207E-15
1.33423  8.873118E-15
1.33456  8.848380E-15
1.33488  8.725351E-15
1.3352  8.683224E-15
1.33552  8.594853E-15
1.33584  8.616916E-15
1.33617  8.487861E-15
1.33649  8.532464E-15
1.33681  8.429322E-15
1.33713  8.403824E-15
1.33745  8.327124E-15
1.33778  8.300420E-15
1.3381  8.236757E-15
1.33842  8.212137E-15
1.33874  8.161066E-15
1.33907  8.152014E-15
1.33939  8.082893E-15
1.33971  8.089431E-15
1.34003  7.943096E-15
1.34035  7.949936E-15
1.34068  7.877561E-15
1.341  7.875479E-15
1.34132  7.850788E-15
1.34164  7.845816E-15
1.34196  7.767511E-15
1.34229  7.824663E-15
1.34261  7.749948E-15
1.34293  7.779923E-15
1.34325  7.732017E-15
1.34358  7.749759E-15
1.3439  7.625835E-15
1.34422  7.637687E-15
1.34454  7.596507E-15
1.34486  7.618878E-15
1.34519  7.579187E-15
1.34551  7.592706E-15
1.34583  7.553781E-15
1.34615  7.551256E-15
1.34647  7.544289E-15
1.3468  7.635566E-15
1.34712  7.511109E-15
1.34744  7.562048E-15
1.34776  7.420025E-15
1.34808  7.453803E-15
1.34841  7.415705E-15
1.34873  7.532425E-15
1.34905  7.520322E-15
1.34937  7.551506E-15
1.34969  7.467365E-15
1.35002  7.413705E-15
1.35034  7.496120E-15
1.35066  7.531434E-15
1.35098  7.426962E-15
1.35131  7.469795E-15
1.35163  7.384786E-15
1.35195  7.446354E-15
1.35227  7.383330E-15
1.35259  7.452873E-15
1.35292  7.365212E-15
1.35324  7.575221E-15
1.35356  7.464879E-15
1.35388  7.511838E-15
1.3542  7.351079E-15
1.35453  7.301436E-15
1.35485  7.339897E-15
1.35517  7.373126E-15
1.35549  7.347490E-15
1.35581  7.438208E-15
1.35614  7.491184E-15
1.35646  7.457332E-15
1.35678  7.419444E-15
1.3571  7.320687E-15
1.35742  7.345898E-15
1.41139  7.261375E-15
1.4118  7.226986E-15
1.4122  7.302855E-15
1.41261  7.370916E-15
1.41302  7.374402E-15
1.41342  7.412043E-15
1.41383  7.248007E-15
1.41423  7.114840E-15
1.41464  7.154253E-15
1.41505  7.259245E-15
1.41545  7.363250E-15
1.41586  7.357535E-15
1.41627  7.346402E-15
1.41667  7.321591E-15
1.41708  7.234249E-15
1.41748  7.353632E-15
1.41789  7.374866E-15
1.4183  7.312507E-15
1.4187  7.195423E-15
1.41911  7.156510E-15
1.41952  7.168264E-15
1.41992  7.329536E-15
1.42033  7.318996E-15
1.42073  7.267311E-15
1.42114  7.258571E-15
1.42155  7.301333E-15
1.42195  7.356308E-15
1.42236  7.341467E-15
1.42276  7.262765E-15
1.42317  7.102866E-15
1.42358  7.145412E-15
1.42398  7.260219E-15
1.42439  7.327356E-15
1.4248  7.309506E-15
1.4252  7.228716E-15
1.42561  7.244887E-15
1.42601  7.320471E-15
1.42642  7.350106E-15
1.42683  7.340609E-15
1.42723  7.269083E-15
1.42764  7.217508E-15
1.42804  7.215369E-15
1.42845  7.233106E-15
1.42886  7.232871E-15
1.42926  7.238729E-15
1.42967  7.368451E-15
1.43007  7.367302E-15
1.43048  7.358494E-15
1.43088  7.343425E-15
1.43129  7.328617E-15
1.4317  7.145334E-15
1.4321  7.239356E-15
1.43251  7.313282E-15
1.43291  7.400434E-15
1.43332  7.346509E-15
1.43373  7.296689E-15
1.43413  7.206011E-15
1.43454  7.295247E-15
1.43494  7.282564E-15
1.43535  7.331749E-15
1.43575  7.283833E-15
1.43616  7.369119E-15
1.43657  7.310342E-15
1.43697  7.208562E-15
1.43738  7.150526E-15
1.43778  7.177268E-15
1.43819  7.264429E-15
1.4386  7.315633E-15
1.439  7.252278E-15
1.43941  7.274257E-15
1.43981  7.271531E-15
1.44022  7.343085E-15
1.44062  7.307695E-15
1.44103  7.301213E-15
1.44143  7.307468E-15
1.44184  7.294960E-15
1.44225  7.212276E-15
1.44265  7.251661E-15
1.44306  7.230099E-15
1.44346  7.254988E-15
1.44387  7.288093E-15
1.44427  7.351973E-15
1.44468  7.246753E-15
1.44509  7.115898E-15
1.44549  7.103404E-15
1.4459  7.133102E-15
1.4463  7.176989E-15
1.44671  7.265874E-15
1.44711  7.177141E-15
1.44752  7.226566E-15
1.44792  7.199085E-15
1.44833  7.243924E-15
1.44874  7.234360E-15
1.44914  7.348535E-15
1.44955  7.249337E-15
1.44995  7.169910E-15
1.45036  7.061224E-15
1.45076  7.147255E-15
1.45117  7.192360E-15
1.45157  7.279505E-15
1.45198  7.156337E-15
1.45238  7.179554E-15
1.45279  7.129190E-15
1.4532  7.202520E-15
1.4536  7.142354E-15
1.45401  7.226430E-15
1.45441  7.099582E-15
1.45482  7.187282E-15
1.45522  7.133706E-15
1.45563  7.208935E-15
1.45603  7.143540E-15
1.45644  7.221587E-15
1.45684  7.119516E-15
1.45725  7.149691E-15
1.45765  7.094962E-15
1.45806  7.147671E-15
1.45846  7.097490E-15
1.45887  7.190071E-15
1.45928  7.115533E-15
1.45968  7.144940E-15
1.46009  7.087408E-15
1.46049  7.113510E-15
1.4609  7.110436E-15
1.4613  7.190971E-15
1.46171  7.180496E-15
1.46211  7.179291E-15
1.46252  7.091031E-15
1.46292  7.144836E-15
1.46333  7.110183E-15
1.46373  7.168657E-15
1.46414  7.170111E-15
1.46454  7.131657E-15
1.46495  7.080251E-15
1.46535  7.172416E-15
1.46576  7.120623E-15
1.46616  7.173415E-15
1.46657  7.105695E-15
1.46697  7.155294E-15
1.46738  7.146515E-15
1.46778  7.213289E-15
1.46819  7.178054E-15
1.46859  7.177856E-15
1.469  7.154733E-15
1.4694  7.274150E-15
1.46981  7.172579E-15
1.47021  7.136819E-15
1.47062  7.099749E-15
1.47102  7.283739E-15
1.47143  7.154742E-15
1.47183  7.250490E-15
1.47224  7.183562E-15
1.47264  7.242408E-15
1.47305  7.184678E-15
1.47345  7.302446E-15
1.47386  7.270732E-15
1.47426  7.386312E-15
1.47467  7.334936E-15
1.47507  7.327940E-15
1.47548  7.317428E-15
1.47588  7.386084E-15
1.47629  7.324996E-15
1.47669  7.430073E-15
1.4771  7.359857E-15
1.4775  7.383699E-15
1.47791  7.370305E-15
1.47831  7.444874E-15
1.47872  7.369506E-15
1.47912  7.384147E-15
1.47953  7.287458E-15
1.47993  7.281140E-15
1.48034  7.218843E-15
1.48074  7.251923E-15
1.48115  7.150684E-15
1.48155  7.209732E-15
1.48196  7.155363E-15
1.48236  7.197901E-15
1.48277  7.212883E-15
1.48317  7.279518E-15
1.48358  7.167471E-15
1.48398  7.220371E-15
1.48438  7.192910E-15
1.48479  7.207055E-15
1.48519  7.190901E-15
1.4856  7.243617E-15
1.486  7.158800E-15
1.48641  7.184370E-15
1.48681  7.136429E-15
1.48722  7.181440E-15
1.48762  7.122860E-15
1.48803  7.206129E-15
1.48843  7.153170E-15
1.48884  7.216869E-15
1.48924  7.158253E-15
1.48965  7.176554E-15
1.49005  7.129945E-15
1.49046  7.182570E-15
1.49086  7.125314E-15
1.49126  7.151615E-15
1.49167  7.114848E-15
1.49207  7.144216E-15
1.49248  7.147195E-15
1.49288  7.144322E-15
1.49329  7.139998E-15
1.49369  7.216366E-15
1.4941  7.124890E-15
1.4945  7.207231E-15
1.49491  7.158052E-15
1.49531  7.251919E-15
1.49571  7.185549E-15
1.49612  7.217473E-15
1.49652  7.164377E-15
1.49693  7.224365E-15
1.49733  7.150365E-15
1.49774  7.222625E-15
1.49814  7.161464E-15
1.49855  7.221475E-15
1.49895  7.142791E-15
1.49936  7.213660E-15
1.49976  7.143060E-15
1.50016  7.179445E-15
1.50057  7.132190E-15
1.50097  7.179190E-15
1.50138  7.129763E-15
1.50178  7.174317E-15
1.50219  7.138919E-15
1.50259  7.192797E-15
1.50299  7.133005E-15
1.5034  7.188280E-15
1.5038  7.138342E-15
1.50421  7.196998E-15
1.50461  7.103892E-15
1.50502  7.234100E-15
1.50542  7.138170E-15
1.50583  7.176006E-15
1.50623  7.155307E-15
1.50663  7.200869E-15
1.50704  7.141342E-15
1.50744  7.184063E-15
1.50785  7.086490E-15
1.50825  7.141048E-15
1.50866  7.076698E-15
1.50906  7.147884E-15
1.50946  7.082161E-15
1.50987  7.145678E-15
1.51027  7.083634E-15
1.51068  7.130560E-15
1.51108  7.117454E-15
1.51149  7.206583E-15
1.51189  7.152112E-15
1.51229  7.165584E-15
1.5127  7.107498E-15
1.5131  7.157082E-15
1.51351  7.111699E-15
1.51391  7.163973E-15
1.51432  7.117574E-15
1.51472  7.147312E-15
1.51512  7.084060E-15
1.51553  7.171137E-15
1.51593  7.133668E-15
1.51634  7.204946E-15
1.51674  7.107791E-15
1.51714  7.159051E-15
1.51755  7.078396E-15
1.51795  7.139385E-15
1.51836  7.086969E-15
1.51876  7.160446E-15
1.51916  7.082992E-15
1.51957  7.148275E-15
1.51997  7.108865E-15
1.52038  7.178187E-15
1.52078  7.131409E-15
1.52119  7.235464E-15
1.52159  7.116290E-15
1.52199  7.182338E-15
1.5224  7.114700E-15
1.5228  7.205528E-15
1.52321  7.115859E-15
1.52361  7.166942E-15
1.52401  7.110381E-15
1.52442  7.147306E-15
1.52482  7.115341E-15
1.52523  7.169720E-15
1.52563  7.123103E-15
1.52603  7.198384E-15
1.52644  7.104862E-15
1.52684  7.155143E-15
1.52725  7.089204E-15
1.52765  7.171617E-15
1.52805  7.117395E-15
1.52846  7.146977E-15
1.52886  7.096017E-15
1.52927  7.134355E-15
1.52967  7.101236E-15
1.53007  7.176188E-15
1.53048  7.122295E-15
1.53088  7.178157E-15
1.53129  7.129271E-15
1.53169  7.167917E-15
1.53209  7.117463E-15
1.5325  7.183601E-15
1.5329  7.128988E-15
1.5333  7.162826E-15
1.53371  7.087983E-15
1.53411  7.184384E-15
1.53452  7.099158E-15
1.53492  7.177471E-15
1.53532  7.092480E-15
1.53573  7.155014E-15
1.53613  7.058394E-15
1.53654  7.118469E-15
1.53694  7.066330E-15
1.53734  7.132291E-15
1.53775  7.102803E-15
1.53815  7.184939E-15
1.53855  7.126292E-15
1.53896  7.184336E-15
1.53936  7.107137E-15
1.53977  7.219013E-15
1.54017  7.192489E-15
1.54057  7.249147E-15
1.54098  7.165493E-15
1.54138  7.253694E-15
1.54179  7.177898E-15
1.54219  7.233276E-15
1.54259  7.183741E-15
1.543  7.260190E-15
1.5434  7.122243E-15
1.5438  7.224607E-15
1.54421  7.139525E-15
1.54461  7.211173E-15
1.54501  7.176619E-15
1.54542  7.247291E-15
1.54582  7.139851E-15
1.54623  7.211834E-15
1.54663  7.174535E-15
1.54703  7.262067E-15
1.54744  7.211766E-15
1.54784  7.264218E-15
1.54824  7.204483E-15
1.54865  7.250780E-15
1.54905  7.194145E-15
1.54946  7.223104E-15
1.54986  7.167403E-15
1.55026  7.235443E-15
1.55067  7.147228E-15
1.55107  7.168815E-15
1.55147  7.092901E-15
1.55188  7.156387E-15
1.55228  7.097456E-15
1.55268  7.136336E-15
1.55309  7.041325E-15
1.55349  7.127150E-15
1.55389  7.086750E-15
1.5543  7.130146E-15
1.5547  7.067367E-15
1.55511  7.163958E-15
1.55551  7.073228E-15
1.55591  7.202321E-15
1.55632  7.133494E-15
1.55672  7.170262E-15
1.55712  7.111008E-15
1.55753  7.217233E-15
1.55793  7.162598E-15
1.55833  7.235166E-15
1.55874  7.121698E-15
1.55914  7.199283E-15
1.55954  7.130597E-15
1.55995  7.222693E-15
1.56035  7.152677E-15
1.56076  7.202687E-15
1.56116  7.119591E-15
1.56156  7.168073E-15
1.56197  7.152483E-15
1.56237  7.200827E-15
1.56277  7.150612E-15
1.56318  7.193440E-15
1.56358  7.110731E-15
1.56398  7.168832E-15
1.56439  7.104314E-15
1.56479  7.157645E-15
1.56519  7.102912E-15
1.5656  7.191638E-15
1.566  7.119968E-15
1.5664  7.209080E-15
1.56681  7.084141E-15
1.56721  7.150564E-15
1.56761  7.080021E-15
1.56802  7.128192E-15
1.56842  7.068970E-15
1.56882  7.107829E-15
1.56923  6.979651E-15
1.56963  7.036218E-15
1.57003  6.950572E-15
1.57044  7.013830E-15
1.57084  6.951023E-15
1.57124  7.022099E-15
1.57165  7.026849E-15
1.57205  7.093057E-15
1.57245  7.071700E-15
1.57286  7.153688E-15
1.57326  7.092247E-15
1.57366  7.173010E-15
1.57407  7.131381E-15
1.57447  7.205382E-15
1.57487  7.155046E-15
1.57528  7.205729E-15
1.57568  7.147441E-15
1.57608  7.216076E-15
1.57649  7.159197E-15
1.57689  7.257837E-15
1.57729  7.149046E-15
1.5777  7.259691E-15
1.5781  7.178437E-15
1.5785  7.219539E-15
1.57891  7.129387E-15
1.57931  7.255146E-15
1.57971  7.179832E-15
1.58012  7.250426E-15
1.58052  7.156692E-15
1.58092  7.228039E-15
1.58133  7.197893E-15
1.58173  7.281830E-15
1.58213  7.170669E-15
1.58254  7.306005E-15
1.58294  7.182344E-15
1.58334  7.286143E-15
1.58375  7.207120E-15
1.58415  7.291455E-15
1.58455  7.249964E-15
1.58495  7.317097E-15
1.58536  7.272321E-15
1.58576  7.337885E-15
1.58616  7.242761E-15
1.58657  7.325055E-15
1.58697  7.248639E-15
1.58737  7.296817E-15
1.58778  7.223339E-15
1.58818  7.330567E-15
1.58858  7.234234E-15
1.58899  7.310040E-15
1.58939  7.293570E-15
1.58979  7.354632E-15
1.5902  7.268198E-15
1.5906  7.356684E-15
1.591  7.257843E-15
1.59141  7.312025E-15
1.59181  7.249994E-15
1.59221  7.311383E-15
1.59261  7.229919E-15
1.59302  7.282906E-15
1.59342  7.205091E-15
1.59382  7.254684E-15
1.59423  7.207225E-15
1.59463  7.278919E-15
1.59503  7.238871E-15
1.59544  7.280762E-15
1.59584  7.238178E-15
1.59624  7.280412E-15
1.59665  7.233382E-15
1.59705  7.293746E-15
1.59745  7.191860E-15
1.59785  7.250836E-15
1.59826  7.203529E-15
1.59866  7.286720E-15
1.59906  7.231628E-15
1.59947  7.302318E-15
1.59987  7.210294E-15
1.60027  7.301288E-15
1.60068  7.257772E-15
1.60108  7.315235E-15
1.60148  7.244570E-15
1.60188  7.316755E-15
1.60229  7.262828E-15
1.60269  7.308216E-15
1.60309  7.240562E-15
1.6035  7.311445E-15
1.6039  7.260402E-15
1.6043  7.293102E-15
1.60471  7.265119E-15
1.60511  7.338184E-15
1.60551  7.227590E-15
1.60591  7.307660E-15
1.60632  7.257304E-15
1.60672  7.317583E-15
1.60712  7.268478E-15
1.60753  7.343717E-15
1.60793  7.283973E-15
1.60833  7.360629E-15
1.60873  7.294353E-15
1.60914  7.366967E-15
1.60954  7.324309E-15
1.60994  7.367864E-15
1.61035  7.330595E-15
1.61075  7.377748E-15
1.61115  7.367073E-15
1.61156  7.399360E-15
1.61196  7.326186E-15
1.61236  7.391890E-15
1.61276  7.330766E-15
1.61317  7.359470E-15
1.61357  7.354860E-15
1.61397  7.370383E-15
1.61438  7.291205E-15
1.61478  7.327489E-15
1.61518  7.278666E-15
1.61558  7.286463E-15
1.61599  7.276121E-15
1.61639  7.291271E-15
1.61679  7.263530E-15
1.6172  7.301930E-15
1.6176  7.208925E-15
1.618  7.244995E-15
1.6184  7.198210E-15
1.61881  7.212355E-15
1.61921  7.178852E-15
1.61961  7.218812E-15
1.62002  7.188115E-15
1.62042  7.228992E-15
1.62082  7.130611E-15
1.62122  7.202723E-15
1.62163  7.143025E-15
1.62203  7.203459E-15
1.62243  7.122831E-15
1.62284  7.197998E-15
1.62324  7.094584E-15
1.62364  7.158631E-15
1.62404  7.098167E-15
1.62445  7.177413E-15
1.62485  7.142298E-15
1.62525  7.169749E-15
1.62565  7.095652E-15
1.62606  7.144820E-15
1.62646  7.090434E-15
1.62686  7.117796E-15
1.62727  7.032345E-15
1.62767  7.079137E-15
1.62807  7.016013E-15
1.62847  7.039844E-15
1.62888  7.013884E-15
1.62928  7.054597E-15
1.62968  7.006743E-15
1.63009  7.074785E-15
1.63049  7.018789E-15
1.63089  7.095920E-15
1.63129  7.106996E-15
1.6317  7.191236E-15
1.6321  7.110782E-15
1.6325  7.172951E-15
1.6329  7.150642E-15
1.63331  7.157391E-15
1.63371  7.134186E-15
1.63411  7.183469E-15
1.63452  7.134641E-15
1.63492  7.158347E-15
1.63532  7.138542E-15
1.63572  7.226517E-15
1.63613  7.193393E-15
1.63653  7.244538E-15
1.63693  7.173968E-15
1.63733  7.250876E-15
1.63774  7.192585E-15
1.63814  7.276518E-15
1.63854  7.218324E-15
1.63894  7.284563E-15
1.63935  7.200124E-15
1.63975  7.171249E-15
1.64015  7.087496E-15
1.64056  7.131666E-15
1.64096  7.081311E-15
1.64136  7.126098E-15
1.64176  7.083971E-15
1.64217  7.137674E-15
1.64257  7.116900E-15
1.64297  7.182878E-15
1.64337  7.130737E-15
1.64378  7.208233E-15
1.64418  7.136804E-15
1.64458  7.205455E-15
1.64498  7.153430E-15
1.64539  7.234691E-15
1.64579  7.180010E-15
1.64619  7.249165E-15
1.6466  7.176267E-15
1.647  7.225770E-15
1.6474  7.142881E-15
1.6478  7.207826E-15
1.64821  7.130870E-15
1.64861  7.178015E-15
1.64901  7.101477E-15
1.64941  7.154060E-15
1.64982  7.068942E-15
1.65022  7.076484E-15
1.65062  7.047470E-15
1.65102  7.073756E-15
1.65143  7.038151E-15
1.65183  7.078297E-15
1.65223  7.038347E-15
1.65263  7.111583E-15
1.65304  7.032301E-15
1.65344  7.034987E-15
1.65384  7.029042E-15
1.65424  7.062662E-15
1.65465  7.041354E-15
1.65505  7.075070E-15
1.65545  7.031238E-15
1.65585  7.035947E-15
1.65626  6.988462E-15
1.65666  7.055618E-15
1.65706  6.984543E-15
1.65747  7.055493E-15
1.65787  7.038769E-15
1.65827  7.036152E-15
1.65867  7.024219E-15
1.65908  7.071477E-15
1.65948  7.014586E-15
1.65988  7.041228E-15
1.66028  6.996850E-15
1.66069  7.031760E-15
1.66109  6.988620E-15
1.66149  7.047080E-15
1.66189  7.018100E-15
1.6623  7.072592E-15
1.6627  7.034191E-15
1.6631  7.071045E-15
1.6635  7.051510E-15
1.66391  7.043907E-15
1.66431  7.019916E-15
1.66471  7.107266E-15
1.66511  7.063966E-15
1.66552  7.081147E-15
1.66592  7.053181E-15
1.66632  7.086343E-15
1.66672  7.029042E-15
1.66713  7.077210E-15
1.66753  7.052592E-15
1.66793  7.052559E-15
1.66833  7.031397E-15
1.66874  7.060679E-15
1.66914  7.065398E-15
1.66954  7.089539E-15
1.66994  7.063507E-15
1.67035  7.079110E-15
1.67075  7.010372E-15
1.67115  7.055092E-15
1.67155  7.011174E-15
1.67196  7.017712E-15
1.67236  6.984011E-15
1.67276  7.000451E-15
1.67316  6.971962E-15
1.67357  7.042231E-15
1.67397  6.986980E-15
1.67437  7.047870E-15
1.67477  7.019045E-15
1.67518  7.074891E-15
1.67558  7.028271E-15
1.67598  7.095747E-15
1.67638  7.102221E-15
1.67679  7.123833E-15
1.67719  7.112010E-15
1.67759  7.134182E-15
1.67799  7.097220E-15
1.6784  7.117628E-15
1.6788  7.088015E-15
1.6792  7.127399E-15
1.6796  7.093838E-15
1.68001  7.136192E-15
1.68041  7.106517E-15
1.68081  7.180928E-15
1.68121  7.159865E-15
1.68161  7.244985E-15
1.68202  7.212479E-15
1.68242  7.240665E-15
1.68282  7.167216E-15
1.68322  7.217562E-15
1.68363  7.184931E-15
1.68403  7.197894E-15
1.68443  7.165021E-15
1.68483  7.194665E-15
1.68524  7.162270E-15
1.68564  7.181678E-15
1.68604  7.151387E-15
1.68644  7.176587E-15
1.68685  7.119567E-15
1.68725  7.167990E-15
1.68765  7.143494E-15
1.68805  7.158124E-15
1.68846  7.133331E-15
1.68886  7.172585E-15
1.68926  7.139392E-15
1.68966  7.147455E-15
1.69007  7.111160E-15
1.69047  7.116422E-15
1.69087  7.071130E-15
1.69127  7.083436E-15
1.69168  7.060147E-15
1.69208  7.073358E-15
1.69248  7.029023E-15
1.69288  7.026034E-15
1.69329  6.991947E-15
1.69369  7.000688E-15
1.69409  6.935017E-15
1.69449  6.955087E-15
1.6949  6.947878E-15
1.6953  7.025053E-15
1.6957  6.987840E-15
1.6961  7.027809E-15
1.6965  6.995513E-15
1.69691  7.059867E-15
1.69731  7.039484E-15
1.69771  7.092449E-15
1.69811  7.038360E-15
1.69852  7.050973E-15
1.69892  7.009977E-15
1.69932  7.022345E-15
1.69972  6.982868E-15
1.70013  7.008960E-15
1.70053  6.980120E-15
1.70093  7.013985E-15
1.70133  6.978349E-15
1.70174  7.009057E-15
1.70214  6.987608E-15
1.70254  7.038246E-15
1.70294  6.990805E-15
1.70335  7.069713E-15
1.70375  7.063569E-15
1.70415  7.067611E-15
1.70455  7.078961E-15
1.70495  7.095691E-15
1.70536  7.075438E-15
1.70576  7.068783E-15
1.70616  7.035492E-15
1.70656  7.045252E-15
1.70697  6.987770E-15
1.70737  7.011297E-15
1.70777  6.988421E-15
1.70817  7.006719E-15
1.70858  6.988652E-15
1.70898  6.998064E-15
1.70938  6.990251E-15
1.70978  7.022277E-15
1.71019  6.999596E-15
1.71059  7.020885E-15
1.71099  7.021956E-15
1.71139  7.050036E-15
1.7118  7.035860E-15
1.7122  7.064699E-15
1.7126  7.026322E-15
1.713  7.032030E-15
1.7134  7.010059E-15
1.71381  7.059461E-15
1.71421  7.026052E-15
1.71461  7.041686E-15
1.71501  6.965955E-15
1.71542  7.009553E-15
1.71582  6.959011E-15
1.71622  6.939953E-15
1.71662  6.953607E-15
1.71703  6.962151E-15
1.71743  6.943042E-15
1.71783  6.941549E-15
1.71823  6.958520E-15
1.71864  6.954574E-15
1.71904  6.960816E-15
1.71944  6.986674E-15
1.71984  6.957581E-15
1.72025  7.015850E-15
1.72065  6.962783E-15
1.72105  7.007631E-15
1.72145  6.968512E-15
1.72185  7.009985E-15
1.72226  6.960944E-15
1.72266  7.031215E-15
1.72306  7.011331E-15
1.72346  7.029372E-15
1.72387  7.030570E-15
1.72427  7.091272E-15
1.72467  7.056795E-15
1.72507  7.089676E-15
1.72548  7.049649E-15
1.72588  7.097936E-15
1.72628  7.057983E-15
1.72668  7.079987E-15
1.72709  7.086306E-15
1.72749  7.094098E-15
1.72789  7.102597E-15
1.72829  7.136958E-15
1.72869  7.119254E-15
1.7291  7.150586E-15
1.7295  7.121306E-15
1.7299  7.150076E-15
1.7303  7.105798E-15
1.73071  7.171323E-15
1.73111  7.157427E-15
1.73151  7.161542E-15
1.73191  7.177677E-15
1.73232  7.213858E-15
1.73272  7.246238E-15
1.73312  7.284605E-15
1.73352  7.245476E-15
1.73393  7.231728E-15
1.73433  7.205827E-15
1.73473  7.208549E-15
1.73513  7.166047E-15
1.73553  7.137151E-15
1.73594  7.118054E-15
1.73634  7.108393E-15
1.73674  7.108588E-15
1.73714  7.185016E-15
1.73755  7.160140E-15
1.73795  7.228154E-15
1.73835  7.179916E-15
1.73875  7.202693E-15
1.73916  7.140018E-15
1.73956  7.146741E-15
1.73996  7.176099E-15
1.74036  7.144457E-15
1.74077  7.145460E-15
1.74117  7.180073E-15
1.74157  7.145686E-15
1.74197  7.125073E-15
1.74238  7.142161E-15
1.74278  7.132690E-15
1.74318  7.145113E-15
1.74358  7.146524E-15
1.74398  7.105251E-15
1.74439  7.138527E-15
1.74479  7.131513E-15
1.74519  7.153772E-15
1.74559  7.184162E-15
1.746  7.163462E-15
1.7464  7.133150E-15
1.7468  7.124292E-15
1.7472  7.089978E-15
1.74761  7.120001E-15
1.74801  7.091563E-15
1.74841  7.062105E-15
1.74881  7.040183E-15
1.74922  7.058710E-15
1.74962  7.041196E-15
1.75002  7.058675E-15
1.75042  7.043702E-15
1.75082  7.030977E-15
1.75123  7.052215E-15
1.75163  7.063908E-15
1.75203  7.025344E-15
1.75243  7.038839E-15
1.75284  7.032622E-15
1.75324  7.018847E-15
1.75364  7.026525E-15
1.75404  7.028180E-15
1.75445  7.000243E-15
1.75485  6.953185E-15
1.75525  6.945860E-15
1.75565  7.003044E-15
1.75606  6.968297E-15
1.75646  6.956720E-15
1.75686  6.913890E-15
1.75726  6.928860E-15
1.75767  6.917931E-15
1.75807  6.959204E-15
1.75847  6.934831E-15
1.75887  6.935860E-15
1.75928  6.917178E-15
1.75968  6.923393E-15
1.76008  6.920454E-15
1.76048  6.914718E-15
1.76088  6.872207E-15
1.76129  6.917154E-15
1.76169  6.898125E-15
1.76209  6.896694E-15
1.76249  6.837426E-15
1.7629  6.851705E-15
1.7633  6.845962E-15
1.7637  6.877246E-15
1.7641  6.846945E-15
1.76451  6.907019E-15
1.76491  6.842948E-15
1.76531  6.816152E-15
1.76571  6.738905E-15
1.76612  6.790107E-15
1.76652  6.786049E-15
1.76692  6.779302E-15
1.76732  6.717197E-15
1.76773  6.736073E-15
1.76813  6.715292E-15
1.76853  6.781156E-15
1.76893  6.759541E-15
1.76934  6.803091E-15
1.76974  6.816341E-15
1.77014  6.838163E-15
1.77054  6.802039E-15
1.77095  6.849961E-15
1.77135  6.823136E-15
1.77175  6.846278E-15
1.77215  6.810427E-15
1.77256  6.851389E-15
1.77296  6.853063E-15
1.77336  6.855225E-15
1.77376  6.812772E-15
1.77417  6.813629E-15
1.77457  6.835229E-15
1.77497  6.848562E-15
1.77537  6.834160E-15
1.77577  6.797380E-15
1.77618  6.790450E-15
1.77658  6.865354E-15
1.77698  6.882693E-15
1.77738  6.896736E-15
1.77779  6.847173E-15
1.77819  6.848048E-15
1.77859  6.783451E-15
1.77899  6.825265E-15
1.7794  6.833911E-15
1.7798  6.901704E-15
1.7802  6.829434E-15
1.7806  6.826053E-15
1.78101  6.813811E-15
1.78141  6.832078E-15
1.78181  6.879471E-15
1.78221  6.896240E-15
1.78262  6.898247E-15
1.78302  6.954935E-15
1.78342  6.940130E-15
1.78382  6.909908E-15
1.78423  6.841922E-15
1.78463  6.844659E-15
1.78503  6.767795E-15
1.78543  6.826947E-15
1.78584  6.851698E-15
1.78624  6.794878E-15
1.78664  6.767028E-15
1.78704  6.773988E-15
1.78745  6.809423E-15
1.78785  6.791283E-15
1.78825  6.765785E-15
1.78865  6.782693E-15
1.78906  6.800644E-15
1.78946  6.809898E-15
1.78986  6.803525E-15
1.79026  6.771159E-15
1.79067  6.788168E-15
1.79107  6.811186E-15
1.79147  6.788670E-15
1.79187  6.838361E-15
1.79228  6.845520E-15
1.79268  6.869638E-15
1.79308  6.791402E-15
1.79348  6.789003E-15
1.79389  6.870619E-15
1.79429  6.872935E-15
1.79469  6.873930E-15
1.79509  6.864401E-15
1.7955  6.824491E-15
1.7959  6.833147E-15
1.7963  6.815993E-15
1.79671  6.844969E-15
1.79711  6.775768E-15
1.79751  6.813758E-15
1.88284  7.114657E-15
1.88338  6.982229E-15
1.88392  6.716733E-15
1.88446  6.733219E-15
1.885  6.869395E-15
1.88554  7.074718E-15
1.88608  6.918023E-15
1.88662  6.765834E-15
1.88716  6.766801E-15
1.8877  6.869655E-15
1.88824  6.994048E-15
1.88878  7.051249E-15
1.88932  6.912025E-15
1.88986  6.675819E-15
1.8904  6.608601E-15
1.89094  6.865304E-15
1.89148  6.941139E-15
1.89202  6.884680E-15
1.89256  6.780758E-15
1.8931  6.727080E-15
1.89364  6.732511E-15
1.89417  6.813707E-15
1.89471  6.900771E-15
1.89525  6.977696E-15
1.89579  6.916016E-15
1.89633  6.976623E-15
1.89687  6.909854E-15
1.89741  6.927818E-15
1.89795  7.029864E-15
1.89849  7.073418E-15
1.89903  6.779794E-15
1.89957  6.553234E-15
1.90011  6.225814E-15
1.90065  6.770101E-15
1.90119  7.051931E-15
1.90173  7.101256E-15
1.90227  6.828885E-15
1.90281  6.613433E-15
1.90335  6.735930E-15
1.90389  7.066932E-15
1.90443  7.117474E-15
1.90497  6.967914E-15
1.9055  6.790035E-15
1.90604  6.156325E-15
1.90658  6.550860E-15
1.90712  6.907569E-15
1.90766  6.954799E-15
1.9082  6.997647E-15
1.90874  6.900785E-15
1.90928  6.922725E-15
1.90982  6.983844E-15
1.91036  6.999810E-15
1.9109  6.843286E-15
1.91144  6.792045E-15
1.91198  7.085096E-15
1.91252  7.187845E-15
1.91306  7.047536E-15
1.9136  6.707230E-15
1.91413  6.710217E-15
1.91467  7.187567E-15
1.91521  7.348465E-15
1.91575  7.122348E-15
1.91629  6.880294E-15
1.91683  6.936186E-15
1.91737  7.206515E-15
1.91791  7.451079E-15
1.91845  7.514964E-15
1.91899  7.544450E-15
1.91953  7.455836E-15
1.92007  7.075065E-15
1.92061  6.730213E-15
1.92115  7.511971E-15
1.92169  7.740860E-15
1.92222  7.959257E-15
1.92276  7.942683E-15
1.9233  7.841696E-15
1.92384  7.537710E-15
1.92438  7.669460E-15
1.92492  8.021661E-15
1.92546  8.363413E-15
1.926  8.252540E-15
1.92654  8.070435E-15
1.92708  8.056085E-15
1.92762  8.069796E-15
1.92816  8.056197E-15
1.92869  8.359300E-15
1.92923  8.409895E-15
1.92977  8.448196E-15
1.93031  8.378188E-15
1.93085  8.245298E-15
1.93139  8.336192E-15
1.93193  8.554829E-15
1.93247  8.668098E-15
1.93301  8.626167E-15
1.93355  8.545187E-15
1.93409  8.560284E-15
1.93463  8.714968E-15
1.93516  8.887211E-15
1.9357  8.827827E-15
1.93624  8.822136E-15
1.93678  8.796420E-15
1.93732  8.880580E-15
1.93786  8.884997E-15
1.9384  8.822257E-15
1.93894  8.547432E-15
1.93948  8.616281E-15
1.94002  8.631244E-15
1.94055  8.645236E-15
1.94109  8.546459E-15
1.94163  8.542614E-15
1.94217  8.605023E-15
1.94271  8.631195E-15
1.94325  8.592820E-15
1.94379  8.515612E-15
1.94433  8.536888E-15
1.94487  8.639975E-15
1.94541  8.809276E-15
1.94594  8.907512E-15
1.94648  8.927573E-15
1.94702  8.852395E-15
1.94756  8.754101E-15
1.9481  8.657763E-15
1.94864  8.579515E-15
1.94918  8.521680E-15
1.94972  8.422113E-15
1.95026  8.342155E-15
1.9508  8.294873E-15
1.95133  8.241827E-15
1.95187  8.104781E-15
1.95241  8.045376E-15
1.95295  7.937756E-15
1.95349  7.910075E-15
1.95403  7.866780E-15
1.95457  7.870545E-15
1.95511  7.744642E-15
1.95565  7.715106E-15
1.95618  7.605647E-15
1.95672  7.554262E-15
1.95726  7.521319E-15
1.9578  7.486719E-15
1.95834  7.327423E-15
1.95888  7.256224E-15
1.95942  7.199087E-15
1.95996  7.220111E-15
1.96049  7.152330E-15
1.96103  7.123133E-15
1.96157  7.079486E-15
1.96211  7.047371E-15
1.96265  6.988646E-15
1.96319  6.951398E-15
1.96373  6.903780E-15
1.96427  6.958685E-15
1.9648  6.910496E-15
1.96534  6.890819E-15
1.96588  6.858225E-15
1.96642  6.859283E-15
1.96696  6.823664E-15
1.9675  6.796575E-15
1.96804  6.728695E-15
1.96858  6.766868E-15
1.96911  6.730811E-15
1.96965  6.739812E-15
1.97019  6.687147E-15
1.97073  6.709075E-15
1.97127  6.628831E-15
1.97181  6.650856E-15
1.97235  6.649823E-15
1.97289  6.670616E-15
1.97342  6.608371E-15
1.97396  6.618711E-15
1.9745  6.592905E-15
1.97504  6.616928E-15
1.97558  6.602280E-15
1.97612  6.610984E-15
1.97666  6.585566E-15
1.97719  6.608885E-15
1.97773  6.590987E-15
1.97827  6.644538E-15
1.97881  6.591047E-15
1.97935  6.586756E-15
1.97989  6.549804E-15
1.98043  6.577107E-15
1.98096  6.565271E-15
1.9815  6.612119E-15
1.98204  6.558009E-15
1.98258  6.590066E-15
1.98312  6.553496E-15
1.98366  6.591443E-15
1.9842  6.566851E-15
1.98473  6.585222E-15
1.98527  6.602403E-15
1.98581  6.603611E-15
1.98635  6.557565E-15
1.98689  6.568203E-15
1.98743  6.533567E-15
1.98797  6.561213E-15
1.9885  6.554258E-15
1.98904  6.567097E-15
1.98958  6.502772E-15
1.99012  6.505426E-15
1.99066  6.495767E-15
1.9912  6.537294E-15
1.99174  6.519544E-15
1.99227  6.542315E-15
1.99281  6.523722E-15
1.99335  6.527348E-15
1.99389  6.506801E-15
1.99443  6.552553E-15
1.99497  6.531152E-15
1.9955  6.592921E-15
1.99604  6.604410E-15
1.99658  6.641136E-15
1.99712  6.648124E-15
1.99766  6.688929E-15
1.9982  6.697166E-15
1.99873  6.761795E-15
1.99927  6.790531E-15
1.99981  6.846700E-15
2.00035  6.824411E-15
2.00089  6.900008E-15
2.00143  6.893251E-15
2.00197  6.911982E-15
2.0025  6.902665E-15
2.00304  6.942811E-15
2.00358  6.964797E-15
2.00412  6.978676E-15
2.00466  6.912514E-15
2.0052  6.901615E-15
2.00573  6.867845E-15
2.00627  6.857343E-15
2.00681  6.792134E-15
2.00735  6.770113E-15
2.00789  6.782745E-15
2.00842  6.821254E-15
2.00896  6.780890E-15
2.0095  6.796426E-15
2.01004  6.760763E-15
2.01058  6.812761E-15
2.01112  6.805798E-15
2.01165  6.856302E-15
2.01219  6.835940E-15
2.01273  6.836004E-15
2.01327  6.788048E-15
2.01381  6.791390E-15
2.01435  6.765055E-15
2.01488  6.810257E-15
2.01542  6.770762E-15
2.01596  6.768320E-15
2.0165  6.775323E-15
2.01704  6.830090E-15
2.01758  6.748078E-15
2.01811  6.781576E-15
2.01865  6.728140E-15
2.01919  6.765657E-15
2.01973  6.731979E-15
2.02027  6.776665E-15
2.0208  6.724669E-15
2.02134  6.758202E-15
2.02188  6.751376E-15
2.02242  6.761282E-15
2.02296  6.689998E-15
2.0235  6.683783E-15
2.02403  6.638906E-15
2.02457  6.674090E-15
2.02511  6.645631E-15
2.02565  6.665738E-15
2.02619  6.641656E-15
2.02672  6.671986E-15
2.02726  6.632799E-15
2.0278  6.686519E-15
2.02834  6.637542E-15
2.02888  6.664719E-15
2.02941  6.634863E-15
2.02995  6.639885E-15
2.03049  6.573295E-15
2.03103  6.576814E-15
2.03157  6.524447E-15
2.0321  6.509189E-15
2.03264  6.458971E-15
2.03318  6.464392E-15
2.03372  6.449476E-15
2.03426  6.450601E-15
2.0348  6.401903E-15
2.03533  6.413151E-15
2.03587  6.378480E-15
2.03641  6.412064E-15
2.03695  6.336919E-15
2.03749  6.376655E-15
2.03802  6.325136E-15
2.03856  6.359123E-15
2.0391  6.326401E-15
2.03964  6.344927E-15
2.04018  6.309584E-15
2.04071  6.338604E-15
2.04125  6.293179E-15
2.04179  6.320339E-15
2.04233  6.284170E-15
2.04287  6.300969E-15
2.0434  6.283768E-15
2.04394  6.296718E-15
2.04448  6.286059E-15
2.04502  6.314634E-15
2.04556  6.316072E-15
2.04609  6.325944E-15
2.04663  6.308028E-15
2.04717  6.342280E-15
2.04771  6.335395E-15
2.04824  6.354248E-15
2.04878  6.334523E-15
2.04932  6.365713E-15
2.04986  6.356378E-15
2.0504  6.355865E-15
2.05093  6.336732E-15
2.05147  6.360663E-15
2.05201  6.322252E-15
2.05255  6.371326E-15
2.05309  6.372818E-15
2.05362  6.379745E-15
2.05416  6.332827E-15
2.0547  6.367866E-15
2.05524  6.344654E-15
2.05578  6.371648E-15
2.05631  6.303402E-15
2.05685  6.319479E-15
2.05739  6.279164E-15
2.05793  6.309129E-15
2.05846  6.259703E-15
2.059  6.303353E-15
2.05954  6.257591E-15
2.06008  6.300228E-15
2.06062  6.280422E-15
2.06115  6.307117E-15
2.06169  6.260944E-15
2.06223  6.306739E-15
2.06277  6.272869E-15
2.0633  6.297985E-15
2.06384  6.282794E-15
2.06438  6.316637E-15
2.06492  6.288957E-15
2.06546  6.327941E-15
2.06599  6.282740E-15
2.06653  6.302292E-15
2.06707  6.285848E-15
2.06761  6.298063E-15
2.06815  6.249820E-15
2.06868  6.300674E-15
2.06922  6.274117E-15
2.06976  6.280606E-15
2.0703  6.278046E-15
2.07083  6.303889E-15
2.07137  6.250556E-15
2.07191  6.258183E-15
2.07245  6.255571E-15
2.07298  6.256826E-15
2.07352  6.222795E-15
2.07406  6.256733E-15
2.0746  6.237849E-15
2.07514  6.245583E-15
2.07567  6.225757E-15
2.07621  6.246612E-15
2.07675  6.216461E-15
2.07729  6.241147E-15
2.07782  6.195700E-15
2.07836  6.232483E-15
2.0789  6.217574E-15
2.07944  6.250216E-15
2.07997  6.224415E-15
2.08051  6.231658E-15
2.08105  6.188642E-15
2.08159  6.207707E-15
2.08213  6.186428E-15
2.08266  6.215549E-15
2.0832  6.215366E-15
2.08374  6.236769E-15
2.08428  6.195260E-15
2.08481  6.208942E-15
2.08535  6.179083E-15
2.08589  6.208686E-15
2.08643  6.175745E-15
2.08696  6.214667E-15
2.0875  6.175260E-15
2.08804  6.194150E-15
2.08858  6.171763E-15
2.08911  6.205704E-15
2.08965  6.166238E-15
2.09019  6.206173E-15
2.09073  6.172240E-15
2.09126  6.192895E-15
2.0918  6.160549E-15
2.09234  6.185454E-15
2.09288  6.178077E-15
2.09341  6.184610E-15
2.09395  6.161720E-15
2.09449  6.184391E-15
2.09503  6.124076E-15
2.09556  6.175882E-15
2.0961  6.157948E-15
2.09664  6.190409E-15
2.09718  6.167682E-15
2.09771  6.179392E-15
2.09825  6.156337E-15
2.09879  6.184501E-15
2.09933  6.168219E-15
2.09986  6.206747E-15
2.1004  6.181760E-15
2.10094  6.194476E-15
2.10148  6.171286E-15
2.10202  6.198000E-15
2.10255  6.158139E-15
2.10309  6.197743E-15
2.10363  6.165045E-15
2.10416  6.206107E-15
2.1047  6.171188E-15
2.10524  6.184179E-15
2.10578  6.144576E-15
2.10631  6.202543E-15
2.10685  6.180135E-15
2.10739  6.204123E-15
2.10793  6.176054E-15
2.10846  6.183329E-15
2.109  6.175939E-15
2.10954  6.200073E-15
2.11008  6.171029E-15
2.11061  6.190969E-15
2.11115  6.170798E-15
2.11169  6.171006E-15
2.11223  6.166220E-15
2.11276  6.191205E-15
2.1133  6.174882E-15
2.11384  6.201381E-15
2.11438  6.159353E-15
2.11491  6.194969E-15
2.11545  6.148268E-15
2.11599  6.181490E-15
2.11653  6.136099E-15
2.11706  6.170576E-15
2.1176  6.128756E-15
2.11814  6.153022E-15
2.11868  6.136365E-15
2.11921  6.179697E-15
2.11975  6.125296E-15
2.12029  6.144845E-15
2.12082  6.117670E-15
2.12136  6.153784E-15
2.1219  6.137311E-15
2.12244  6.121189E-15
2.12297  6.116550E-15
2.12351  6.122346E-15
2.12405  6.102743E-15
2.12459  6.122311E-15
2.12512  6.096649E-15
2.12566  6.131271E-15
2.1262  6.095459E-15
2.12674  6.118720E-15
2.12727  6.103603E-15
2.12781  6.139040E-15
2.12835  6.094993E-15
2.12888  6.124837E-15
2.12942  6.088170E-15
2.12996  6.128593E-15
2.1305  6.089275E-15
2.13103  6.115156E-15
2.13157  6.106335E-15
2.13211  6.145746E-15
2.13265  6.098036E-15
2.13318  6.137946E-15
2.13372  6.121452E-15
2.13426  6.164934E-15
2.13479  6.115555E-15
2.13533  6.156297E-15
2.13587  6.104445E-15
2.13641  6.138649E-15
2.13694  6.114924E-15
2.13748  6.137750E-15
2.13802  6.116613E-15
2.13856  6.149582E-15
2.13909  6.130464E-15
2.13963  6.157300E-15
2.14017  6.101161E-15
2.1407  6.126672E-15
2.14124  6.102811E-15
2.14178  6.137326E-15
2.14232  6.135896E-15
2.14285  6.151134E-15
2.14339  6.115235E-15
2.14393  6.145715E-15
2.14446  6.123081E-15
2.145  6.150102E-15
2.14554  6.121525E-15
2.14608  6.142786E-15
2.14661  6.107553E-15
2.14715  6.146038E-15
2.14769  6.118090E-15
2.14823  6.133992E-15
2.14876  6.102921E-15
2.1493  6.137425E-15
2.14984  6.119398E-15
2.15037  6.125650E-15
2.15091  6.115070E-15
2.15145  6.145340E-15
2.15199  6.115267E-15
2.15252  6.123926E-15
2.15306  6.131289E-15
2.1536  6.135418E-15
2.15413  6.095468E-15
2.15467  6.120401E-15
2.15521  6.120480E-15
2.15575  6.125371E-15
2.15628  6.124847E-15
2.15682  6.140119E-15
2.15736  6.119449E-15
2.15789  6.146448E-15
2.15843  6.118188E-15
2.15897  6.116156E-15
2.1595  6.111902E-15
2.16004  6.143530E-15
2.16058  6.116449E-15
2.16112  6.139245E-15
2.16165  6.111648E-15
2.16219  6.115904E-15
2.16273  6.090184E-15
2.16326  6.102795E-15
2.1638  6.069551E-15
2.16434  6.087830E-15
2.16488  6.043702E-15
2.16541  6.080967E-15
2.16595  6.089992E-15
2.16649  6.133313E-15
2.16702  6.156891E-15
2.16756  6.154501E-15
2.1681  6.143962E-15
2.16864  6.132882E-15
2.16917  6.105668E-15
2.16971  6.134317E-15
2.17025  6.094120E-15
2.17078  6.126829E-15
2.17132  6.116971E-15
2.17186  6.128760E-15
2.17239  6.102990E-15
2.17293  6.116845E-15
2.17347  6.067205E-15
2.17401  6.113692E-15
2.17454  6.083698E-15
2.17508  6.104206E-15
2.17562  6.081902E-15
2.17615  6.089244E-15
2.17669  6.063859E-15
2.17723  6.079345E-15
2.17776  6.043869E-15
2.1783  6.101778E-15
2.17884  6.064045E-15
2.17938  6.097463E-15
2.17991  6.043560E-15
2.18045  6.052446E-15
2.18099  6.039809E-15
2.18152  6.054278E-15
2.18206  6.020206E-15
2.1826  6.053016E-15
2.18313  6.028502E-15
2.18367  6.040299E-15
2.18421  6.014925E-15
2.18475  6.042395E-15
2.18528  5.987459E-15
2.18582  6.014325E-15
2.18636  5.998019E-15
2.18689  6.018279E-15
2.18743  6.003435E-15
2.18797  6.035847E-15
2.1885  6.011731E-15
2.18904  6.042924E-15
2.18958  6.016000E-15
2.19011  6.032891E-15
2.19065  6.032924E-15
2.19119  6.072350E-15
2.19173  6.041606E-15
2.19226  6.050153E-15
2.1928  6.023635E-15
2.19334  6.021817E-15
2.19387  6.002851E-15
2.19441  6.037468E-15
2.19495  6.005862E-15
2.19548  6.020284E-15
2.19602  5.999603E-15
2.19656  6.037985E-15
2.19709  5.996615E-15
2.19763  6.036308E-15
2.19817  6.031230E-15
2.19871  6.064265E-15
2.19924  6.004705E-15
2.19978  6.068842E-15
2.20032  6.047974E-15
2.20085  6.085685E-15
2.20139  6.046404E-15
2.20193  6.027687E-15
2.20246  6.006147E-15
2.203  6.056912E-15
2.20354  6.013403E-15
2.20407  6.026466E-15
2.20461  6.017296E-15
2.20515  6.014939E-15
2.20569  6.003548E-15
2.20622  6.038131E-15
2.20676  6.012827E-15
2.2073  6.052230E-15
2.20783  6.016043E-15
2.20837  6.028087E-15
2.20891  5.999855E-15
2.20944  6.036232E-15
2.20998  5.998184E-15
2.21052  6.046872E-15
2.21105  6.002079E-15
2.21159  6.030115E-15
2.21213  6.038835E-15
2.21266  6.036209E-15
2.2132  6.003667E-15
2.21374  6.034568E-15
2.21427  6.029371E-15
2.21481  6.036166E-15
2.21535  6.025827E-15
2.21588  6.056653E-15
2.21642  6.015306E-15
2.21696  6.051374E-15
2.2175  6.017718E-15
2.21803  6.054411E-15
2.21857  6.009408E-15
2.21911  6.060342E-15
2.21964  6.044319E-15
2.22018  6.081863E-15
2.22072  6.072477E-15
2.22125  6.073097E-15
2.22179  6.052188E-15
2.22233  6.112208E-15
2.22286  6.084143E-15
2.2234  6.108614E-15
2.22394  6.097422E-15
2.22447  6.092164E-15
2.22501  6.086301E-15
2.22555  6.102312E-15
2.22608  6.092065E-15
2.22662  6.087323E-15
2.22716  6.086610E-15
2.22769  6.109430E-15
2.22823  6.102279E-15
2.22877  6.126649E-15
2.2293  6.078868E-15
2.22984  6.097097E-15
2.23038  6.106266E-15
2.23091  6.129771E-15
2.23145  6.093776E-15
2.23199  6.119487E-15
2.23253  6.113224E-15
2.23306  6.123770E-15
2.2336  6.091436E-15
2.23414  6.126613E-15
2.23467  6.110368E-15
2.23521  6.122125E-15
2.23575  6.103342E-15
2.23628  6.159400E-15
2.23682  6.120613E-15
2.23736  6.140844E-15
2.23789  6.108434E-15
2.23843  6.140774E-15
2.23897  6.110170E-15
2.2395  6.105963E-15
2.24004  6.100666E-15
2.24058  6.112379E-15
2.24111  6.099467E-15
2.24165  6.121302E-15
2.24219  6.075848E-15
2.24272  6.108556E-15
2.24326  6.086694E-15
2.2438  6.101640E-15
2.24433  6.088741E-15
2.24487  6.099250E-15
2.24541  6.118494E-15
2.24594  6.100778E-15
2.24648  6.081878E-15
2.24702  6.095565E-15
2.24755  6.078823E-15
2.24809  6.082465E-15
2.24863  6.054378E-15
2.24916  6.104898E-15
2.2497  6.079621E-15
2.25024  6.074571E-15
2.25077  6.063250E-15
2.25131  6.098090E-15
2.25185  6.069996E-15
2.25238  6.066111E-15
2.25292  6.062414E-15
2.25346  6.057217E-15
2.25399  6.051126E-15
2.25453  6.031072E-15
2.25507  6.017017E-15
2.2556  6.066343E-15
2.25614  6.031909E-15
2.25668  6.042183E-15
2.25721  6.025682E-15
2.25775  6.020182E-15
2.25829  5.981043E-15
2.25882  5.995723E-15
2.25936  5.984627E-15
2.2599  5.982982E-15
2.26043  5.969705E-15
2.26097  5.974881E-15
2.26151  5.945966E-15
2.26204  5.986236E-15
2.26258  5.955855E-15
2.26312  5.970595E-15
2.26365  5.937305E-15
2.26419  5.955802E-15
2.26473  5.923262E-15
2.26526  5.951378E-15
2.2658  5.918818E-15
2.26634  5.963755E-15
2.26687  5.943073E-15
2.26741  5.941525E-15
2.26795  5.900915E-15
2.26848  5.887613E-15
2.26902  5.903059E-15
2.26956  5.928023E-15
2.27009  5.919217E-15
2.27063  5.911317E-15
2.27117  5.890617E-15
2.2717  5.905198E-15
2.27224  5.889648E-15
2.27278  5.901240E-15
2.27331  5.882117E-15
2.27385  5.909347E-15
2.27439  5.892764E-15
2.27492  5.878053E-15
2.27546  5.865904E-15
2.276  5.880017E-15
2.27653  5.849807E-15
2.27707  5.860312E-15
2.2776  5.836181E-15
2.27814  5.830470E-15
2.27868  5.814030E-15
2.27921  5.857527E-15
2.27975  5.833175E-15
2.28029  5.819331E-15
2.28082  5.838783E-15
2.28136  5.849920E-15
2.2819  5.856890E-15
2.28243  5.869874E-15
2.28297  5.855915E-15
2.28351  5.854847E-15
2.28404  5.855120E-15
2.28458  5.851679E-15
2.28512  5.837986E-15
2.28565  5.837279E-15
2.28619  5.829061E-15
2.28673  5.853337E-15
2.28726  5.823037E-15
2.2878  5.857849E-15
2.28834  5.861411E-15
2.28887  5.853058E-15
2.28941  5.811020E-15
2.28995  5.839998E-15
2.29048  5.835148E-15
2.29102  5.880122E-15
2.29156  5.851384E-15
2.29209  5.859557E-15
2.29263  5.820982E-15
2.29317  5.855525E-15
2.2937  5.839193E-15
2.29424  5.842586E-15
2.29477  5.821890E-15
2.29531  5.830450E-15
2.29585  5.793906E-15
2.29638  5.815164E-15
2.29692  5.829196E-15
2.29746  5.841498E-15
2.29799  5.796367E-15
2.29853  5.826814E-15
2.29907  5.844535E-15
2.2996  5.825539E-15
2.30014  5.773537E-15
2.30068  5.799017E-15
2.30121  5.765140E-15
2.30175  5.832677E-15
2.30229  5.798283E-15
2.30282  5.829917E-15
2.30336  5.798381E-15
2.3039  5.819905E-15
2.30443  5.796193E-15
2.30497  5.812551E-15
2.30551  5.797217E-15
2.30604  5.829481E-15
2.30658  5.786503E-15
2.30712  5.799098E-15
2.30765  5.781270E-15
2.30819  5.799261E-15
2.30872  5.780053E-15
2.30926  5.769148E-15
2.3098  5.729191E-15
2.31033  5.775877E-15
2.31087  5.761717E-15
2.31141  5.767388E-15
2.31194  5.735782E-15
2.31248  5.754056E-15
2.31302  5.728823E-15
2.31355  5.748501E-15
2.31409  5.739537E-15
2.31463  5.792632E-15
2.31516  5.806649E-15
2.3157  5.817323E-15
2.31624  5.816430E-15
2.31677  5.812926E-15
2.31731  5.767743E-15
2.31785  5.818619E-15
2.31838  5.810965E-15
2.31892  5.793596E-15
2.31945  5.773354E-15
2.31999  5.786387E-15
2.32053  5.750070E-15
2.32106  5.778738E-15
2.3216  5.766733E-15
2.32214  5.747440E-15
2.32267  5.735123E-15
2.32321  5.759258E-15
2.32375  5.731245E-15
2.32428  5.749968E-15
2.32482  5.726581E-15
2.32536  5.724268E-15
2.32589  5.734175E-15
2.32643  5.743005E-15
2.32697  5.757838E-15
2.3275  5.751568E-15
2.32804  5.713430E-15
2.32858  5.723155E-15
2.32911  5.718297E-15
2.32965  5.759477E-15
2.33018  5.737938E-15
2.33072  5.751580E-15
2.33126  5.742677E-15
2.33179  5.733671E-15
2.33233  5.714513E-15
2.33287  5.749845E-15
2.3334  5.732142E-15
2.33394  5.743435E-15
2.33448  5.707528E-15
2.33501  5.729604E-15
2.33555  5.696109E-15
2.33609  5.710675E-15
2.33662  5.714674E-15
2.33716  5.700015E-15
2.3377  5.704497E-15
2.33823  5.743319E-15
2.33877  5.718103E-15
2.3393  5.749386E-15
2.33984  5.713655E-15
2.34038  5.708682E-15
2.34091  5.698218E-15
2.34145  5.709320E-15
2.34199  5.701643E-15
2.34252  5.710820E-15
2.34306  5.690661E-15
2.3436  5.704194E-15
2.34413  5.700267E-15
2.34467  5.715104E-15
2.34521  5.724825E-15
2.34574  5.718309E-15
2.34628  5.701762E-15
2.34682  5.726439E-15
2.34735  5.704369E-15
2.34789  5.702409E-15
2.34842  5.698125E-15
2.34896  5.730241E-15
2.3495  5.712621E-15
2.35003  5.711643E-15
2.35057  5.687985E-15
2.35111  5.713889E-15
2.35164  5.716257E-15
2.35218  5.692317E-15
2.35272  5.662549E-15
2.35325  5.675417E-15
2.35379  5.670914E-15
2.35433  5.721708E-15
2.35486  5.694564E-15
2.3554  5.660138E-15
2.35593  5.664989E-15
2.35647  5.688954E-15
2.35701  5.679653E-15
2.35754  5.692720E-15
2.35808  5.622372E-15
2.35862  5.651186E-15
2.35915  5.617988E-15
2.35969  5.697861E-15
2.36023  5.660917E-15
2.36076  5.643678E-15
2.3613  5.631487E-15
2.36184  5.629868E-15
2.36237  5.653042E-15
2.36291  5.666053E-15
2.36345  5.635730E-15
2.36398  5.641191E-15
2.36452  5.624363E-15
2.36505  5.653941E-15
2.36559  5.638061E-15
2.36613  5.653489E-15
2.36666  5.603506E-15
2.3672  5.606357E-15
2.36774  5.588649E-15
2.36827  5.637595E-15
2.36881  5.676600E-15
2.36935  5.660879E-15
2.36988  5.613740E-15
2.37042  5.558894E-15
2.37096  5.548570E-15
2.37149  5.603653E-15
2.37203  5.584907E-15
2.37256  5.572210E-15
2.3731  5.554506E-15
2.37364  5.604862E-15
2.37417  5.594184E-15
2.37471  5.585313E-15
2.37525  5.596965E-15
2.37578  5.580726E-15
2.37632  5.572454E-15
2.37686  5.567874E-15
2.37739  5.574922E-15
2.37793  5.557401E-15
2.37847  5.552317E-15
2.379  5.562162E-15
2.37954  5.569692E-15
2.38007  5.562055E-15
2.38061  5.574536E-15
2.38115  5.594827E-15
2.38168  5.582681E-15
2.38222  5.607754E-15
2.38276  5.543304E-15
2.38329  5.525988E-15
2.38383  5.517090E-15
2.38437  5.581945E-15
2.3849  5.591987E-15
2.38544  5.577014E-15
2.38598  5.557859E-15
2.38651  5.579242E-15
2.38705  5.551805E-15
2.38758  5.568070E-15
2.38812  5.567034E-15
2.38866  5.566587E-15
2.38919  5.558554E-15
2.38973  5.588298E-15
2.39027  5.581188E-15
2.3908  5.553789E-15
2.39134  5.520988E-15
2.39188  5.569098E-15
2.39241  5.567718E-15
2.39295  5.576844E-15
2.39349  5.540377E-15
2.39402  5.547835E-15
2.39456  5.567740E-15
2.3951  5.592898E-15
2.39563  5.545804E-15
2.39617  5.518892E-15
2.3967  5.516894E-15
2.39724  5.541126E-15
2.39778  5.516886E-15
2.39831  5.515013E-15
2.39885  5.501258E-15
2.39939  5.495634E-15
2.39992  5.473047E-15
2.40046  5.480271E-15
2.401  5.485792E-15
2.40153  5.486463E-15
2.40207  5.475084E-15
2.40261  5.481258E-15
2.40314  5.472192E-15
2.40368  5.455688E-15
2.40421  5.425941E-15
2.40475  5.455359E-15
2.40529  5.493809E-15
2.40582  5.502168E-15
2.40636  5.461614E-15
2.4069  5.460141E-15
2.40743  5.462116E-15
2.40797  5.512408E-15
2.40851  5.487862E-15
2.40904  5.467162E-15
2.40958  5.437777E-15
2.41012  5.477555E-15
2.41065  5.460585E-15
2.41119  5.470443E-15
2.41172  5.459301E-15
2.41226  5.484701E-15
2.4128  5.475805E-15
2.41333  5.495892E-15
2.41387  5.470227E-15
2.41441  5.477828E-15
2.41494  5.466446E-15
2.41548  5.409127E-15
2.41602  5.399552E-15
2.41655  5.459945E-15
2.41709  5.525605E-15
2.41763  5.508731E-15
2.41816  5.407124E-15
2.4187  5.338222E-15
2.41924  5.363083E-15
2.41977  5.443270E-15
2.42031  5.469756E-15
2.42084  5.467165E-15
2.42138  5.429299E-15
2.42192  5.440626E-15
2.42245  5.433520E-15
2.42299  5.449287E-15
2.42353  5.412337E-15
2.42406  5.409526E-15
2.4246  5.441814E-15
2.42514  5.460676E-15
2.42567  5.418577E-15
2.42621  5.441710E-15
