0.80911  3.089144E-15
0.809311  2.915521E-15
0.809513  2.822306E-15
0.809715  2.855520E-15
0.809917  2.772455E-15
0.810119  2.712082E-15
0.810321  2.710820E-15
0.810523  2.724831E-15
0.810725  2.742859E-15
0.810927  2.698684E-15
0.811129  2.722299E-15
0.81133  2.618663E-15
0.811532  2.663800E-15
0.811734  2.676239E-15
0.811936  2.607422E-15
0.812138  2.492159E-15
0.81234  2.566806E-15
0.812542  2.509313E-15
0.812744  2.534959E-15
0.812819  2.584222E-15
0.813053  2.513446E-15
0.813286  2.574022E-15
0.81352  2.582155E-15
0.813753  2.578760E-15
0.813987  2.519305E-15
0.81422  2.532520E-15
0.814454  2.540451E-15
0.814687  2.511043E-15
0.814921  2.490930E-15
0.815154  2.489079E-15
0.815387  2.603307E-15
0.815621  2.573543E-15
0.815854  2.580081E-15
0.816088  2.484186E-15
0.816321  2.552514E-15
0.816554  2.534549E-15
0.816788  2.536348E-15
0.817021  2.480599E-15
0.817255  2.503899E-15
0.817488  2.527443E-15
0.817721  2.435975E-15
0.817955  2.489143E-15
0.818188  2.535520E-15
0.818421  2.518271E-15
0.818655  2.457587E-15
0.818888  2.407482E-15
0.819121  2.453493E-15
0.819354  2.439815E-15
0.819588  2.516649E-15
0.819821  2.412328E-15
0.820054  2.538945E-15
0.820288  2.511486E-15
0.820521  2.496454E-15
0.820754  2.393626E-15
0.820987  2.415556E-15
0.82122  2.473068E-15
0.821454  2.425224E-15
0.821687  2.454376E-15
0.82192  2.429799E-15
0.822153  2.340250E-15
0.822386  2.358227E-15
0.82262  2.412611E-15
0.822853  2.385102E-15
0.823086  2.378802E-15
0.823319  2.412375E-15
0.823552  2.398716E-15
0.823785  2.382531E-15
0.824018  2.416500E-15
0.824251  2.428046E-15
0.824485  2.428454E-15
0.824718  2.441239E-15
0.824951  2.458595E-15
0.825184  2.466369E-15
0.825417  2.436585E-15
0.82565  2.504558E-15
0.825883  2.378772E-15
0.826116  2.408722E-15
0.826349  2.458403E-15
0.826582  2.439904E-15
0.826815  2.428715E-15
0.827048  2.491335E-15
0.827281  2.465811E-15
0.827514  2.519607E-15
0.827747  2.425742E-15
0.82798  2.506610E-15
0.828213  2.407943E-15
0.828446  2.480851E-15
0.828679  2.472570E-15
0.828912  2.407291E-15
0.829145  2.419584E-15
0.829378  2.457559E-15
0.829611  2.422875E-15
0.829844  2.461090E-15
0.830076  2.477743E-15
0.830309  2.480340E-15
0.830542  2.594607E-15
0.830775  2.518258E-15
0.831008  2.528944E-15
0.831241  2.551258E-15
0.831474  2.538873E-15
0.831707  2.514973E-15
0.831939  2.465100E-15
0.832172  2.478609E-15
0.832405  2.528635E-15
0.832638  2.507040E-15
0.832871  2.427035E-15
0.833103  2.395075E-15
0.833336  2.485229E-15
0.833569  2.441702E-15
0.833802  2.405476E-15
0.834035  2.399957E-15
0.834267  2.386655E-15
0.8345  2.465275E-15
0.834733  2.441923E-15
0.834966  2.493893E-15
0.835198  2.490211E-15
0.835431  2.440686E-15
0.835664  2.481778E-15
0.835896  2.433341E-15
0.836129  2.475644E-15
0.836362  2.488873E-15
0.836594  2.481537E-15
0.836827  2.423528E-15
0.83706  2.449752E-15
0.837292  2.479038E-15
0.837525  2.505690E-15
0.837758  2.453320E-15
0.83799  2.410940E-15
0.838223  2.417259E-15
0.838456  2.445403E-15
0.838688  2.466615E-15
0.838921  2.524659E-15
0.839153  2.496333E-15
0.839386  2.481519E-15
0.839619  2.454479E-15
0.839851  2.519739E-15
0.840084  2.426510E-15
0.840316  2.452147E-15
0.840549  2.499014E-15
0.840781  2.478071E-15
0.841014  2.474911E-15
0.841246  2.520032E-15
0.841479  2.518829E-15
0.841712  2.529068E-15
0.841944  2.521811E-15
0.842176  2.494542E-15
0.842409  2.569365E-15
0.842642  2.531714E-15
0.842874  2.663556E-15
0.843106  2.650218E-15
0.843339  2.612458E-15
0.843571  2.644764E-15
0.843804  2.668031E-15
0.844036  2.646619E-15
0.844269  2.673900E-15
0.844501  2.586485E-15
0.844734  2.581232E-15
0.844966  2.644671E-15
0.845198  2.538299E-15
0.845431  2.486754E-15
0.845663  2.502615E-15
0.845896  2.493856E-15
0.846128  2.513484E-15
0.84636  2.469925E-15
0.846593  2.455110E-15
0.846825  2.426390E-15
0.847057  2.401208E-15
0.84729  2.414156E-15
0.847522  2.403428E-15
0.847754  2.372261E-15
0.847987  2.386187E-15
0.848219  2.403957E-15
0.848451  2.450208E-15
0.848684  2.366585E-15
0.848916  2.422455E-15
0.849148  2.443708E-15
0.849381  2.456460E-15
0.849613  2.516116E-15
0.849845  2.450733E-15
0.850077  2.444121E-15
0.85031  2.480818E-15
0.850542  2.432909E-15
0.850774  2.509288E-15
0.851006  2.514369E-15
0.851239  2.467599E-15
0.851471  2.481688E-15
0.851703  2.484505E-15
0.851935  2.499936E-15
0.852167  2.471864E-15
0.8524  2.416961E-15
0.852632  2.456561E-15
0.852864  2.451653E-15
0.853096  2.507011E-15
0.853328  2.465749E-15
0.85356  2.422239E-15
0.853793  2.524924E-15
0.854025  2.465923E-15
0.854257  2.476043E-15
0.854489  2.464002E-15
0.854721  2.477828E-15
0.854953  2.404773E-15
0.855185  2.357988E-15
0.855417  2.372251E-15
0.85565  2.420580E-15
0.855882  2.389921E-15
0.856114  2.443315E-15
0.856346  2.428298E-15
0.856578  2.429321E-15
0.85681  2.421383E-15
0.857042  2.369373E-15
0.857274  2.427889E-15
0.857506  2.392141E-15
0.857738  2.402592E-15
0.85797  2.455320E-15
0.858202  2.429123E-15
0.858434  2.433983E-15
0.858666  2.430284E-15
0.858898  2.461805E-15
0.85913  2.467971E-15
0.859362  2.453653E-15
0.859594  2.473984E-15
0.859826  2.402134E-15
0.860058  2.462075E-15
0.86029  2.386022E-15
0.860522  2.434889E-15
0.860754  2.447725E-15
0.860986  2.432783E-15
0.861218  2.416424E-15
0.86145  2.371903E-15
0.861682  2.496391E-15
0.861914  2.439087E-15
0.862146  2.486671E-15
0.862378  2.554831E-15
0.86261  2.500690E-15
0.862842  2.477047E-15
0.863073  2.530489E-15
0.863305  2.569640E-15
0.863537  2.508966E-15
0.863769  2.579119E-15
0.864001  2.634384E-15
0.864233  2.682822E-15
0.864465  2.797277E-15
0.864697  3.029716E-15
0.864928  3.235308E-15
0.86516  3.685071E-15
0.865392  4.175469E-15
0.865624  4.608481E-15
0.865856  4.747696E-15
0.866088  4.600862E-15
0.866319  4.158086E-15
0.866551  3.660264E-15
0.866783  3.336584E-15
0.867015  3.119011E-15
0.867247  2.990290E-15
0.867478  2.903008E-15
0.86771  2.907376E-15
0.867942  3.020904E-15
0.868174  2.953912E-15
0.868406  2.899835E-15
0.868637  2.824107E-15
0.868869  2.877180E-15
0.869101  2.792346E-15
0.869333  2.769744E-15
0.869564  2.816487E-15
0.869796  2.778006E-15
0.870028  2.946507E-15
0.870259  3.095354E-15
0.870491  3.132751E-15
0.870723  3.221281E-15
0.870955  3.299201E-15
0.871186  3.319945E-15
0.871418  3.268994E-15
0.87165  3.125434E-15
0.871881  3.060351E-15
0.872113  2.970403E-15
0.872345  2.939044E-15
0.872576  2.918908E-15
0.872808  2.773876E-15
0.87304  2.867279E-15
0.873271  2.883219E-15
0.873503  2.909820E-15
0.873735  2.869866E-15
0.873966  2.881252E-15
0.874198  2.852464E-15
0.874429  2.972927E-15
0.874661  2.946457E-15
0.874893  2.970773E-15
0.875124  3.082333E-15
0.875356  3.145599E-15
0.875587  3.189509E-15
0.875819  3.205272E-15
0.876051  3.186454E-15
0.876282  3.064070E-15
0.876514  2.919986E-15
0.876745  2.837038E-15
0.876977  2.760369E-15
0.877208  2.737714E-15
0.87744  2.682633E-15
0.877672  2.664874E-15
0.877903  2.546917E-15
0.878135  2.527047E-15
0.878366  2.486945E-15
0.878598  2.455247E-15
0.878829  2.367037E-15
0.879061  2.443450E-15
0.879292  2.379641E-15
0.879524  2.391979E-15
0.879755  2.375756E-15
0.879987  2.379750E-15
0.880218  2.301987E-15
0.88045  2.367282E-15
0.880681  2.400440E-15
0.880913  2.374400E-15
0.881144  2.372592E-15
0.881376  2.391977E-15
0.881607  2.417351E-15
0.881839  2.378288E-15
0.88207  2.293562E-15
0.882301  2.321717E-15
0.882533  2.273509E-15
0.882764  2.306020E-15
0.882996  2.271604E-15
0.883227  2.414088E-15
0.883459  2.429759E-15
0.88369  2.344518E-15
0.883921  2.312401E-15
0.884153  2.273671E-15
0.884384  2.364423E-15
0.884616  2.366422E-15
0.884847  2.376437E-15
0.885078  2.443095E-15
0.88531  2.399838E-15
0.885541  2.499372E-15
0.885772  2.512864E-15
0.886004  2.533364E-15
0.886235  2.499370E-15
0.886467  2.568033E-15
0.886698  2.655097E-15
0.886929  2.777870E-15
0.887161  2.778232E-15
0.887392  2.917100E-15
0.887623  3.004519E-15
0.887855  3.042269E-15
0.888086  3.059379E-15
0.888317  3.035283E-15
0.888549  2.840081E-15
0.88878  2.849343E-15
0.889011  2.748565E-15
0.889243  2.617799E-15
0.889474  2.566256E-15
0.889705  2.519112E-15
0.889936  2.472116E-15
0.890168  2.415575E-15
0.890399  2.355316E-15
0.89063  2.394488E-15
0.890862  2.281276E-15
0.891093  2.291486E-15
0.891324  2.226080E-15
0.891555  2.278982E-15
0.891787  2.190426E-15
0.892018  2.182263E-15
0.892249  2.185616E-15
0.89248  2.147983E-15
0.892712  2.110848E-15
0.892943  2.119963E-15
0.893174  2.117926E-15
0.893405  2.184486E-15
0.893636  2.130164E-15
0.893868  2.161873E-15
0.894099  2.151162E-15
0.89433  2.154529E-15
0.894561  2.112577E-15
0.894792  2.088774E-15
0.895024  2.180044E-15
0.895255  2.099253E-15
0.895486  2.149958E-15
0.895717  2.207689E-15
0.895948  2.095046E-15
0.89618  2.189169E-15
0.896411  2.187737E-15
0.896642  2.241344E-15
0.896873  2.243541E-15
0.897104  2.274690E-15
0.897335  2.290636E-15
0.897567  2.240893E-15
0.897798  2.106453E-15
0.898029  2.077520E-15
0.89826  2.055529E-15
0.898491  2.072801E-15
0.898722  1.986216E-15
0.898953  2.001169E-15
0.899185  2.029877E-15
0.899416  2.011654E-15
0.899647  1.981513E-15
0.899878  2.075276E-15
0.900109  2.032788E-15
0.90034  2.035853E-15
0.900571  2.024648E-15
0.900802  2.040959E-15
0.901033  2.008682E-15
0.901264  1.982530E-15
0.901496  1.945091E-15
0.901727  1.968581E-15
0.901958  2.009138E-15
0.902189  2.062672E-15
0.90242  2.014456E-15
0.902651  2.087427E-15
0.902882  2.013455E-15
0.903113  2.042136E-15
0.903344  2.083956E-15
0.903575  2.039628E-15
0.903806  2.060548E-15
0.904037  2.055185E-15
0.904268  2.064699E-15
0.904499  2.111971E-15
0.90473  2.074551E-15
0.904961  2.114844E-15
0.905192  2.066485E-15
0.905423  2.120837E-15
0.905654  2.067506E-15
0.905885  2.106575E-15
0.906116  2.034380E-15
0.906347  2.035710E-15
0.906578  2.012736E-15
0.906809  2.040864E-15
0.90704  2.019967E-15
0.907271  2.032653E-15
0.907502  2.053036E-15
0.907733  2.150107E-15
0.907964  2.259324E-15
0.908195  2.317127E-15
0.908426  2.284566E-15
0.908657  2.262800E-15
0.908888  2.118449E-15
0.909119  2.151440E-15
0.90935  2.100556E-15
0.909581  2.067425E-15
0.909812  1.967901E-15
0.910043  2.050650E-15
0.910274  1.968981E-15
0.910505  1.939636E-15
0.910736  1.949813E-15
0.910967  1.965750E-15
0.911198  2.015211E-15
0.911429  1.970242E-15
0.91166  1.904835E-15
0.911891  1.949234E-15
0.912122  1.975987E-15
0.912353  1.960585E-15
0.912583  1.957165E-15
0.912814  1.988402E-15
0.913045  1.979200E-15
0.913276  2.033207E-15
0.913507  1.945319E-15
0.913738  1.913687E-15
0.913969  2.027252E-15
0.9142  1.979189E-15
0.914431  1.951991E-15
0.914662  2.007008E-15
0.914892  2.057688E-15
0.915123  1.972290E-15
0.915354  1.923405E-15
0.915585  1.896203E-15
0.915816  1.979678E-15
0.916047  1.852607E-15
0.916278  1.904061E-15
0.916509  1.852534E-15
0.916739  1.853309E-15
0.91697  1.814517E-15
0.917201  1.871731E-15
0.917432  1.861050E-15
0.917663  1.830703E-15
0.917894  1.864375E-15
0.918125  1.854857E-15
0.918355  1.810747E-15
0.918586  1.858424E-15
0.918817  1.853588E-15
0.919048  1.818842E-15
0.919279  1.871632E-15
0.91951  1.861732E-15
0.91974  1.979205E-15
0.919971  1.870613E-15
0.920202  1.917170E-15
0.920433  1.886385E-15
0.920664  1.969698E-15
0.920895  1.917165E-15
0.921125  1.906051E-15
0.921356  1.949694E-15
0.921587  1.895404E-15
0.921818  1.941071E-15
0.922049  2.042373E-15
0.922279  2.034521E-15
0.92251  2.042913E-15
0.922741  2.036256E-15
0.922972  2.005228E-15
0.923203  2.163736E-15
0.923433  2.195320E-15
0.923664  2.266600E-15
0.923895  2.365813E-15
0.924126  2.309724E-15
0.924357  2.247857E-15
0.924587  2.234448E-15
0.924818  2.206270E-15
0.925049  2.150545E-15
0.92528  2.082857E-15
0.92551  2.066413E-15
0.925741  2.013831E-15
0.925972  2.046885E-15
0.926203  1.965035E-15
0.926433  1.951477E-15
0.926664  1.970519E-15
0.926895  2.001447E-15
0.927126  1.990045E-15
0.927356  1.881494E-15
0.927587  1.943812E-15
0.927818  1.963103E-15
0.928049  1.970047E-15
0.928279  1.963060E-15
0.92851  2.035828E-15
0.928741  2.068857E-15
0.928972  2.329226E-15
0.929202  2.575418E-15
0.929433  2.931033E-15
0.929664  3.103834E-15
0.929895  3.103055E-15
0.930125  2.715580E-15
0.930356  2.335190E-15
0.930587  2.102887E-15
0.930817  2.015503E-15
0.931048  1.930413E-15
0.931279  1.918585E-15
0.93151  1.967399E-15
0.93174  1.890141E-15
0.931971  1.909388E-15
0.932202  1.917982E-15
0.932432  1.888735E-15
0.932663  1.894836E-15
0.932894  1.904140E-15
0.933124  1.887866E-15
0.933355  1.816677E-15
0.933586  1.832216E-15
0.933817  1.900414E-15
0.934047  1.992455E-15
0.934278  1.952290E-15
0.934509  1.936750E-15
0.934739  1.957651E-15
0.93497  2.084157E-15
0.935201  1.911062E-15
0.935431  2.066956E-15
0.935662  1.974011E-15
0.935893  1.976543E-15
0.936123  1.867682E-15
0.936354  1.964337E-15
0.936585  1.866545E-15
0.936815  1.809668E-15
0.937046  1.886086E-15
0.937277  1.863200E-15
0.937507  1.796571E-15
0.937738  1.823511E-15
0.937969  1.846470E-15
0.938199  1.872401E-15
0.93843  1.885458E-15
0.938661  1.911866E-15
0.938891  1.907200E-15
0.939122  1.946148E-15
0.939353  1.984875E-15
0.939583  2.019929E-15
0.939706  2.049562E-15
0.939977  2.069458E-15
0.940248  2.111276E-15
0.940519  2.154347E-15
0.94079  2.141196E-15
0.941062  2.123730E-15
0.941333  2.109063E-15
0.941604  2.092125E-15
0.941875  2.098133E-15
0.942146  2.119452E-15
0.942417  2.102210E-15
0.942688  2.168079E-15
0.942959  2.196042E-15
0.94323  2.262601E-15
0.943501  2.293386E-15
0.943773  2.282232E-15
0.944044  2.243176E-15
0.944315  2.275180E-15
0.944586  2.289323E-15
0.944857  2.308618E-15
0.945128  2.340911E-15
0.945399  2.429196E-15
0.94567  2.438332E-15
0.945941  2.499299E-15
0.946212  2.451123E-15
0.946483  2.329416E-15
0.946754  2.298133E-15
0.947025  2.274753E-15
0.947296  2.202336E-15
0.947567  2.157422E-15
0.947838  2.114629E-15
0.948109  2.098494E-15
0.94838  2.095694E-15
0.948651  2.026113E-15
0.948922  1.989017E-15
0.949193  2.005584E-15
0.949464  1.960353E-15
0.949735  1.930681E-15
0.950006  1.926306E-15
0.950277  1.879448E-15
0.950548  1.890215E-15
0.950818  1.859329E-15
0.951089  1.869518E-15
0.95136  1.874187E-15
0.951631  1.813197E-15
0.951902  1.822044E-15
0.952173  1.771485E-15
0.952444  1.790682E-15
0.952715  1.800326E-15
0.952986  1.875398E-15
0.953257  1.837056E-15
0.953527  1.822560E-15
0.953798  1.785891E-15
0.954069  1.754414E-15
0.95434  1.742191E-15
0.954611  1.728955E-15
0.954882  1.775800E-15
0.955153  1.791676E-15
0.955423  1.788837E-15
0.955694  1.760016E-15
0.955965  1.740843E-15
0.956236  1.789782E-15
0.956507  1.787652E-15
0.956778  1.784934E-15
0.957048  1.779100E-15
0.957319  1.776361E-15
0.95759  1.767662E-15
0.957861  1.795637E-15
0.958131  1.791624E-15
0.958402  1.809333E-15
0.958673  1.806648E-15
0.958944  1.726630E-15
0.959215  1.821769E-15
0.959485  1.794314E-15
0.959756  1.812107E-15
0.960027  1.823256E-15
0.960298  1.857156E-15
0.960568  1.802748E-15
0.960839  1.772664E-15
0.96111  1.813880E-15
0.96138  1.806351E-15
0.961651  1.829693E-15
0.961922  1.860449E-15
0.962193  1.864536E-15
0.962463  1.864421E-15
0.962734  1.834180E-15
0.963005  1.847750E-15
0.963275  1.860276E-15
0.963546  1.881737E-15
0.963817  1.807575E-15
0.964087  1.859332E-15
0.964358  1.888662E-15
0.964629  1.856349E-15
0.964899  1.846460E-15
0.96517  1.805335E-15
0.965441  1.797876E-15
0.965711  1.831295E-15
0.965982  1.834718E-15
0.966252  1.815093E-15
0.966523  1.832674E-15
0.966794  1.853845E-15
0.967064  1.798466E-15
0.967335  1.822063E-15
0.967605  1.842133E-15
0.967876  1.767167E-15
0.968147  1.770113E-15
0.968417  1.772287E-15
0.968688  1.745970E-15
0.968958  1.759382E-15
0.969229  1.733862E-15
0.9695  1.770094E-15
0.96977  1.747316E-15
0.970041  1.719265E-15
0.970311  1.750860E-15
0.970582  1.739157E-15
0.970852  1.731903E-15
0.971123  1.743463E-15
0.971393  1.788516E-15
0.971664  1.745377E-15
0.971934  1.769766E-15
0.972205  1.770547E-15
0.972475  1.737808E-15
0.972746  1.761760E-15
0.973016  1.754225E-15
0.973287  1.762313E-15
0.973557  1.747582E-15
0.973828  1.766791E-15
0.974098  1.777128E-15
0.974369  1.744017E-15
0.974639  1.795169E-15
0.97491  1.792200E-15
0.97518  1.800416E-15
0.975451  1.859298E-15
0.975721  1.919177E-15
0.975991  2.150497E-15
0.976262  2.664703E-15
0.976532  3.472262E-15
0.976803  4.173771E-15
0.977073  4.582609E-15
0.977344  4.367248E-15
0.977614  3.508504E-15
0.977884  2.731505E-15
0.978155  2.408930E-15
0.978425  2.418641E-15
0.978696  2.377803E-15
0.978966  2.296665E-15
0.979236  2.184847E-15
0.979507  2.051573E-15
0.979777  2.039800E-15
0.980048  1.979259E-15
0.980318  1.916333E-15
0.980588  1.892011E-15
0.980859  1.895927E-15
0.981129  1.877656E-15
0.981399  1.869530E-15
0.98167  1.835397E-15
0.98194  1.821887E-15
0.98221  1.763120E-15
0.982481  1.763924E-15
0.982751  1.772514E-15
0.983021  1.704809E-15
0.983292  1.737143E-15
0.983562  1.699137E-15
0.983832  1.713514E-15
0.984102  1.702488E-15
0.984373  1.719121E-15
0.984643  1.725431E-15
0.984913  1.721308E-15
0.985184  1.711695E-15
0.985454  1.714715E-15
0.985724  1.740853E-15
0.985994  1.707646E-15
0.986265  1.722180E-15
0.986535  1.673545E-15
0.986805  1.679355E-15
0.987075  1.681703E-15
0.987346  1.684095E-15
0.987616  1.690957E-15
0.987886  1.678386E-15
0.988156  1.659090E-15
0.988427  1.659583E-15
0.988697  1.648295E-15
0.988967  1.661526E-15
0.989237  1.660186E-15
0.989507  1.671810E-15
0.989778  1.682619E-15
0.990048  1.664368E-15
0.990318  1.627713E-15
0.990588  1.662991E-15
0.990858  1.626707E-15
0.991128  1.653600E-15
0.991399  1.666804E-15
0.991669  1.661898E-15
0.991939  1.635574E-15
0.992209  1.623175E-15
0.992479  1.619984E-15
0.992749  1.611914E-15
0.99302  1.621018E-15
0.99329  1.669339E-15
0.99356  1.608208E-15
0.99383  1.651029E-15
0.9941  1.609677E-15
0.99437  1.629134E-15
0.99464  1.616274E-15
0.99491  1.645712E-15
0.99518  1.651833E-15
0.995451  1.650972E-15
0.995721  1.626679E-15
0.995991  1.635541E-15
0.996261  1.606145E-15
0.996531  1.661805E-15
0.996801  1.619633E-15
0.997071  1.615708E-15
0.997341  1.592363E-15
0.997611  1.609125E-15
0.997881  1.631207E-15
0.998151  1.615254E-15
0.998421  1.610766E-15
0.998691  1.626865E-15
0.998962  1.627241E-15
0.999232  1.623566E-15
0.999502  1.623314E-15
0.999772  1.611276E-15
1.00004  1.643643E-15
1.00031  1.598090E-15
1.00058  1.591578E-15
1.00085  1.604662E-15
1.00112  1.589540E-15
1.00139  1.602666E-15
1.00166  1.588433E-15
1.00193  1.579877E-15
1.0022  1.604016E-15
1.00247  1.604859E-15
1.00274  1.641882E-15
1.00301  1.587260E-15
1.00328  1.623263E-15
1.00355  1.615866E-15
1.00382  1.621647E-15
1.00409  1.623464E-15
1.00436  1.607157E-15
1.00463  1.626968E-15
1.0049  1.609136E-15
1.00517  1.635593E-15
1.00544  1.640765E-15
1.00571  1.644996E-15
1.00598  1.634472E-15
1.00625  1.622802E-15
1.00652  1.636049E-15
1.00679  1.611748E-15
1.00706  1.632257E-15
1.00733  1.635806E-15
1.0076  1.620598E-15
1.00787  1.628963E-15
1.00814  1.612577E-15
1.00841  1.620833E-15
1.00868  1.641457E-15
1.00895  1.648867E-15
1.00922  1.663386E-15
1.00949  1.708459E-15
1.00976  1.708715E-15
1.01003  1.728153E-15
1.0103  1.658757E-15
1.01057  1.638503E-15
1.01084  1.648671E-15
1.01111  1.619083E-15
1.01138  1.613630E-15
1.01165  1.652657E-15
1.01192  1.627323E-15
1.01219  1.640983E-15
1.01246  1.668454E-15
1.01273  1.645069E-15
1.013  1.649189E-15
1.01327  1.648073E-15
1.01354  1.660152E-15
1.01381  1.676587E-15
1.01408  1.723494E-15
1.01435  1.732639E-15
1.01462  1.724774E-15
1.01489  1.775070E-15
1.01516  1.767853E-15
1.01543  1.870409E-15
1.0157  1.873687E-15
1.01597  1.938934E-15
1.01624  1.886524E-15
1.01651  1.814572E-15
1.01677  1.767015E-15
1.01704  1.702747E-15
1.01731  1.672781E-15
1.01758  1.664932E-15
1.01785  1.667146E-15
1.01812  1.651408E-15
1.01839  1.641551E-15
1.01866  1.681700E-15
1.01893  1.676349E-15
1.0192  1.686895E-15
1.01947  1.667020E-15
1.01974  1.674227E-15
1.02001  1.708220E-15
1.02028  1.706273E-15
1.02055  1.714547E-15
1.02082  1.698489E-15
1.02109  1.708665E-15
1.02136  1.703704E-15
1.02163  1.702330E-15
1.0219  1.689105E-15
1.02217  1.729430E-15
1.02244  1.692385E-15
1.02271  1.766573E-15
1.02298  1.770328E-15
1.02325  1.804921E-15
1.02352  1.863232E-15
1.02379  1.941055E-15
1.02406  2.022188E-15
1.02433  2.148029E-15
1.0246  2.207681E-15
1.02487  2.212501E-15
1.02514  2.188002E-15
1.02541  2.111001E-15
1.02567  2.015154E-15
1.02594  1.950322E-15
1.02621  1.888918E-15
1.02648  1.847946E-15
1.02675  1.851406E-15
1.02702  1.815296E-15
1.02729  1.872511E-15
1.02756  1.900455E-15
1.02783  1.881112E-15
1.0281  1.918133E-15
1.02837  1.961531E-15
1.02864  1.997866E-15
1.02891  2.127881E-15
1.02918  2.269869E-15
1.02945  2.393078E-15
1.02972  2.528162E-15
1.02999  2.644361E-15
1.03026  2.632879E-15
1.03053  2.547667E-15
1.0308  2.384480E-15
1.03107  2.184883E-15
1.03134  2.060102E-15
1.03161  1.995001E-15
1.03188  1.921865E-15
1.03215  1.878633E-15
1.03241  1.890778E-15
1.03268  1.841778E-15
1.03295  1.789457E-15
1.03322  1.815530E-15
1.03349  1.785351E-15
1.03376  1.805986E-15
1.03403  1.742810E-15
1.0343  1.776540E-15
1.03457  1.739118E-15
1.03484  1.781896E-15
1.03511  1.748089E-15
1.03538  1.784382E-15
1.03565  1.792037E-15
1.03592  1.810520E-15
1.03619  1.784126E-15
1.03646  1.861426E-15
1.03673  1.872162E-15
1.037  1.945023E-15
1.03727  1.989162E-15
1.03754  2.011399E-15
1.0378  1.987141E-15
1.03807  1.954462E-15
1.03834  1.852628E-15
1.03861  1.777755E-15
1.03888  1.727717E-15
1.03915  1.735522E-15
1.03942  1.713895E-15
1.03969  1.681608E-15
1.03996  1.707546E-15
1.04023  1.662821E-15
1.0405  1.665938E-15
1.04077  1.650494E-15
1.04104  1.650905E-15
1.04131  1.683587E-15
1.04158  1.673910E-15
1.04185  1.689884E-15
1.04212  1.682654E-15
1.04239  1.691966E-15
1.04265  1.708371E-15
1.04292  1.649781E-15
1.04319  1.683038E-15
1.04346  1.667857E-15
1.04373  1.645748E-15
1.044  1.647087E-15
1.04427  1.599950E-15
1.04454  1.604868E-15
1.04481  1.576073E-15
1.04508  1.596472E-15
1.04535  1.570265E-15
1.04562  1.557505E-15
1.04589  1.532270E-15
1.04616  1.566306E-15
1.04643  1.559827E-15
1.0467  1.554436E-15
1.04696  1.542110E-15
1.04723  1.546673E-15
1.0475  1.540152E-15
1.04777  1.551263E-15
1.04804  1.558614E-15
1.04831  1.559988E-15
1.04858  1.548513E-15
1.04885  1.530298E-15
1.04912  1.572066E-15
1.04939  1.556587E-15
1.04966  1.572896E-15
1.04993  1.562478E-15
1.0502  1.518166E-15
1.05047  1.549462E-15
1.05074  1.566093E-15
1.051  1.544331E-15
1.05127  1.494243E-15
1.05154  1.539532E-15
1.05181  1.502570E-15
1.05208  1.536865E-15
1.05235  1.525720E-15
1.05262  1.554307E-15
1.05289  1.536510E-15
1.05316  1.521996E-15
1.05343  1.573389E-15
1.0537  1.580079E-15
1.05397  1.599856E-15
1.05424  1.622150E-15
1.05451  1.622682E-15
1.05477  1.618147E-15
1.05504  1.589451E-15
1.05531  1.540590E-15
1.05558  1.514761E-15
1.05585  1.529080E-15
1.05612  1.540698E-15
1.05639  1.539684E-15
1.05666  1.527188E-15
1.05693  1.550092E-15
1.0572  1.562956E-15
1.05747  1.604351E-15
1.05774  1.619085E-15
1.05801  1.661831E-15
1.05827  1.632673E-15
1.05854  1.627719E-15
1.05881  1.611846E-15
1.05908  1.635828E-15
1.05935  1.651215E-15
1.05962  1.639527E-15
1.05989  1.594229E-15
1.06016  1.608680E-15
1.06043  1.585089E-15
1.0607  1.529687E-15
1.06097  1.521769E-15
1.06124  1.536565E-15
1.06151  1.520420E-15
1.06177  1.531905E-15
1.06204  1.568549E-15
1.06231  1.566481E-15
1.06258  1.588262E-15
1.06285  1.600590E-15
1.06312  1.568115E-15
1.06339  1.549963E-15
1.06366  1.541875E-15
1.06393  1.540217E-15
1.0642  1.550159E-15
1.06447  1.563282E-15
1.06474  1.555560E-15
1.065  1.580187E-15
1.06527  1.600962E-15
1.06554  1.632377E-15
1.06581  1.642325E-15
1.06608  1.620877E-15
1.06635  1.631007E-15
1.06662  1.584809E-15
1.06689  1.608062E-15
1.06716  1.588337E-15
1.06743  1.550602E-15
1.0677  1.548611E-15
1.06796  1.504734E-15
1.06823  1.540667E-15
1.0685  1.501734E-15
1.06877  1.489515E-15
1.06904  1.534385E-15
1.06931  1.500398E-15
1.06958  1.506404E-15
1.06985  1.546875E-15
1.07012  1.487955E-15
1.07039  1.491672E-15
1.07066  1.528477E-15
1.07092  1.509677E-15
1.07119  1.536586E-15
1.07146  1.553589E-15
1.07173  1.546218E-15
1.072  1.576776E-15
1.07227  1.557740E-15
1.07254  1.553420E-15
1.07281  1.552924E-15
1.07308  1.535662E-15
1.07335  1.538421E-15
1.07362  1.598465E-15
1.07388  1.584169E-15
1.07415  1.576628E-15
1.07442  1.600787E-15
1.07469  1.627415E-15
1.07496  1.655631E-15
1.07523  1.721556E-15
1.0755  1.715547E-15
1.07577  1.789327E-15
1.07604  1.821121E-15
1.07631  1.896879E-15
1.07658  1.858947E-15
1.07684  1.865402E-15
1.07711  1.768105E-15
1.07738  1.752360E-15
1.07765  1.656188E-15
1.07792  1.634027E-15
1.07819  1.593179E-15
1.07846  1.598533E-15
1.07873  1.584158E-15
1.079  1.648406E-15
1.07927  1.607938E-15
1.07953  1.612165E-15
1.0798  1.577797E-15
1.08007  1.587422E-15
1.08034  1.511362E-15
1.08061  1.544834E-15
1.08088  1.513079E-15
1.08115  1.514613E-15
1.08142  1.521438E-15
1.08169  1.507563E-15
1.08196  1.507091E-15
1.08222  1.501514E-15
1.08249  1.520806E-15
1.08276  1.482191E-15
1.08303  1.463889E-15
1.0833  1.481164E-15
1.08357  1.504552E-15
1.08384  1.474493E-15
1.08411  1.463391E-15
1.08438  1.487648E-15
1.08464  1.490407E-15
1.08491  1.444068E-15
1.08518  1.483898E-15
1.08545  1.452107E-15
1.08572  1.465688E-15
1.08599  1.472919E-15
1.08626  1.469853E-15
1.08653  1.464675E-15
1.0868  1.467336E-15
1.08707  1.490106E-15
1.08733  1.456757E-15
1.0876  1.455955E-15
1.08787  1.492192E-15
1.08814  1.474735E-15
1.08841  1.447919E-15
1.08868  1.438443E-15
1.08895  1.464801E-15
1.08922  1.465543E-15
1.08949  1.443373E-15
1.08975  1.471649E-15
1.09002  1.414218E-15
1.09029  1.500246E-15
1.09056  1.460871E-15
1.09083  1.480748E-15
1.0911  1.447894E-15
1.09137  1.473656E-15
1.09164  1.443022E-15
1.09191  1.431116E-15
1.09217  1.417347E-15
1.09244  1.473912E-15
1.09271  1.451867E-15
1.09298  1.489286E-15
1.09325  1.455870E-15
1.09352  1.460321E-15
1.09379  1.482465E-15
1.09406  1.490730E-15
1.09433  1.492146E-15
1.09459  1.506723E-15
1.09486  1.535615E-15
1.09513  1.526154E-15
1.0954  1.501070E-15
1.09567  1.552536E-15
1.09594  1.501374E-15
1.09621  1.516697E-15
1.09648  1.511899E-15
1.09675  1.504658E-15
1.09701  1.548854E-15
1.09728  1.552186E-15
1.09755  1.530194E-15
1.09782  1.586436E-15
1.09809  1.572199E-15
1.09836  1.593398E-15
1.09863  1.600221E-15
1.0989  1.690518E-15
1.09916  1.690077E-15
1.09943  1.744807E-15
1.0997  1.765956E-15
1.09997  1.807743E-15
1.10024  1.826008E-15
1.10051  1.841605E-15
1.10078  1.839092E-15
1.10105  1.827520E-15
1.10132  1.800537E-15
1.10158  1.727308E-15
1.10185  1.660099E-15
1.10212  1.662442E-15
1.10239  1.609619E-15
1.10266  1.601277E-15
1.10293  1.615988E-15
1.1032  1.614745E-15
1.10347  1.608257E-15
1.10373  1.651212E-15
1.104  1.690373E-15
1.10427  1.719500E-15
1.10454  1.737193E-15
1.10481  1.743024E-15
1.10508  1.774471E-15
1.10535  1.798819E-15
1.10562  1.791449E-15
1.10589  1.852639E-15
1.10615  1.877038E-15
1.10642  1.868308E-15
1.10669  1.869853E-15
1.10696  1.893670E-15
1.10723  1.957632E-15
1.1075  1.957119E-15
1.10777  2.058940E-15
1.10804  2.168064E-15
1.1083  2.356622E-15
1.10857  2.595163E-15
1.10884  2.779107E-15
1.10911  3.217822E-15
1.10938  3.667364E-15
1.10965  4.126384E-15
1.10992  4.482095E-15
1.11019  4.518729E-15
1.11045  4.161785E-15
1.11072  3.500182E-15
1.11099  2.907246E-15
1.11126  2.538130E-15
1.11153  2.431949E-15
1.1118  2.305929E-15
1.11207  2.223776E-15
1.11234  2.238682E-15
1.1126  2.172026E-15
1.11287  2.215954E-15
1.11314  2.192545E-15
1.11341  2.209869E-15
1.11368  2.109099E-15
1.11395  2.053748E-15
1.11422  2.016175E-15
1.11449  1.936819E-15
1.11475  1.884077E-15
1.11502  1.813744E-15
1.11529  1.775529E-15
1.11556  1.769462E-15
1.11583  1.747045E-15
1.1161  1.727751E-15
1.11637  1.726851E-15
1.11663  1.777897E-15
1.1169  1.707633E-15
1.11717  1.740596E-15
1.11744  1.759700E-15
1.11771  1.796711E-15
1.11798  1.776425E-15
1.11825  1.869691E-15
1.11852  1.835496E-15
1.11878  1.858777E-15
1.11905  1.906536E-15
1.11932  1.902617E-15
1.11959  2.031614E-15
1.11986  2.168643E-15
1.12013  2.278920E-15
1.1204  2.509132E-15
1.12067  2.726131E-15
1.12093  2.926973E-15
1.1212  3.048560E-15
1.12147  2.989698E-15
1.12174  2.695180E-15
1.12201  2.429361E-15
1.12228  2.274925E-15
1.12255  2.074192E-15
1.12281  1.952518E-15
1.12308  1.859328E-15
1.12335  1.833773E-15
1.12362  1.856411E-15
1.12389  1.782667E-15
1.12416  1.684051E-15
1.12443  1.629569E-15
1.1247  1.642520E-15
1.12496  1.583930E-15
1.12523  1.582222E-15
1.1255  1.572129E-15
1.12577  1.513842E-15
1.12604  1.495461E-15
1.12631  1.521628E-15
1.12658  1.487960E-15
1.12684  1.472242E-15
1.12711  1.476328E-15
1.12738  1.450408E-15
1.12765  1.421136E-15
1.12792  1.415716E-15
1.12819  1.424663E-15
1.12836  1.439701E-15
1.12868  1.433879E-15
1.12901  1.495299E-15
1.12933  1.448252E-15
1.12966  1.447887E-15
1.12998  1.434142E-15
1.13031  1.419660E-15
1.13063  1.410722E-15
1.13096  1.435783E-15
1.13128  1.451864E-15
1.13161  1.443448E-15
1.13193  1.412462E-15
1.13226  1.444418E-15
1.13258  1.423192E-15
1.13291  1.420768E-15
1.13323  1.395231E-15
1.13356  1.432009E-15
1.13388  1.402246E-15
1.13421  1.373028E-15
1.13453  1.389341E-15
1.13486  1.374365E-15
1.13518  1.390112E-15
1.13551  1.375798E-15
1.13583  1.411855E-15
1.13616  1.449680E-15
1.13648  1.450385E-15
1.13681  1.401471E-15
1.13714  1.422784E-15
1.13746  1.441951E-15
1.13779  1.438119E-15
1.13811  1.443721E-15
1.13844  1.440412E-15
1.13876  1.491877E-15
1.13909  1.486998E-15
1.13941  1.516638E-15
1.13974  1.580716E-15
1.14006  1.612475E-15
1.14039  1.610901E-15
1.14071  1.611003E-15
1.14104  1.580507E-15
1.14136  1.520325E-15
1.14169  1.476862E-15
1.14201  1.467080E-15
1.14234  1.449083E-15
1.14266  1.422012E-15
1.14299  1.422214E-15
1.14331  1.425746E-15
1.14364  1.414408E-15
1.14396  1.416820E-15
1.14429  1.406465E-15
1.14461  1.381842E-15
1.14494  1.393531E-15
1.14526  1.389055E-15
1.14559  1.411802E-15
1.14591  1.412038E-15
1.14623  1.364312E-15
1.14656  1.411049E-15
1.14688  1.390462E-15
1.14721  1.387798E-15
1.14753  1.399369E-15
1.14786  1.402366E-15
1.14818  1.392943E-15
1.14851  1.390567E-15
1.14883  1.410687E-15
1.14916  1.398258E-15
1.14948  1.381587E-15
1.14981  1.383242E-15
1.15013  1.386198E-15
1.15046  1.370775E-15
1.15078  1.389144E-15
1.15111  1.425193E-15
1.15143  1.413770E-15
1.15176  1.403571E-15
1.15208  1.436069E-15
1.15241  1.457757E-15
1.15273  1.464312E-15
1.15306  1.444863E-15
1.15338  1.470845E-15
1.15371  1.489770E-15
1.15403  1.517135E-15
1.15435  1.532169E-15
1.15468  1.581320E-15
1.155  1.606378E-15
1.15533  1.683481E-15
1.15565  1.811200E-15
1.15598  2.000586E-15
1.1563  2.250657E-15
1.15663  2.426383E-15
1.15695  2.505616E-15
1.15728  2.422388E-15
1.1576  2.252072E-15
1.15793  1.997771E-15
1.15825  1.830417E-15
1.15857  1.732456E-15
1.1589  1.651574E-15
1.15922  1.596632E-15
1.15955  1.553547E-15
1.15987  1.540041E-15
1.1602  1.536248E-15
1.16052  1.521168E-15
1.16085  1.497280E-15
1.16117  1.475599E-15
1.1615  1.482084E-15
1.16182  1.446849E-15
1.16215  1.453133E-15
1.16247  1.441689E-15
1.16279  1.431991E-15
1.16312  1.425657E-15
1.16344  1.430462E-15
1.16377  1.403038E-15
1.16409  1.430211E-15
1.16442  1.404290E-15
1.16474  1.440659E-15
1.16507  1.414218E-15
1.16539  1.411251E-15
1.16571  1.425700E-15
1.16604  1.398952E-15
1.16636  1.393729E-15
1.16669  1.392476E-15
1.16701  1.410915E-15
1.16734  1.390046E-15
1.16766  1.394893E-15
1.16799  1.417384E-15
1.16831  1.403830E-15
1.16863  1.416115E-15
1.16896  1.414574E-15
1.16928  1.422336E-15
1.16961  1.403524E-15
1.16993  1.397293E-15
1.17026  1.398690E-15
1.17058  1.402769E-15
1.1709  1.401795E-15
1.17123  1.412033E-15
1.17155  1.407569E-15
1.17188  1.421328E-15
1.1722  1.401182E-15
1.17253  1.394961E-15
1.17285  1.394328E-15
1.17318  1.383831E-15
1.1735  1.374486E-15
1.17382  1.375970E-15
1.17415  1.367464E-15
1.17447  1.371458E-15
1.1748  1.355667E-15
1.17512  1.377701E-15
1.17545  1.363899E-15
1.17577  1.354779E-15
1.17609  1.352190E-15
1.17642  1.358566E-15
1.17674  1.352531E-15
1.17707  1.350611E-15
1.17739  1.340313E-15
1.17771  1.342127E-15
1.17804  1.332498E-15
1.17836  1.347402E-15
1.17869  1.342133E-15
1.17901  1.354304E-15
1.17934  1.349259E-15
1.17966  1.357622E-15
1.17998  1.357490E-15
1.18031  1.339134E-15
1.18063  1.343202E-15
1.18096  1.353509E-15
1.18128  1.348477E-15
1.1816  1.356945E-15
1.18193  1.343790E-15
1.18225  1.359019E-15
1.18258  1.342442E-15
1.1829  1.340461E-15
1.18323  1.340233E-15
1.18355  1.360626E-15
1.18387  1.350748E-15
1.1842  1.355578E-15
1.18452  1.346179E-15
1.18485  1.350266E-15
1.18517  1.353865E-15
1.18549  1.347538E-15
1.18582  1.360009E-15
1.18614  1.364734E-15
1.18647  1.361668E-15
1.18679  1.372152E-15
1.18711  1.346784E-15
1.18744  1.391927E-15
1.18776  1.392209E-15
1.18809  1.384861E-15
1.18841  1.378131E-15
1.18873  1.385150E-15
1.18906  1.390191E-15
1.18938  1.415832E-15
1.18971  1.397691E-15
1.19003  1.413600E-15
1.19035  1.400083E-15
1.19068  1.416850E-15
1.191  1.433065E-15
1.19133  1.451243E-15
1.19165  1.438565E-15
1.19197  1.446409E-15
1.1923  1.438107E-15
1.19262  1.441670E-15
1.19295  1.404979E-15
1.19327  1.409711E-15
1.19359  1.402549E-15
1.19392  1.417804E-15
1.19424  1.396347E-15
1.19457  1.393103E-15
1.19489  1.383212E-15
1.19521  1.381467E-15
1.19554  1.382874E-15
1.19586  1.398012E-15
1.19618  1.376910E-15
1.19651  1.380250E-15
1.19683  1.377793E-15
1.19716  1.385932E-15
1.19748  1.386522E-15
1.1978  1.392612E-15
1.19813  1.356788E-15
1.19845  1.381297E-15
1.19877  1.371676E-15
1.1991  1.383465E-15
1.19942  1.372719E-15
1.19975  1.350668E-15
1.20007  1.357373E-15
1.20039  1.356150E-15
1.20072  1.356485E-15
1.20104  1.369293E-15
1.20137  1.342299E-15
1.20169  1.353631E-15
1.20201  1.355560E-15
1.20234  1.357775E-15
1.20266  1.371876E-15
1.20298  1.364646E-15
1.20331  1.352608E-15
1.20363  1.355067E-15
1.20396  1.361547E-15
1.20428  1.378098E-15
1.2046  1.381522E-15
1.20493  1.370536E-15
1.20525  1.385960E-15
1.20557  1.386795E-15
1.2059  1.360139E-15
1.20622  1.361017E-15
1.20654  1.379262E-15
1.20687  1.379470E-15
1.20719  1.375574E-15
1.20752  1.403216E-15
1.20784  1.364758E-15
1.20816  1.366697E-15
1.20849  1.356913E-15
1.20881  1.361546E-15
1.20913  1.368926E-15
1.20946  1.374300E-15
1.20978  1.361442E-15
1.2101  1.356423E-15
1.21043  1.361521E-15
1.21075  1.374044E-15
1.21108  1.359183E-15
1.2114  1.381706E-15
1.21172  1.374057E-15
1.21205  1.382198E-15
1.21237  1.395047E-15
1.21269  1.408501E-15
1.21302  1.398211E-15
1.21334  1.437812E-15
1.21366  1.411735E-15
1.21399  1.395381E-15
1.21431  1.393872E-15
1.21463  1.397421E-15
1.21496  1.381429E-15
1.21528  1.381194E-15
1.21561  1.346417E-15
1.21593  1.374042E-15
1.21625  1.350824E-15
1.21658  1.373878E-15
1.2169  1.375180E-15
1.21722  1.406745E-15
1.21755  1.411374E-15
1.21787  1.441707E-15
1.21819  1.435068E-15
1.21852  1.445271E-15
1.21884  1.409071E-15
1.21916  1.402508E-15
1.21949  1.373517E-15
1.21981  1.370018E-15
1.22013  1.363382E-15
1.22046  1.363199E-15
1.22078  1.354783E-15
1.2211  1.345085E-15
1.22143  1.329781E-15
1.22175  1.349183E-15
1.22207  1.323465E-15
1.2224  1.341264E-15
1.22272  1.335510E-15
1.22304  1.350894E-15
1.22337  1.336927E-15
1.22369  1.353200E-15
1.22401  1.362438E-15
1.22434  1.370244E-15
1.22466  1.372764E-15
1.22498  1.390708E-15
1.22531  1.376510E-15
1.22563  1.393405E-15
1.22595  1.390278E-15
1.22628  1.402361E-15
1.2266  1.400272E-15
1.22692  1.390938E-15
1.22725  1.378903E-15
1.22757  1.390457E-15
1.22789  1.373244E-15
1.22822  1.377393E-15
1.22854  1.371736E-15
1.22886  1.359926E-15
1.22919  1.354459E-15
1.22951  1.354321E-15
1.22983  1.315285E-15
1.23016  1.355039E-15
1.23048  1.353354E-15
1.2308  1.340381E-15
1.23113  1.333455E-15
1.23145  1.318545E-15
1.23177  1.322358E-15
1.2321  1.340135E-15
1.23242  1.333654E-15
1.23274  1.335973E-15
1.23307  1.334013E-15
1.23339  1.338883E-15
1.23371  1.341043E-15
1.23404  1.338924E-15
1.23436  1.333864E-15
1.23468  1.325353E-15
1.23501  1.318481E-15
1.23533  1.322335E-15
1.23565  1.297862E-15
1.23598  1.325288E-15
1.2363  1.330740E-15
1.23662  1.326898E-15
1.23695  1.330888E-15
1.23727  1.324336E-15
1.23759  1.324411E-15
1.23791  1.328973E-15
1.23824  1.327797E-15
1.23856  1.330909E-15
1.23888  1.328550E-15
1.23921  1.324581E-15
1.23953  1.324359E-15
1.23985  1.317132E-15
1.24018  1.316909E-15
1.2405  1.290657E-15
1.24082  1.311917E-15
1.24115  1.312297E-15
1.24147  1.314542E-15
1.24179  1.300766E-15
1.24212  1.306840E-15
1.24244  1.298123E-15
1.24276  1.316301E-15
1.24308  1.315233E-15
1.24341  1.290361E-15
1.24373  1.288522E-15
1.24405  1.278653E-15
1.24438  1.302097E-15
1.2447  1.286685E-15
1.24502  1.302406E-15
1.24535  1.296483E-15
1.24567  1.297828E-15
1.24599  1.297343E-15
1.24632  1.292711E-15
1.24664  1.284156E-15
1.24696  1.316756E-15
1.24728  1.300257E-15
1.24761  1.321337E-15
1.24793  1.296600E-15
1.24825  1.301309E-15
1.24858  1.300749E-15
1.2489  1.308724E-15
1.24922  1.298796E-15
1.24955  1.306897E-15
1.24987  1.299644E-15
1.25019  1.310876E-15
1.25051  1.291347E-15
1.25084  1.303434E-15
1.25116  1.292143E-15
1.25148  1.301165E-15
1.25181  1.296810E-15
1.25213  1.299433E-15
1.25245  1.278417E-15
1.25277  1.291656E-15
1.2531  1.296764E-15
1.25342  1.301143E-15
1.25374  1.283426E-15
1.25407  1.300025E-15
1.25439  1.292670E-15
1.25471  1.289035E-15
1.25504  1.284270E-15
1.25536  1.298827E-15
1.25568  1.270058E-15
1.256  1.286000E-15
1.25633  1.287629E-15
1.25665  1.283636E-15
1.25697  1.273545E-15
1.2573  1.298553E-15
1.25762  1.270010E-15
1.25794  1.288074E-15
1.25826  1.281271E-15
1.25859  1.300644E-15
1.25891  1.291167E-15
1.25923  1.294107E-15
1.25956  1.287567E-15
1.25988  1.299870E-15
1.2602  1.280060E-15
1.26052  1.306363E-15
1.26085  1.300521E-15
1.26117  1.288805E-15
1.26149  1.275834E-15
1.26182  1.287912E-15
1.26214  1.277614E-15
1.26246  1.279011E-15
1.26278  1.284022E-15
1.26311  1.282312E-15
1.26343  1.296408E-15
1.26375  1.303616E-15
1.26408  1.288765E-15
1.2644  1.286211E-15
1.26472  1.284344E-15
1.26504  1.288784E-15
1.26537  1.272403E-15
1.26569  1.282684E-15
1.26601  1.274712E-15
1.26633  1.273216E-15
1.26666  1.262793E-15
1.26698  1.282231E-15
1.2673  1.258164E-15
1.26763  1.262053E-15
1.26795  1.279821E-15
1.26827  1.271523E-15
1.26859  1.259953E-15
1.26892  1.253725E-15
1.26924  1.246072E-15
1.26956  1.259868E-15
1.26988  1.241150E-15
1.27021  1.274985E-15
1.27053  1.268886E-15
1.27085  1.283535E-15
1.27118  1.258027E-15
1.2715  1.282295E-15
1.27182  1.266239E-15
1.27214  1.278796E-15
1.27247  1.264915E-15
1.27279  1.282730E-15
1.27311  1.281699E-15
1.27343  1.290275E-15
1.27376  1.288694E-15
1.27408  1.288929E-15
1.2744  1.257000E-15
1.27473  1.285758E-15
1.27505  1.282785E-15
1.27537  1.275706E-15
1.27569  1.278074E-15
1.27602  1.328858E-15
1.27634  1.295306E-15
1.27666  1.296471E-15
1.27698  1.269412E-15
1.27731  1.287590E-15
1.27763  1.289915E-15
1.27795  1.279439E-15
1.27827  1.291991E-15
1.2786  1.307634E-15
1.27892  1.272274E-15
1.27924  1.296317E-15
1.27956  1.289261E-15
1.27989  1.306982E-15
1.28021  1.302754E-15
1.28053  1.322152E-15
1.28086  1.305767E-15
1.28118  1.351005E-15
1.2815  1.350490E-15
1.28182  1.374992E-15
1.28215  1.394523E-15
1.28247  1.460719E-15
1.28279  1.475194E-15
1.28311  1.540953E-15
1.28344  1.563211E-15
1.28376  1.542933E-15
1.28408  1.507960E-15
1.2844  1.434790E-15
1.28473  1.357444E-15
1.28505  1.328301E-15
1.28537  1.326553E-15
1.28569  1.316303E-15
1.28602  1.306253E-15
1.28634  1.328524E-15
1.28666  1.319466E-15
1.28698  1.352895E-15
1.28731  1.346357E-15
1.28763  1.402291E-15
1.28795  1.423903E-15
1.28827  1.442360E-15
1.2886  1.444575E-15
1.28892  1.399407E-15
1.28924  1.340511E-15
1.28956  1.320056E-15
1.28989  1.283856E-15
1.29021  1.315127E-15
1.29053  1.296308E-15
1.29085  1.301869E-15
1.29118  1.299605E-15
1.2915  1.294980E-15
1.29182  1.281836E-15
1.29214  1.292227E-15
1.29247  1.277944E-15
1.29279  1.281775E-15
1.29311  1.265407E-15
1.29343  1.298316E-15
1.29376  1.262801E-15
1.29408  1.277798E-15
1.2944  1.272974E-15
1.29472  1.302497E-15
1.29505  1.266236E-15
1.29537  1.292901E-15
1.29569  1.275691E-15
1.29601  1.290496E-15
1.29634  1.265644E-15
1.29666  1.278846E-15
1.29698  1.269259E-15
1.2973  1.278835E-15
1.29763  1.276014E-15
1.29795  1.281806E-15
1.29827  1.276783E-15
1.29859  1.295116E-15
1.29892  1.272282E-15
1.29924  1.279169E-15
1.29956  1.267950E-15
1.29988  1.287462E-15
1.3002  1.273156E-15
1.30053  1.283329E-15
1.30085  1.280679E-15
1.30117  1.296185E-15
1.30149  1.283618E-15
1.30182  1.283233E-15
1.30214  1.277200E-15
1.30246  1.299796E-15
1.30278  1.298031E-15
1.30311  1.305631E-15
1.30343  1.276525E-15
1.30375  1.271936E-15
1.30407  1.293160E-15
1.3044  1.308220E-15
1.30472  1.306128E-15
1.30504  1.305279E-15
1.30536  1.331189E-15
1.30568  1.318194E-15
1.30601  1.320188E-15
1.30633  1.354018E-15
1.30665  1.346037E-15
1.30697  1.356680E-15
1.3073  1.359474E-15
1.30762  1.374593E-15
1.30794  1.410461E-15
1.30826  1.429117E-15
1.30859  1.460969E-15
1.30891  1.452598E-15
1.30923  1.498362E-15
1.30955  1.523829E-15
1.30988  1.562596E-15
1.3102  1.590746E-15
1.31052  1.638926E-15
1.31084  1.693064E-15
1.31116  1.711332E-15
1.31149  1.799722E-15
1.31181  1.905158E-15
1.31213  2.061935E-15
1.31245  2.273587E-15
1.31278  2.620621E-15
1.3131  2.983973E-15
1.31342  3.360409E-15
1.31374  3.548107E-15
1.31406  3.486020E-15
1.31439  3.150231E-15
1.31471  2.758803E-15
1.31503  2.410452E-15
1.31535  2.170386E-15
1.31568  2.026457E-15
1.316  1.906128E-15
1.31632  1.794857E-15
1.31664  1.745185E-15
1.31697  1.670492E-15
1.31729  1.643362E-15
1.31761  1.594265E-15
1.31793  1.557991E-15
1.31825  1.508487E-15
1.31858  1.497698E-15
1.3189  1.462628E-15
1.31922  1.437106E-15
1.31954  1.429163E-15
1.31987  1.429891E-15
1.32019  1.393383E-15
1.32051  1.372969E-15
1.32083  1.361565E-15
1.32115  1.349898E-15
1.32148  1.368624E-15
1.3218  1.347518E-15
1.32212  1.318120E-15
1.32244  1.324492E-15
1.32277  1.308112E-15
1.32309  1.313126E-15
1.32341  1.288077E-15
1.32373  1.303888E-15
1.32405  1.283785E-15
1.32438  1.288010E-15
1.3247  1.295802E-15
1.32502  1.286549E-15
1.32534  1.287176E-15
1.32566  1.283626E-15
1.32599  1.274899E-15
1.32631  1.266426E-15
1.32663  1.289778E-15
1.32695  1.301251E-15
1.32728  1.267960E-15
1.3276  1.283504E-15
1.32792  1.266784E-15
1.32824  1.249476E-15
1.32856  1.258098E-15
1.32889  1.253549E-15
1.32921  1.259773E-15
1.32953  1.244538E-15
1.32985  1.260702E-15
1.33018  1.254039E-15
1.3305  1.251890E-15
1.33082  1.245124E-15
1.33114  1.235812E-15
1.33146  1.255098E-15
1.33179  1.234564E-15
1.33211  1.239788E-15
1.33243  1.234874E-15
1.33275  1.228182E-15
1.33307  1.217284E-15
1.3334  1.239691E-15
1.33372  1.220916E-15
1.33404  1.247540E-15
1.33436  1.229460E-15
1.33468  1.230036E-15
1.33501  1.234764E-15
1.33533  1.241964E-15
1.33565  1.213361E-15
1.33597  1.241979E-15
1.3363  1.242774E-15
1.33662  1.217632E-15
1.33694  1.216893E-15
1.33726  1.229329E-15
1.33758  1.204672E-15
1.33791  1.197005E-15
1.33823  1.225041E-15
1.33855  1.239052E-15
1.33887  1.208699E-15
1.33919  1.232624E-15
1.33952  1.206791E-15
1.33984  1.216239E-15
1.34016  1.225435E-15
1.34048  1.233474E-15
1.3408  1.198289E-15
1.34113  1.226972E-15
1.34145  1.241475E-15
1.34177  1.228617E-15
1.34209  1.200688E-15
1.34242  1.228654E-15
1.34274  1.228136E-15
1.34306  1.222584E-15
1.34338  1.218441E-15
1.3437  1.211471E-15
1.34403  1.239046E-15
1.34435  1.233389E-15
1.34467  1.195690E-15
1.34499  1.214289E-15
1.34531  1.207971E-15
1.34564  1.227756E-15
1.34596  1.220346E-15
1.34628  1.208974E-15
1.3466  1.209981E-15
1.34692  1.218196E-15
1.34725  1.207097E-15
1.34757  1.239626E-15
1.34789  1.242944E-15
1.34821  1.221181E-15
1.34853  1.256765E-15
1.34886  1.250301E-15
1.34918  1.292082E-15
1.3495  1.307039E-15
1.34982  1.261082E-15
1.35014  1.273435E-15
1.35047  1.244824E-15
1.35079  1.202779E-15
1.35111  1.184058E-15
1.35143  1.229721E-15
1.35175  1.218563E-15
1.35208  1.208119E-15
1.3524  1.209252E-15
1.35272  1.223494E-15
1.35304  1.232389E-15
1.35336  1.223816E-15
1.35369  1.216545E-15
1.35401  1.224231E-15
1.41152  1.173050E-15
1.41193  1.171067E-15
1.41234  1.180580E-15
1.41274  1.174786E-15
1.41315  1.164041E-15
1.41356  1.191277E-15
1.41396  1.185484E-15
1.41437  1.126228E-15
1.41478  1.120656E-15
1.41518  1.162201E-15
1.41559  1.186283E-15
1.416  1.206429E-15
1.4164  1.204468E-15
1.41681  1.191641E-15
1.41722  1.166222E-15
1.41762  1.176749E-15
1.41803  1.173678E-15
1.41844  1.189562E-15
1.41884  1.159395E-15
1.41925  1.150077E-15
1.41965  1.127699E-15
1.42006  1.158181E-15
1.42047  1.192901E-15
1.42087  1.181386E-15
1.42128  1.177573E-15
1.42169  1.185313E-15
1.42209  1.179219E-15
1.4225  1.179948E-15
1.42291  1.188032E-15
1.42331  1.179752E-15
1.42372  1.155599E-15
1.42412  1.201718E-15
1.42453  1.217387E-15
1.42494  1.237220E-15
1.42534  1.240249E-15
1.42575  1.237618E-15
1.42616  1.238000E-15
1.42656  1.255719E-15
1.42697  1.274670E-15
1.42737  1.259726E-15
1.42778  1.208094E-15
1.42819  1.186457E-15
1.42859  1.176997E-15
1.429  1.185477E-15
1.4294  1.174072E-15
1.42981  1.204257E-15
1.43022  1.203981E-15
1.43062  1.184909E-15
1.43103  1.180983E-15
1.43144  1.188678E-15
1.43184  1.148323E-15
1.43225  1.153550E-15
1.43265  1.183522E-15
1.43306  1.207929E-15
1.43347  1.179415E-15
1.43387  1.196951E-15
1.43428  1.190568E-15
1.43468  1.174544E-15
1.43509  1.175346E-15
1.4355  1.193642E-15
1.4359  1.199861E-15
1.43631  1.187801E-15
1.43671  1.169248E-15
1.43712  1.151741E-15
1.43753  1.172923E-15
1.43793  1.159704E-15
1.43834  1.159837E-15
1.43874  1.168272E-15
1.43915  1.193289E-15
1.43956  1.184357E-15
1.43996  1.156042E-15
1.44037  1.167759E-15
1.44077  1.163387E-15
1.44118  1.169176E-15
1.44158  1.162410E-15
1.44199  1.161226E-15
1.4424  1.161401E-15
1.4428  1.195874E-15
1.44321  1.177233E-15
1.44361  1.156377E-15
1.44402  1.181356E-15
1.44443  1.195318E-15
1.44483  1.172017E-15
1.44524  1.145675E-15
1.44564  1.166818E-15
1.44605  1.149214E-15
1.44645  1.128362E-15
1.44686  1.205919E-15
1.44727  1.198704E-15
1.44767  1.155571E-15
1.44808  1.163720E-15
1.44848  1.182090E-15
1.44889  1.180676E-15
1.44929  1.177404E-15
1.4497  1.174652E-15
1.4501  1.144033E-15
1.45051  1.150363E-15
1.45092  1.143371E-15
1.45132  1.151770E-15
1.45173  1.182258E-15
1.45213  1.179131E-15
1.45254  1.179557E-15
1.45294  1.170037E-15
1.45335  1.175687E-15
1.45375  1.169281E-15
1.45416  1.171347E-15
1.45457  1.153020E-15
1.45497  1.149748E-15
1.45538  1.159420E-15
1.45578  1.166481E-15
1.45619  1.164671E-15
1.45659  1.191381E-15
1.457  1.171426E-15
1.4574  1.179980E-15
1.45781  1.179873E-15
1.45821  1.176382E-15
1.45862  1.181697E-15
1.45903  1.207796E-15
1.45943  1.184627E-15
1.45984  1.192667E-15
1.46024  1.218923E-15
1.46065  1.216204E-15
1.46105  1.224275E-15
1.46146  1.253598E-15
1.46186  1.282535E-15
1.46227  1.304315E-15
1.46267  1.351442E-15
1.46308  1.394368E-15
1.46348  1.441261E-15
1.46389  1.489415E-15
1.4643  1.565867E-15
1.4647  1.625055E-15
1.46511  1.652183E-15
1.46551  1.617610E-15
1.46592  1.546304E-15
1.46632  1.450234E-15
1.46673  1.350189E-15
1.46713  1.252853E-15
1.46754  1.222174E-15
1.46794  1.227977E-15
1.46835  1.215184E-15
1.46875  1.203573E-15
1.46916  1.203936E-15
1.46956  1.204268E-15
1.46997  1.186518E-15
1.47037  1.166692E-15
1.47078  1.178581E-15
1.47118  1.182202E-15
1.47159  1.149401E-15
1.47199  1.175059E-15
1.4724  1.194786E-15
1.4728  1.179910E-15
1.47321  1.161046E-15
1.47361  1.198037E-15
1.47402  1.189716E-15
1.47442  1.192804E-15
1.47483  1.190861E-15
1.47523  1.193552E-15
1.47564  1.172280E-15
1.47604  1.180117E-15
1.47645  1.172789E-15
1.47685  1.172673E-15
1.47726  1.174602E-15
1.47766  1.165407E-15
1.47807  1.170373E-15
1.47847  1.179472E-15
1.47888  1.173032E-15
1.47928  1.191794E-15
1.47969  1.181274E-15
1.48009  1.164024E-15
1.4805  1.161633E-15
1.4809  1.180884E-15
1.48131  1.160567E-15
1.48171  1.180965E-15
1.48212  1.185335E-15
1.48252  1.168609E-15
1.48293  1.173574E-15
1.48333  1.202108E-15
1.48374  1.169138E-15
1.48414  1.157432E-15
1.48455  1.162386E-15
1.48495  1.169772E-15
1.48536  1.163929E-15
1.48576  1.181965E-15
1.48617  1.169790E-15
1.48657  1.178896E-15
1.48698  1.162455E-15
1.48738  1.165793E-15
1.48779  1.170966E-15
1.48819  1.184171E-15
1.4886  1.194099E-15
1.489  1.185806E-15
1.4894  1.202243E-15
1.48981  1.206883E-15
1.49021  1.186898E-15
1.49062  1.200258E-15
1.49102  1.192758E-15
1.49143  1.191641E-15
1.49183  1.192109E-15
1.49224  1.194486E-15
1.49264  1.190366E-15
1.49305  1.189019E-15
1.49345  1.171030E-15
1.49386  1.187422E-15
1.49426  1.178516E-15
1.49467  1.183822E-15
1.49507  1.170287E-15
1.49547  1.179212E-15
1.49588  1.170703E-15
1.49628  1.182485E-15
1.49669  1.183662E-15
1.49709  1.184194E-15
1.4975  1.168981E-15
1.4979  1.190094E-15
1.49831  1.172817E-15
1.49871  1.172942E-15
1.49912  1.172858E-15
1.49952  1.188444E-15
1.49992  1.170595E-15
1.50033  1.178507E-15
1.50073  1.176849E-15
1.50114  1.174357E-15
1.50154  1.179090E-15
1.50195  1.178140E-15
1.50235  1.165923E-15
1.50276  1.177149E-15
1.50316  1.177754E-15
1.50357  1.171656E-15
1.50397  1.164599E-15
1.50437  1.169811E-15
1.50478  1.169373E-15
1.50518  1.154551E-15
1.50559  1.150736E-15
1.50599  1.190666E-15
1.5064  1.195032E-15
1.5068  1.166652E-15
1.5072  1.178325E-15
1.50761  1.172113E-15
1.50801  1.164443E-15
1.50842  1.189350E-15
1.50882  1.174916E-15
1.50923  1.183138E-15
1.50963  1.177480E-15
1.51003  1.187171E-15
1.51044  1.176385E-15
1.51084  1.183825E-15
1.51125  1.181481E-15
1.51165  1.187701E-15
1.51206  1.182158E-15
1.51246  1.202976E-15
1.51286  1.183377E-15
1.51327  1.188284E-15
1.51367  1.173791E-15
1.51408  1.185106E-15
1.51448  1.182220E-15
1.51489  1.183064E-15
1.51529  1.173458E-15
1.51569  1.180678E-15
1.5161  1.175240E-15
1.5165  1.184366E-15
1.51691  1.173876E-15
1.51731  1.175366E-15
1.51772  1.168626E-15
1.51812  1.160460E-15
1.51852  1.156585E-15
1.51893  1.169981E-15
1.51933  1.159430E-15
1.51974  1.177690E-15
1.52014  1.158327E-15
1.52054  1.173681E-15
1.52095  1.169109E-15
1.52135  1.179858E-15
1.52176  1.162683E-15
1.52216  1.171891E-15
1.52256  1.170090E-15
1.52297  1.178109E-15
1.52337  1.171247E-15
1.52378  1.181724E-15
1.52418  1.170967E-15
1.52459  1.181943E-15
1.52499  1.167250E-15
1.52539  1.172551E-15
1.5258  1.170490E-15
1.5262  1.178925E-15
1.52661  1.165847E-15
1.52701  1.183976E-15
1.52741  1.164422E-15
1.52782  1.162309E-15
1.52822  1.148097E-15
1.52863  1.160207E-15
1.52903  1.159937E-15
1.52943  1.170808E-15
1.52984  1.154233E-15
1.53024  1.172777E-15
1.53064  1.163846E-15
1.53105  1.175923E-15
1.53145  1.166044E-15
1.53186  1.169313E-15
1.53226  1.171116E-15
1.53266  1.179539E-15
1.53307  1.162300E-15
1.53347  1.171607E-15
1.53388  1.154192E-15
1.53428  1.171536E-15
1.53468  1.157922E-15
1.53509  1.182416E-15
1.53549  1.170477E-15
1.5359  1.168656E-15
1.5363  1.151806E-15
1.5367  1.177319E-15
1.53711  1.170346E-15
1.53751  1.175207E-15
1.53791  1.187126E-15
1.53832  1.195838E-15
1.53872  1.176438E-15
1.53913  1.195943E-15
1.53953  1.200055E-15
1.53993  1.205311E-15
1.54034  1.197246E-15
1.54074  1.224513E-15
1.54114  1.226231E-15
1.54155  1.226532E-15
1.54195  1.225461E-15
1.54236  1.210257E-15
1.54276  1.200237E-15
1.54316  1.199624E-15
1.54357  1.171133E-15
1.54397  1.182716E-15
1.54437  1.165996E-15
1.54478  1.179399E-15
1.54518  1.176185E-15
1.54559  1.185092E-15
1.54599  1.167229E-15
1.54639  1.178748E-15
1.5468  1.173848E-15
1.5472  1.175951E-15
1.5476  1.170418E-15
1.54801  1.170731E-15
1.54841  1.165385E-15
1.54881  1.166386E-15
1.54922  1.159146E-15
1.54962  1.171122E-15
1.55003  1.166286E-15
1.55043  1.157871E-15
1.55083  1.174424E-15
1.55124  1.180541E-15
1.55164  1.172044E-15
1.55204  1.172597E-15
1.55245  1.152543E-15
1.55285  1.162344E-15
1.55325  1.147045E-15
1.55366  1.149585E-15
1.55406  1.134234E-15
1.55446  1.140269E-15
1.55487  1.136849E-15
1.55527  1.150996E-15
1.55568  1.129666E-15
1.55608  1.152456E-15
1.55648  1.154351E-15
1.55689  1.160000E-15
1.55729  1.150871E-15
1.55769  1.175063E-15
1.5581  1.152310E-15
1.5585  1.154631E-15
1.5589  1.141936E-15
1.55931  1.152045E-15
1.55971  1.138290E-15
1.56011  1.145363E-15
1.56052  1.129539E-15
1.56092  1.138921E-15
1.56132  1.131696E-15
1.56173  1.140994E-15
1.56213  1.139448E-15
1.56253  1.157001E-15
1.56294  1.155880E-15
1.56334  1.158783E-15
1.56374  1.153566E-15
1.56415  1.159920E-15
1.56455  1.157334E-15
1.56495  1.163678E-15
1.56536  1.148989E-15
1.56576  1.159794E-15
1.56616  1.147965E-15
1.56657  1.138964E-15
1.56697  1.145610E-15
1.56737  1.149989E-15
1.56778  1.142610E-15
1.56818  1.146012E-15
1.56858  1.130110E-15
1.56899  1.141370E-15
1.56939  1.128088E-15
1.56979  1.121594E-15
1.5702  1.116036E-15
1.5706  1.123024E-15
1.571  1.130064E-15
1.57141  1.139857E-15
1.57181  1.152094E-15
1.57221  1.169537E-15
1.57262  1.160195E-15
1.57302  1.173459E-15
1.57342  1.149089E-15
1.57383  1.159110E-15
1.57423  1.144521E-15
1.57463  1.143641E-15
1.57504  1.128324E-15
1.57544  1.146265E-15
1.57584  1.135834E-15
1.57625  1.136439E-15
1.57665  1.132025E-15
1.57705  1.140207E-15
1.57746  1.125422E-15
1.57786  1.143786E-15
1.57826  1.131725E-15
1.57867  1.133484E-15
1.57907  1.127419E-15
1.57947  1.141771E-15
1.57988  1.132703E-15
1.58028  1.157113E-15
1.58068  1.155485E-15
1.58109  1.150624E-15
1.58149  1.145328E-15
1.58189  1.163991E-15
1.5823  1.168471E-15
1.5827  1.174427E-15
1.5831  1.157973E-15
1.5835  1.168438E-15
1.58391  1.164212E-15
1.58431  1.159861E-15
1.58471  1.126621E-15
1.58512  1.153956E-15
1.58552  1.152348E-15
1.58592  1.144477E-15
1.58633  1.143462E-15
1.58673  1.168811E-15
1.58713  1.140050E-15
1.58754  1.155063E-15
1.58794  1.147068E-15
1.58834  1.147725E-15
1.58874  1.144322E-15
1.58915  1.145041E-15
1.58955  1.146498E-15
1.58995  1.157854E-15
1.59036  1.148426E-15
1.59076  1.167830E-15
1.59116  1.160791E-15
1.59157  1.172343E-15
1.59197  1.167215E-15
1.59237  1.167519E-15
1.59278  1.165735E-15
1.59318  1.175718E-15
1.59358  1.184227E-15
1.59398  1.195777E-15
1.59439  1.178416E-15
1.59479  1.184203E-15
1.59519  1.178100E-15
1.5956  1.185143E-15
1.596  1.163941E-15
1.5964  1.171836E-15
1.59681  1.166211E-15
1.59721  1.173981E-15
1.59761  1.141930E-15
1.59801  1.166085E-15
1.59842  1.164468E-15
1.59882  1.177481E-15
1.59922  1.160061E-15
1.59963  1.175462E-15
1.60003  1.151855E-15
1.60043  1.165760E-15
1.60083  1.156398E-15
1.60124  1.160876E-15
1.60164  1.152657E-15
1.60204  1.157176E-15
1.60245  1.157864E-15
1.60285  1.167969E-15
1.60325  1.137825E-15
1.60365  1.160636E-15
1.60406  1.133742E-15
1.60446  1.151019E-15
1.60486  1.152839E-15
1.60527  1.168205E-15
1.60567  1.164721E-15
1.60607  1.167662E-15
1.60648  1.161125E-15
1.60688  1.157589E-15
1.60728  1.169892E-15
1.60768  1.195637E-15
1.60809  1.178783E-15
1.60849  1.206312E-15
1.60889  1.201624E-15
1.6093  1.235409E-15
1.6097  1.212952E-15
1.6101  1.210038E-15
1.6105  1.196819E-15
1.61091  1.181171E-15
1.61131  1.171917E-15
1.61171  1.171692E-15
1.61211  1.158599E-15
1.61252  1.178268E-15
1.61292  1.173404E-15
1.61332  1.197846E-15
1.61373  1.170069E-15
1.61413  1.202023E-15
1.61453  1.190664E-15
1.61493  1.218341E-15
1.61534  1.206048E-15
1.61574  1.197967E-15
1.61614  1.184378E-15
1.61655  1.193252E-15
1.61695  1.189810E-15
1.61735  1.204776E-15
1.61775  1.188738E-15
1.61816  1.187890E-15
1.61856  1.178286E-15
1.61896  1.191476E-15
1.61936  1.188823E-15
1.61977  1.177165E-15
1.62017  1.180841E-15
1.62057  1.168903E-15
1.62098  1.167714E-15
1.62138  1.172054E-15
1.62178  1.159069E-15
1.62218  1.171242E-15
1.62259  1.158350E-15
1.62299  1.171549E-15
1.62339  1.154613E-15
1.62379  1.156847E-15
1.6242  1.147442E-15
1.6246  1.165278E-15
1.625  1.159047E-15
1.62541  1.165606E-15
1.62581  1.165413E-15
1.62621  1.168498E-15
1.62661  1.171510E-15
1.62702  1.175952E-15
1.62742  1.189865E-15
1.62782  1.193467E-15
1.62822  1.187870E-15
1.62863  1.188060E-15
1.62903  1.163846E-15
1.62943  1.169524E-15
1.62983  1.151046E-15
1.63024  1.157563E-15
1.63064  1.147621E-15
1.63104  1.146049E-15
1.63145  1.146157E-15
1.63185  1.155640E-15
1.63225  1.135235E-15
1.63265  1.139045E-15
1.63306  1.131853E-15
1.63346  1.137146E-15
1.63386  1.141070E-15
1.63426  1.137342E-15
1.63467  1.149561E-15
1.63507  1.137329E-15
1.63547  1.144063E-15
1.63587  1.159393E-15
1.63628  1.135196E-15
1.63668  1.167343E-15
1.63708  1.160089E-15
1.63748  1.163277E-15
1.63789  1.153534E-15
1.63829  1.169381E-15
1.63869  1.172713E-15
1.63909  1.179425E-15
1.6395  1.187557E-15
1.6399  1.183414E-15
1.6403  1.169712E-15
1.6407  1.152870E-15
1.64111  1.158006E-15
1.64151  1.154568E-15
1.64191  1.154614E-15
1.64231  1.154743E-15
1.64272  1.151782E-15
1.64312  1.161873E-15
1.64352  1.157306E-15
1.64393  1.163146E-15
1.64433  1.146462E-15
1.64473  1.171738E-15
1.64513  1.146564E-15
1.64554  1.168004E-15
1.64594  1.151009E-15
1.64634  1.149925E-15
1.64674  1.153744E-15
1.64715  1.152101E-15
1.64755  1.150302E-15
1.64795  1.161759E-15
1.64835  1.143595E-15
1.64876  1.160514E-15
1.64916  1.152382E-15
1.64956  1.198724E-15
1.64996  1.181659E-15
1.65037  1.181828E-15
1.65077  1.198176E-15
1.65117  1.206937E-15
1.65157  1.206195E-15
1.65198  1.203732E-15
1.65238  1.182129E-15
1.65278  1.171895E-15
1.65318  1.167454E-15
1.65359  1.159655E-15
1.65399  1.153453E-15
1.65439  1.161820E-15
1.65479  1.142707E-15
1.65519  1.153758E-15
1.6556  1.132748E-15
1.656  1.138970E-15
1.6564  1.132593E-15
1.6568  1.147425E-15
1.65721  1.121775E-15
1.65761  1.138130E-15
1.65801  1.138197E-15
1.65841  1.140606E-15
1.65882  1.130115E-15
1.65922  1.142449E-15
1.65962  1.131576E-15
1.66002  1.143682E-15
1.66043  1.134984E-15
1.66083  1.147390E-15
1.66123  1.124024E-15
1.66163  1.150788E-15
1.66204  1.136196E-15
1.66244  1.137962E-15
1.66284  1.131493E-15
1.66324  1.131353E-15
1.66365  1.129846E-15
1.66405  1.129064E-15
1.66445  1.126459E-15
1.66485  1.122776E-15
1.66526  1.110673E-15
1.66566  1.121896E-15
1.66606  1.111057E-15
1.66646  1.127676E-15
1.66687  1.124098E-15
1.66727  1.128774E-15
1.66767  1.122586E-15
1.66807  1.126041E-15
1.66847  1.133876E-15
1.66888  1.128340E-15
1.66928  1.119739E-15
1.66968  1.127181E-15
1.67008  1.128108E-15
1.67049  1.117394E-15
1.67089  1.116581E-15
1.67129  1.105796E-15
1.67169  1.112150E-15
1.6721  1.119933E-15
1.6725  1.116303E-15
1.6729  1.137714E-15
1.6733  1.114554E-15
1.67371  1.130030E-15
1.67411  1.119350E-15
1.67451  1.123166E-15
1.67491  1.125004E-15
1.67531  1.129607E-15
1.67572  1.140837E-15
1.67612  1.133346E-15
1.67652  1.143229E-15
1.67692  1.160599E-15
1.67733  1.144203E-15
1.67773  1.155815E-15
1.67813  1.149794E-15
1.67853  1.158000E-15
1.67894  1.162498E-15
1.67934  1.179079E-15
1.67974  1.174953E-15
1.68014  1.187102E-15
1.68055  1.211436E-15
1.68095  1.213573E-15
1.68135  1.214727E-15
1.68175  1.230437E-15
1.68215  1.218215E-15
1.68256  1.233457E-15
1.68296  1.201225E-15
1.68336  1.200257E-15
1.68376  1.226017E-15
1.68417  1.244509E-15
1.68457  1.256677E-15
1.68497  1.278088E-15
1.68537  1.255536E-15
1.68578  1.217748E-15
1.68618  1.193262E-15
1.68658  1.179697E-15
1.68698  1.165646E-15
1.68738  1.149173E-15
1.68779  1.142544E-15
1.68819  1.141411E-15
1.68859  1.137421E-15
1.68899  1.130648E-15
1.6894  1.119227E-15
1.6898  1.127461E-15
1.6902  1.092475E-15
1.6906  1.122878E-15
1.69101  1.123639E-15
1.69141  1.116194E-15
1.69181  1.122885E-15
1.69221  1.129452E-15
1.69261  1.119503E-15
1.69302  1.119198E-15
1.69342  1.114951E-15
1.69382  1.123215E-15
1.69422  1.113204E-15
1.69463  1.112703E-15
1.69503  1.114386E-15
1.69543  1.125536E-15
1.69583  1.105219E-15
1.69623  1.111704E-15
1.69664  1.091346E-15
1.69704  1.107649E-15
1.69744  1.108390E-15
1.69784  1.111708E-15
1.69825  1.098925E-15
1.69865  1.109257E-15
1.69905  1.101214E-15
1.69945  1.115788E-15
1.69986  1.111552E-15
1.70026  1.123178E-15
1.70066  1.104768E-15
1.70106  1.129511E-15
1.70146  1.107915E-15
1.70187  1.119147E-15
1.70227  1.119505E-15
1.70267  1.109590E-15
1.70307  1.110796E-15
1.70348  1.122368E-15
1.70388  1.118485E-15
1.70428  1.121564E-15
1.70468  1.116780E-15
1.70508  1.110063E-15
1.70549  1.113958E-15
1.70589  1.114047E-15
1.70629  1.110071E-15
1.70669  1.104544E-15
1.7071  1.100857E-15
1.7075  1.112263E-15
1.7079  1.097312E-15
1.7083  1.117623E-15
1.7087  1.096033E-15
1.70911  1.108637E-15
1.70951  1.102076E-15
1.70991  1.119976E-15
1.71031  1.107426E-15
1.71072  1.116710E-15
1.71112  1.111504E-15
1.71152  1.127800E-15
1.71192  1.110369E-15
1.71233  1.129395E-15
1.71273  1.123579E-15
1.71313  1.097161E-15
1.71353  1.094521E-15
1.71393  1.110660E-15
1.71434  1.115703E-15
1.71474  1.107147E-15
1.71514  1.116885E-15
1.71554  1.117553E-15
1.71595  1.111365E-15
1.71635  1.130544E-15
1.71675  1.124429E-15
1.71715  1.134207E-15
1.71755  1.118682E-15
1.71796  1.151095E-15
1.71836  1.123038E-15
1.71876  1.144190E-15
1.71916  1.146968E-15
1.71957  1.165120E-15
1.71997  1.172985E-15
1.72037  1.167407E-15
1.72077  1.173969E-15
1.72117  1.183745E-15
1.72158  1.192953E-15
1.72198  1.191666E-15
1.72238  1.210096E-15
1.72278  1.217928E-15
1.72319  1.198827E-15
1.72359  1.189601E-15
1.72399  1.171080E-15
1.72439  1.165907E-15
1.72479  1.148110E-15
1.7252  1.151239E-15
1.7256  1.143729E-15
1.726  1.134515E-15
1.7264  1.141830E-15
1.72681  1.148018E-15
1.72721  1.147497E-15
1.72761  1.152352E-15
1.72801  1.168401E-15
1.72841  1.172977E-15
1.72882  1.203260E-15
1.72922  1.225200E-15
1.72962  1.222177E-15
1.73002  1.217304E-15
1.73043  1.186031E-15
1.73083  1.167297E-15
1.73123  1.159045E-15
1.73163  1.141573E-15
1.73204  1.141755E-15
1.73244  1.143736E-15
1.73284  1.122916E-15
1.73324  1.142251E-15
1.73364  1.125865E-15
1.73405  1.124260E-15
1.73445  1.127222E-15
1.73485  1.138154E-15
1.73525  1.111486E-15
1.73566  1.120225E-15
1.73606  1.098147E-15
1.73646  1.098248E-15
1.73686  1.086350E-15
1.73726  1.084445E-15
1.73767  1.101545E-15
1.73807  1.105138E-15
1.73847  1.093644E-15
1.73887  1.123392E-15
1.73928  1.105831E-15
1.73968  1.115779E-15
1.74008  1.123650E-15
1.74048  1.127883E-15
1.74088  1.128634E-15
1.74129  1.123309E-15
1.74169  1.130735E-15
1.74209  1.129151E-15
1.74249  1.135172E-15
1.7429  1.146895E-15
1.7433  1.118219E-15
1.7437  1.135450E-15
1.7441  1.115826E-15
1.7445  1.117073E-15
1.74491  1.117969E-15
1.74531  1.113316E-15
1.74571  1.114408E-15
1.74611  1.116565E-15
1.74652  1.102820E-15
1.74692  1.107932E-15
1.74732  1.117970E-15
1.74772  1.114961E-15
1.74813  1.124503E-15
1.74853  1.113302E-15
1.74893  1.114094E-15
1.74933  1.120713E-15
1.74973  1.111464E-15
1.75014  1.125066E-15
1.75054  1.092699E-15
1.75094  1.096280E-15
1.75134  1.102837E-15
1.75175  1.100954E-15
1.75215  1.096747E-15
1.75255  1.124055E-15
1.75295  1.128422E-15
1.75335  1.117015E-15
1.75376  1.112064E-15
1.75416  1.100007E-15
1.75456  1.115033E-15
1.75496  1.107593E-15
1.75537  1.115750E-15
1.75577  1.112979E-15
1.75617  1.100510E-15
1.75657  1.106342E-15
1.75698  1.108436E-15
1.75738  1.104694E-15
1.75778  1.089355E-15
1.75818  1.108262E-15
1.75858  1.084620E-15
1.75899  1.090028E-15
1.75939  1.091751E-15
1.75979  1.100495E-15
1.76019  1.078682E-15
1.7606  1.085133E-15
1.761  1.082911E-15
1.7614  1.079046E-15
1.7618  1.090630E-15
1.76221  1.101202E-15
1.76261  1.089809E-15
1.76301  1.097644E-15
1.76341  1.092995E-15
1.76381  1.084040E-15
1.76422  1.094528E-15
1.76462  1.092936E-15
1.76502  1.069432E-15
1.76542  1.075718E-15
1.76583  1.106227E-15
1.76623  1.067505E-15
1.76663  1.078581E-15
1.76703  1.107696E-15
1.76744  1.078618E-15
1.76784  1.088197E-15
1.76824  1.066028E-15
1.76864  1.079664E-15
1.76904  1.081479E-15
1.76945  1.091316E-15
1.76985  1.082207E-15
1.77025  1.097588E-15
1.77065  1.094458E-15
1.77106  1.104386E-15
1.77146  1.091810E-15
1.77186  1.093180E-15
1.77226  1.096244E-15
1.77267  1.109724E-15
1.77307  1.088135E-15
1.77347  1.099375E-15
1.77387  1.107280E-15
1.77428  1.118333E-15
1.77468  1.113448E-15
1.77508  1.115118E-15
1.77548  1.121897E-15
1.77588  1.124361E-15
1.77629  1.116503E-15
1.77669  1.128887E-15
1.77709  1.135501E-15
1.77749  1.146626E-15
1.7779  1.161094E-15
1.7783  1.153638E-15
1.7787  1.174258E-15
1.7791  1.195435E-15
1.77951  1.191199E-15
1.77991  1.206574E-15
1.78031  1.196580E-15
1.78071  1.168008E-15
1.78112  1.147693E-15
1.78152  1.133345E-15
1.78192  1.120751E-15
1.78232  1.144279E-15
1.78272  1.138683E-15
1.78313  1.132818E-15
1.78353  1.114074E-15
1.78393  1.128210E-15
1.78433  1.110715E-15
1.78474  1.119536E-15
1.78514  1.118832E-15
1.78554  1.116487E-15
1.78594  1.106568E-15
1.78635  1.122085E-15
1.78675  1.082416E-15
1.78715  1.089658E-15
1.78755  1.103029E-15
1.78796  1.098538E-15
1.78836  1.086030E-15
1.78876  1.093086E-15
1.78916  1.089111E-15
1.78957  1.088737E-15
1.78997  1.108794E-15
1.79037  1.104138E-15
1.79077  1.077547E-15
1.79118  1.100079E-15
1.79158  1.084920E-15
1.79198  1.080729E-15
1.79238  1.074341E-15
1.79279  1.082304E-15
1.79319  1.073150E-15
1.79359  1.092690E-15
1.79399  1.073219E-15
1.7944  1.080893E-15
1.7948  1.076403E-15
1.7952  1.101606E-15
1.7956  1.072779E-15
1.79601  1.079483E-15
1.79641  1.072610E-15
1.79681  1.052842E-15
1.79721  1.068914E-15
1.79762  1.075060E-15
1.79802  1.081650E-15
1.79842  1.093409E-15
1.79882  1.081977E-15
1.79923  1.062148E-15
1.79963  1.051336E-15
1.80003  1.063827E-15
1.80043  1.065011E-15
1.80084  1.037871E-15
1.80124  1.060408E-15
1.80164  1.080293E-15
1.80204  1.072855E-15
1.80245  1.089305E-15
1.80285  1.059267E-15
1.80325  1.070808E-15
1.80365  1.083008E-15
1.80406  1.093341E-15
1.80446  1.075083E-15
1.80486  1.072596E-15
1.80526  1.043798E-15
1.80567  1.040589E-15
1.80607  1.039639E-15
1.80647  1.058460E-15
1.80687  1.023566E-15
1.80728  1.080383E-15
1.80768  1.111218E-15
1.80808  1.077090E-15
1.80848  1.067632E-15
1.80889  1.090824E-15
1.80929  1.075002E-15
1.80969  1.062141E-15
1.81009  1.051136E-15
1.8105  1.042936E-15
1.8109  1.035314E-15
1.8113  9.949720E-16
1.8117  1.043160E-15
1.81211  1.063751E-15
1.81251  1.036981E-15
1.81291  1.047353E-15
1.81331  1.040598E-15
1.81372  1.079213E-15
1.81412  1.115508E-15
1.81452  1.070435E-15
1.81492  1.059535E-15
1.81533  1.028648E-15
1.81573  1.028760E-15
1.81613  1.022673E-15
1.81654  1.046827E-15
1.81694  1.098276E-15
1.81734  1.075550E-15
1.81774  1.045143E-15
1.81815  1.073578E-15
1.81855  1.047719E-15
1.81895  1.067121E-15
1.8831  1.041495E-15
1.88364  1.151254E-15
1.88418  1.206573E-15
1.88472  1.169205E-15
1.88526  1.045176E-15
1.8858  9.958071E-16
1.88634  1.087655E-15
1.88688  1.101689E-15
1.88742  1.078579E-15
1.88796  1.033106E-15
1.8885  1.019816E-15
1.88904  1.097184E-15
1.88957  1.207854E-15
1.89011  1.250783E-15
1.89065  1.195040E-15
1.89119  1.080466E-15
1.89173  9.840884E-16
1.89227  1.053970E-15
1.89281  1.117037E-15
1.89335  1.059561E-15
1.89389  9.913921E-16
1.89443  9.900188E-16
1.89497  9.841754E-16
1.89551  9.978563E-16
1.89605  1.065233E-15
1.89658  1.105194E-15
1.89712  1.157182E-15
1.89766  1.174618E-15
1.8982  1.213804E-15
1.89874  1.262435E-15
1.89928  1.236131E-15
1.89982  1.243718E-15
1.90036  1.114229E-15
1.9009  8.591699E-16
1.90144  8.717568E-16
1.90198  9.531409E-16
1.90252  1.071435E-15
1.90305  1.159692E-15
1.90359  1.132661E-15
1.90413  1.017233E-15
1.90467  1.046432E-15
1.90521  1.227981E-15
1.90575  1.380115E-15
1.90629  1.242609E-15
1.90683  8.992020E-16
1.90737  8.753218E-16
1.90791  9.302512E-16
1.90845  1.014170E-15
1.90898  1.127917E-15
1.90952  1.208352E-15
1.91006  1.233281E-15
1.9106  1.274183E-15
1.91114  1.353677E-15
1.91168  1.304885E-15
1.91222  1.203389E-15
1.91276  1.183615E-15
1.9133  1.212522E-15
1.91384  1.325862E-15
1.91438  1.244283E-15
1.91491  1.090711E-15
1.91545  1.158516E-15
1.91599  1.290353E-15
1.91653  1.380358E-15
1.91707  1.368164E-15
1.91761  1.260715E-15
1.91815  1.312254E-15
1.91869  1.510989E-15
1.91923  1.750588E-15
1.91977  2.055113E-15
1.9203  2.381988E-15
1.92084  2.618399E-15
1.92138  2.654985E-15
1.92192  2.694327E-15
1.92246  2.711414E-15
1.923  2.708326E-15
1.92354  2.629740E-15
1.92408  2.386661E-15
1.92462  1.983343E-15
1.92515  1.535388E-15
1.92569  1.353626E-15
1.92623  1.478395E-15
1.92677  1.586494E-15
1.92731  1.545202E-15
1.92785  1.433808E-15
1.92839  1.273435E-15
1.92893  1.187145E-15
1.92947  1.221985E-15
1.93  1.195331E-15
1.93054  1.248049E-15
1.93108  1.275278E-15
1.93162  1.159498E-15
1.93216  1.090642E-15
1.9327  1.086917E-15
1.93324  1.138358E-15
1.93378  1.162915E-15
1.93432  1.149320E-15
1.93485  1.120727E-15
1.93539  1.091301E-15
1.93593  1.126877E-15
1.93647  1.168990E-15
1.93701  1.170826E-15
1.93755  1.107684E-15
1.93809  1.108698E-15
1.93863  1.145958E-15
1.93916  1.151639E-15
1.9397  1.101472E-15
1.94024  1.078372E-15
1.94078  1.037048E-15
1.94132  1.066268E-15
1.94186  1.080398E-15
1.9424  1.061431E-15
1.94294  1.060216E-15
1.94347  1.091778E-15
1.94401  1.131798E-15
1.94455  1.114928E-15
1.94509  1.096722E-15
1.94563  1.077284E-15
1.94617  1.066212E-15
1.94671  1.100248E-15
1.94725  1.114120E-15
1.94778  1.123027E-15
1.94832  1.108769E-15
1.94886  1.094964E-15
1.9494  1.093512E-15
1.94994  1.087918E-15
1.95048  1.086045E-15
1.95102  1.089187E-15
1.95155  1.095031E-15
1.95209  1.108511E-15
1.95263  1.135308E-15
1.95317  1.150492E-15
1.95371  1.131396E-15
1.95425  1.107244E-15
1.95479  1.095527E-15
1.95532  1.102522E-15
1.95586  1.105273E-15
1.9564  1.096618E-15
1.95694  1.089330E-15
1.95748  1.075260E-15
1.95802  1.078936E-15
1.95856  1.074423E-15
1.95909  1.059728E-15
1.95963  1.052287E-15
1.96017  1.034900E-15
1.96071  1.041853E-15
1.96125  1.075314E-15
1.96179  1.103123E-15
1.96233  1.115038E-15
1.96286  1.134771E-15
1.9634  1.119974E-15
1.96394  1.117546E-15
1.96448  1.100623E-15
1.96502  1.116102E-15
1.96556  1.112246E-15
1.9661  1.139672E-15
1.96663  1.146850E-15
1.96717  1.160941E-15
1.96771  1.181596E-15
1.96825  1.188372E-15
1.96879  1.178291E-15
1.96933  1.154178E-15
1.96987  1.131586E-15
1.9704  1.107721E-15
1.97094  1.101555E-15
1.97148  1.098091E-15
1.97202  1.084088E-15
1.97256  1.068164E-15
1.9731  1.064526E-15
1.97363  1.077774E-15
1.97417  1.083677E-15
1.97471  1.084784E-15
1.97525  1.074007E-15
1.97579  1.079972E-15
1.97633  1.079138E-15
1.97687  1.084466E-15
1.9774  1.078353E-15
1.97794  1.087101E-15
1.97848  1.090087E-15
1.97902  1.109321E-15
1.97956  1.108948E-15
1.9801  1.102311E-15
1.98063  1.080270E-15
1.98117  1.063795E-15
1.98171  1.066021E-15
1.98225  1.086702E-15
1.98279  1.091197E-15
1.98333  1.094799E-15
1.98386  1.091346E-15
1.9844  1.088695E-15
1.98494  1.102966E-15
1.98548  1.106054E-15
1.98602  1.111391E-15
1.98656  1.111995E-15
1.98709  1.115278E-15
1.98763  1.111220E-15
1.98817  1.091595E-15
1.98871  1.107579E-15
1.98925  1.124889E-15
1.98979  1.138018E-15
1.99032  1.138467E-15
1.99086  1.136822E-15
1.9914  1.152816E-15
1.99194  1.192588E-15
1.99248  1.224536E-15
1.99302  1.252890E-15
1.99355  1.253523E-15
1.99409  1.233118E-15
1.99463  1.200877E-15
1.99517  1.167661E-15
1.99571  1.151468E-15
1.99624  1.148395E-15
1.99678  1.149337E-15
1.99732  1.144632E-15
1.99786  1.150245E-15
1.9984  1.155303E-15
1.99894  1.153319E-15
1.99947  1.149764E-15
2.00001  1.149084E-15
2.00055  1.147706E-15
2.00109  1.137140E-15
2.00163  1.163806E-15
2.00216  1.156423E-15
2.0027  1.135490E-15
2.00324  1.120500E-15
2.00378  1.113754E-15
2.00432  1.102204E-15
2.00486  1.114078E-15
2.00539  1.132716E-15
2.00593  1.114597E-15
2.00647  1.089591E-15
2.00701  1.069718E-15
2.00755  1.065179E-15
2.00808  1.077884E-15
2.00862  1.093730E-15
2.00916  1.129937E-15
2.0097  1.184968E-15
2.01024  1.241331E-15
2.01078  1.284166E-15
2.01131  1.285024E-15
2.01185  1.284435E-15
2.01239  1.268020E-15
2.01293  1.203382E-15
2.01347  1.154046E-15
2.014  1.111628E-15
2.01454  1.097054E-15
2.01508  1.081750E-15
2.01562  1.086798E-15
2.01616  1.082732E-15
2.01669  1.081058E-15
2.01723  1.070312E-15
2.01777  1.089612E-15
2.01831  1.066440E-15
2.01885  1.055602E-15
2.01938  1.058248E-15
2.01992  1.057908E-15
2.02046  1.055988E-15
2.021  1.075821E-15
2.02154  1.063444E-15
2.02207  1.072011E-15
2.02261  1.084363E-15
2.02315  1.088117E-15
2.02369  1.083631E-15
2.02423  1.096866E-15
2.02476  1.089200E-15
2.0253  1.082416E-15
2.02584  1.077089E-15
2.02638  1.079355E-15
2.02692  1.084391E-15
2.02745  1.082420E-15
2.02799  1.085239E-15
2.02853  1.085894E-15
2.02907  1.076003E-15
2.02961  1.080710E-15
2.03014  1.077610E-15
2.03068  1.082410E-15
2.03122  1.086543E-15
2.03176  1.080519E-15
2.0323  1.084273E-15
2.03283  1.080609E-15
2.03337  1.088434E-15
2.03391  1.082360E-15
2.03445  1.077732E-15
2.03499  1.082613E-15
2.03552  1.082735E-15
2.03606  1.090796E-15
2.0366  1.087338E-15
2.03714  1.092424E-15
2.03768  1.085088E-15
2.03821  1.089118E-15
2.03875  1.082101E-15
2.03929  1.086602E-15
2.03983  1.084241E-15
2.04036  1.078537E-15
2.0409  1.080649E-15
2.04144  1.081499E-15
2.04198  1.076943E-15
2.04252  1.081301E-15
2.04305  1.075167E-15
2.04359  1.083524E-15
2.04413  1.084436E-15
2.04467  1.080845E-15
2.04521  1.075982E-15
2.04574  1.085775E-15
2.04628  1.079938E-15
2.04682  1.087454E-15
2.04736  1.087186E-15
2.04789  1.097933E-15
2.04843  1.094906E-15
2.04897  1.102760E-15
2.04951  1.086873E-15
2.05005  1.096860E-15
2.05058  1.093075E-15
2.05112  1.095945E-15
2.05166  1.091421E-15
2.0522  1.089471E-15
2.05273  1.086527E-15
2.05327  1.091274E-15
2.05381  1.081602E-15
2.05435  1.088492E-15
2.05489  1.083969E-15
2.05542  1.081978E-15
2.05596  1.083782E-15
2.0565  1.082776E-15
2.05704  1.062934E-15
2.05757  1.064707E-15
2.05811  1.061455E-15
2.05865  1.049181E-15
2.05919  1.058388E-15
2.05973  1.055998E-15
2.06026  1.065861E-15
2.0608  1.080040E-15
2.06134  1.088179E-15
2.06188  1.104254E-15
2.06241  1.093375E-15
2.06295  1.083982E-15
2.06349  1.083376E-15
2.06403  1.078834E-15
2.06456  1.078258E-15
2.0651  1.084378E-15
2.06564  1.069183E-15
2.06618  1.081639E-15
2.06672  1.070945E-15
2.06725  1.076398E-15
2.06779  1.075321E-15
2.06833  1.078026E-15
2.06887  1.072633E-15
2.0694  1.073319E-15
2.06994  1.074907E-15
2.07048  1.073409E-15
2.07102  1.062563E-15
2.07155  1.063208E-15
2.07209  1.070588E-15
2.07263  1.071510E-15
2.07317  1.066363E-15
2.0737  1.080252E-15
2.07424  1.072276E-15
2.07478  1.074100E-15
2.07532  1.065499E-15
2.07586  1.073647E-15
2.07639  1.071658E-15
2.07693  1.076116E-15
2.07747  1.067854E-15
2.07801  1.076503E-15
2.07854  1.071419E-15
2.07908  1.068251E-15
2.07962  1.076286E-15
2.08016  1.079421E-15
2.08069  1.073579E-15
2.08123  1.074828E-15
2.08177  1.079316E-15
2.08231  1.080351E-15
2.08284  1.086192E-15
2.08338  1.095445E-15
2.08392  1.094686E-15
2.08446  1.089633E-15
2.08499  1.081321E-15
2.08553  1.078830E-15
2.08607  1.071788E-15
2.08661  1.075118E-15
2.08714  1.075046E-15
2.08768  1.070752E-15
2.08822  1.077412E-15
2.08876  1.082996E-15
2.08929  1.077800E-15
2.08983  1.081704E-15
2.09037  1.081385E-15
2.09091  1.084182E-15
2.09144  1.084202E-15
2.09198  1.090339E-15
2.09252  1.088289E-15
2.09306  1.094456E-15
2.09359  1.094968E-15
2.09413  1.098359E-15
2.09467  1.096729E-15
2.09521  1.100161E-15
2.09574  1.093408E-15
2.09628  1.084421E-15
2.09682  1.083816E-15
2.09736  1.087022E-15
2.09789  1.080567E-15
2.09843  1.089972E-15
2.09897  1.077820E-15
2.09951  1.078321E-15
2.10004  1.069695E-15
2.10058  1.077050E-15
2.10112  1.076322E-15
2.10166  1.077459E-15
2.10219  1.079989E-15
2.10273  1.073381E-15
2.10327  1.076986E-15
2.10381  1.080285E-15
2.10434  1.072068E-15
2.10488  1.075756E-15
2.10542  1.081502E-15
2.10595  1.078039E-15
2.10649  1.073665E-15
2.10703  1.084400E-15
2.10757  1.070959E-15
2.1081  1.071881E-15
2.10864  1.076408E-15
2.10918  1.084531E-15
2.10972  1.081826E-15
2.11025  1.093503E-15
2.11079  1.094220E-15
2.11133  1.090685E-15
2.11187  1.088001E-15
2.1124  1.085030E-15
2.11294  1.078280E-15
2.11348  1.083258E-15
2.11402  1.082366E-15
2.11455  1.083349E-15
2.11509  1.078074E-15
2.11563  1.076148E-15
2.11616  1.077766E-15
2.1167  1.076076E-15
2.11724  1.071077E-15
2.11778  1.076618E-15
2.11831  1.075604E-15
2.11885  1.074969E-15
2.11939  1.073248E-15
2.11993  1.083222E-15
2.12046  1.071680E-15
2.121  1.079064E-15
2.12154  1.077036E-15
2.12208  1.080733E-15
2.12261  1.066057E-15
2.12315  1.076134E-15
2.12369  1.078704E-15
2.12422  1.081992E-15
2.12476  1.080896E-15
2.1253  1.075970E-15
2.12584  1.071699E-15
2.12637  1.070798E-15
2.12691  1.077003E-15
2.12745  1.071013E-15
2.12799  1.080095E-15
2.12852  1.083813E-15
2.12906  1.067101E-15
2.1296  1.076429E-15
2.13013  1.075487E-15
2.13067  1.077545E-15
2.13121  1.071617E-15
2.13175  1.083310E-15
2.13228  1.075497E-15
2.13282  1.075988E-15
2.13336  1.077504E-15
2.13389  1.082183E-15
2.13443  1.070674E-15
2.13497  1.075394E-15
2.13551  1.072364E-15
2.13604  1.072671E-15
2.13658  1.077022E-15
2.13712  1.076295E-15
2.13766  1.079633E-15
2.13819  1.079070E-15
2.13873  1.078496E-15
2.13927  1.084977E-15
2.1398  1.090198E-15
2.14034  1.093966E-15
2.14088  1.092583E-15
2.14142  1.096074E-15
2.14195  1.084322E-15
2.14249  1.080442E-15
2.14303  1.077780E-15
2.14356  1.074043E-15
2.1441  1.073839E-15
2.14464  1.079991E-15
2.14518  1.071597E-15
2.14571  1.081967E-15
2.14625  1.080605E-15
2.14679  1.078364E-15
2.14732  1.073338E-15
2.14786  1.076051E-15
2.1484  1.076839E-15
2.14894  1.078947E-15
2.14947  1.071352E-15
2.15001  1.078948E-15
2.15055  1.079060E-15
2.15108  1.076891E-15
2.15162  1.080299E-15
2.15216  1.076277E-15
2.1527  1.066256E-15
2.15323  1.074373E-15
2.15377  1.075694E-15
2.15431  1.073442E-15
2.15484  1.080474E-15
2.15538  1.080188E-15
2.15592  1.075521E-15
2.15645  1.077844E-15
2.15699  1.072522E-15
2.15753  1.075736E-15
2.15807  1.077835E-15
2.1586  1.076689E-15
2.15914  1.083290E-15
2.15968  1.074243E-15
2.16021  1.086207E-15
2.16075  1.086944E-15
2.16129  1.085573E-15
2.16183  1.082462E-15
2.16236  1.084642E-15
2.1629  1.089370E-15
2.16344  1.097342E-15
2.16397  1.099717E-15
2.16451  1.087723E-15
2.16505  1.101160E-15
2.16558  1.109827E-15
2.16612  1.112611E-15
2.16666  1.109725E-15
2.1672  1.102521E-15
2.16773  1.091521E-15
2.16827  1.089383E-15
2.16881  1.089608E-15
2.16934  1.089219E-15
2.16988  1.086109E-15
2.17042  1.085035E-15
2.17095  1.086560E-15
2.17149  1.087952E-15
2.17203  1.080953E-15
2.17257  1.086765E-15
2.1731  1.100476E-15
2.17364  1.113205E-15
2.17418  1.115865E-15
2.17471  1.132543E-15
2.17525  1.102043E-15
2.17579  1.090993E-15
2.17632  1.079022E-15
2.17686  1.081837E-15
2.1774  1.076732E-15
2.17794  1.081735E-15
2.17847  1.078666E-15
2.17901  1.074697E-15
2.17955  1.078831E-15
2.18008  1.081645E-15
2.18062  1.076069E-15
2.18116  1.084111E-15
2.18169  1.075344E-15
2.18223  1.083242E-15
2.18277  1.084409E-15
2.18331  1.086128E-15
2.18384  1.079285E-15
2.18438  1.081260E-15
2.18492  1.079112E-15
2.18545  1.084882E-15
2.18599  1.078469E-15
2.18653  1.084668E-15
2.18706  1.076628E-15
2.1876  1.083339E-15
2.18814  1.082910E-15
2.18867  1.079484E-15
2.18921  1.083198E-15
2.18975  1.087566E-15
2.19029  1.083649E-15
2.19082  1.093029E-15
2.19136  1.088366E-15
2.1919  1.084991E-15
2.19243  1.083508E-15
2.19297  1.084787E-15
2.19351  1.082097E-15
2.19404  1.081843E-15
2.19458  1.080227E-15
2.19512  1.087561E-15
2.19565  1.078827E-15
2.19619  1.078337E-15
2.19673  1.076394E-15
2.19726  1.089538E-15
2.1978  1.084578E-15
2.19834  1.077327E-15
2.19888  1.086440E-15
2.19941  1.098018E-15
2.19995  1.081451E-15
2.20049  1.085031E-15
2.20102  1.074129E-15
2.20156  1.070612E-15
2.2021  1.075563E-15
2.20263  1.074234E-15
2.20317  1.071330E-15
2.20371  1.075698E-15
2.20424  1.074666E-15
2.20478  1.085752E-15
2.20532  1.083922E-15
2.20585  1.061987E-15
2.20639  1.066907E-15
2.20693  1.081900E-15
2.20746  1.075479E-15
2.208  1.077197E-15
2.20854  1.075429E-15
2.20908  1.079540E-15
2.20961  1.076095E-15
2.21015  1.078244E-15
2.21069  1.082631E-15
2.21122  1.087254E-15
2.21176  1.089320E-15
2.2123  1.091131E-15
2.21283  1.091418E-15
2.21337  1.092512E-15
2.21391  1.095795E-15
2.21444  1.103864E-15
2.21498  1.103997E-15
2.21552  1.114356E-15
2.21605  1.119847E-15
2.21659  1.127915E-15
2.21713  1.143763E-15
2.21766  1.172934E-15
2.2182  1.212267E-15
2.21874  1.248439E-15
2.21927  1.285757E-15
2.21981  1.291696E-15
2.22035  1.267966E-15
2.22088  1.227386E-15
2.22142  1.187789E-15
2.22196  1.158713E-15
2.2225  1.131795E-15
2.22303  1.124352E-15
2.22357  1.111799E-15
2.22411  1.112055E-15
2.22464  1.095146E-15
2.22518  1.109787E-15
2.22572  1.097264E-15
2.22625  1.100342E-15
2.22679  1.091060E-15
2.22733  1.095621E-15
2.22786  1.078008E-15
2.2284  1.088692E-15
2.22894  1.088651E-15
2.22947  1.080659E-15
2.23001  1.080649E-15
2.23055  1.080773E-15
2.23108  1.082757E-15
2.23162  1.078485E-15
2.23216  1.079028E-15
2.23269  1.077210E-15
2.23323  1.072049E-15
2.23377  1.069985E-15
2.2343  1.074790E-15
2.23484  1.075487E-15
2.23538  1.078656E-15
2.23591  1.074211E-15
2.23645  1.077861E-15
2.23699  1.072700E-15
2.23752  1.075523E-15
2.23806  1.074011E-15
2.2386  1.075147E-15
2.23913  1.072031E-15
2.23967  1.070253E-15
2.24021  1.075017E-15
2.24074  1.080640E-15
2.24128  1.078076E-15
2.24182  1.069400E-15
2.24235  1.079601E-15
2.24289  1.073317E-15
2.24343  1.083834E-15
2.24396  1.074729E-15
2.2445  1.077868E-15
2.24504  1.071175E-15
2.24557  1.073783E-15
2.24611  1.073682E-15
2.24665  1.076115E-15
2.24718  1.077220E-15
2.24772  1.059695E-15
2.24826  1.059001E-15
2.24879  1.066688E-15
2.24933  1.074844E-15
2.24987  1.065444E-15
2.2504  1.066845E-15
2.25094  1.066816E-15
2.25148  1.066725E-15
2.25201  1.070477E-15
2.25255  1.070376E-15
2.25309  1.069263E-15
2.25362  1.070276E-15
2.25416  1.072934E-15
2.2547  1.073293E-15
2.25523  1.073969E-15
2.25577  1.083882E-15
2.25631  1.077701E-15
2.25684  1.075945E-15
2.25738  1.074322E-15
2.25792  1.068141E-15
2.25845  1.068695E-15
2.25899  1.079793E-15
2.25953  1.077045E-15
2.26006  1.092925E-15
2.2606  1.086571E-15
2.26114  1.089729E-15
2.26167  1.083733E-15
2.26221  1.074712E-15
2.26275  1.074356E-15
2.26328  1.066521E-15
2.26382  1.080203E-15
2.26436  1.083719E-15
2.26489  1.081667E-15
2.26543  1.064586E-15
2.26597  1.069317E-15
2.2665  1.071158E-15
2.26704  1.078291E-15
2.26757  1.082675E-15
2.26811  1.086078E-15
2.26865  1.071113E-15
2.26918  1.067804E-15
2.26972  1.067142E-15
2.27026  1.051145E-15
2.27079  1.076370E-15
2.27133  1.077802E-15
2.27187  1.076087E-15
2.2724  1.072084E-15
2.27294  1.068622E-15
2.27348  1.062351E-15
2.27401  1.066971E-15
2.27455  1.072049E-15
2.27509  1.081918E-15
2.27562  1.071276E-15
2.27616  1.076395E-15
2.2767  1.054771E-15
2.27723  1.061004E-15
2.27777  1.070291E-15
2.27831  1.072744E-15
2.27884  1.064625E-15
2.27938  1.070347E-15
2.27992  1.071850E-15
2.28045  1.071086E-15
2.28099  1.072088E-15
2.28153  1.073724E-15
2.28206  1.064533E-15
2.2826  1.065607E-15
2.28313  1.080552E-15
2.28367  1.062618E-15
2.28421  1.051129E-15
2.28474  1.055952E-15
2.28528  1.062194E-15
2.28582  1.060255E-15
2.28635  1.059532E-15
2.28689  1.062485E-15
2.28743  1.069075E-15
2.28796  1.066472E-15
2.2885  1.068588E-15
2.28904  1.072675E-15
2.28957  1.074760E-15
2.29011  1.075293E-15
2.29065  1.050845E-15
2.29118  1.049937E-15
2.29172  1.058702E-15
2.29226  1.063575E-15
2.29279  1.065640E-15
2.29333  1.055225E-15
2.29387  1.066675E-15
2.2944  1.069454E-15
2.29494  1.074307E-15
2.29547  1.070653E-15
2.29601  1.064997E-15
2.29655  1.054654E-15
2.29708  1.062611E-15
2.29762  1.071589E-15
2.29816  1.073664E-15
2.29869  1.081008E-15
2.29923  1.070236E-15
2.29977  1.059444E-15
2.3003  1.069464E-15
2.30084  1.069803E-15
2.30138  1.060686E-15
2.30191  1.058227E-15
2.30245  1.068991E-15
2.30299  1.072148E-15
2.30352  1.079063E-15
2.30406  1.069303E-15
2.30459  1.064353E-15
2.30513  1.058106E-15
2.30567  1.063223E-15
2.3062  1.066380E-15
2.30674  1.073774E-15
2.30728  1.067333E-15
2.30781  1.058820E-15
2.30835  1.060741E-15
2.30889  1.052800E-15
2.30942  1.057376E-15
2.30996  1.057786E-15
2.3105  1.057176E-15
2.31103  1.066101E-15
2.31157  1.064092E-15
2.31211  1.066809E-15
2.31264  1.062003E-15
2.31318  1.061443E-15
2.31371  1.055391E-15
2.31425  1.065653E-15
2.31479  1.068657E-15
2.31532  1.072477E-15
2.31586  1.089202E-15
2.3164  1.096462E-15
2.31693  1.095719E-15
2.31747  1.073689E-15
2.31801  1.046128E-15
2.31854  1.038575E-15
2.31908  1.038843E-15
2.31962  1.044592E-15
2.32015  1.047902E-15
2.32069  1.057051E-15
2.32122  1.055931E-15
2.32176  1.066804E-15
2.3223  1.055496E-15
2.32283  1.057744E-15
2.32337  1.052866E-15
2.32391  1.058054E-15
2.32444  1.057975E-15
2.32498  1.063203E-15
2.32552  1.067380E-15
2.32605  1.053714E-15
2.32659  1.053175E-15
2.32713  1.058036E-15
2.32766  1.069511E-15
2.3282  1.073433E-15
2.32873  1.070914E-15
2.32927  1.061413E-15
2.32981  1.056740E-15
2.33034  1.056141E-15
2.33088  1.068391E-15
2.33142  1.069373E-15
2.33195  1.057729E-15
2.33249  1.057047E-15
2.33303  1.053018E-15
2.33356  1.064870E-15
2.3341  1.065709E-15
2.33463  1.069753E-15
2.33517  1.060488E-15
2.33571  1.058112E-15
2.33624  1.059768E-15
2.33678  1.066332E-15
2.33732  1.062711E-15
2.33785  1.066704E-15
2.33839  1.067380E-15
2.33893  1.073301E-15
2.33946  1.071232E-15
2.34  1.076918E-15
2.34053  1.066491E-15
2.34107  1.064299E-15
2.34161  1.051003E-15
2.34214  1.057904E-15
2.34268  1.056947E-15
2.34322  1.056000E-15
2.34375  1.076127E-15
2.34429  1.075323E-15
2.34483  1.069682E-15
2.34536  1.075134E-15
2.3459  1.071003E-15
2.34644  1.077883E-15
2.34697  1.084192E-15
2.34751  1.081867E-15
2.34804  1.080104E-15
2.34858  1.083616E-15
2.34912  1.085241E-15
2.34965  1.092162E-15
2.35019  1.099103E-15
2.35073  1.110666E-15
2.35126  1.105137E-15
2.3518  1.099507E-15
2.35234  1.108437E-15
2.35287  1.111051E-15
2.35341  1.112900E-15
2.35394  1.099413E-15
2.35448  1.103252E-15
2.35502  1.116896E-15
2.35555  1.121877E-15
2.35609  1.113930E-15
2.35663  1.101943E-15
2.35716  1.097385E-15
2.3577  1.104080E-15
2.35823  1.111316E-15
2.35877  1.105054E-15
2.35931  1.100781E-15
2.35984  1.074970E-15
2.36038  1.085522E-15
2.36092  1.105031E-15
2.36145  1.109961E-15
2.36199  1.100638E-15
2.36253  1.090744E-15
2.36306  1.093939E-15
2.3636  1.103103E-15
2.36413  1.104646E-15
2.36467  1.102679E-15
2.36521  1.089357E-15
2.36574  1.087727E-15
2.36628  1.104410E-15
2.36682  1.099250E-15
2.36735  1.109933E-15
2.36789  1.104090E-15
2.36843  1.088188E-15
2.36896  1.093107E-15
2.3695  1.121490E-15
2.37003  1.143292E-15
2.37057  1.148619E-15
2.37111  1.111295E-15
2.37164  1.078112E-15
2.37218  1.056070E-15
2.37272  1.052421E-15
2.37325  1.065603E-15
2.37379  1.071787E-15
2.37433  1.087876E-15
2.37486  1.098049E-15
2.3754  1.111598E-15
2.37593  1.112253E-15
2.37647  1.116284E-15
2.37701  1.142358E-15
2.37754  1.136638E-15
2.37808  1.137629E-15
2.37862  1.154645E-15
2.37915  1.167000E-15
2.37969  1.167675E-15
2.38022  1.162934E-15
2.38076  1.141597E-15
2.3813  1.112366E-15
2.38183  1.122619E-15
2.38237  1.135555E-15
2.38291  1.136220E-15
2.38344  1.126002E-15
2.38398  1.117029E-15
2.38452  1.102272E-15
2.38505  1.095818E-15
2.38559  1.109865E-15
2.38612  1.110693E-15
2.38666  1.121007E-15
2.3872  1.107455E-15
2.38773  1.104275E-15
2.38827  1.089866E-15
2.38881  1.090124E-15
2.38934  1.089820E-15
2.38988  1.110985E-15
2.39041  1.121298E-15
2.39095  1.117139E-15
2.39149  1.101007E-15
2.39202  1.088486E-15
2.39256  1.077780E-15
2.3931  1.094131E-15
2.39363  1.103138E-15
2.39417  1.104069E-15
2.3947  1.102501E-15
2.39524  1.101310E-15
2.39578  1.112530E-15
2.39631  1.100050E-15
2.39685  1.103010E-15
2.39739  1.089776E-15
2.39792  1.076552E-15
2.39846  1.088690E-15
2.399  1.093556E-15
2.39953  1.105357E-15
2.40007  1.099618E-15
2.4006  1.098734E-15
2.40114  1.084491E-15
2.40168  1.086706E-15
2.40221  1.101811E-15
2.40275  1.106432E-15
2.40329  1.110483E-15
2.40382  1.099412E-15
2.40436  1.101892E-15
2.40489  1.082194E-15
2.40543  1.089916E-15
2.40597  1.086288E-15
2.4065  1.112445E-15
2.40704  1.102618E-15
2.40758  1.088886E-15
2.40811  1.089633E-15
2.40865  1.088351E-15
2.40918  1.101272E-15
2.40972  1.118965E-15
2.41026  1.097301E-15
2.41079  1.082152E-15
2.41133  1.094115E-15
2.41187  1.108728E-15
2.4124  1.118426E-15
2.41294  1.120988E-15
2.41348  1.122540E-15
2.41401  1.127467E-15
2.41455  1.127337E-15
2.41508  1.111332E-15
2.41562  1.113853E-15
2.41616  1.122216E-15
2.41669  1.084823E-15
2.41723  1.079289E-15
2.41777  1.097602E-15
2.4183  1.142024E-15
2.41884  1.136908E-15
2.41937  1.092492E-15
2.41991  1.046405E-15
2.42045  1.044206E-15
2.42098  1.078717E-15
2.42152  1.106459E-15
2.42206  1.098327E-15
2.42259  1.098992E-15
2.42313  1.100157E-15
2.42366  1.109508E-15
2.4242  1.098093E-15
2.42474  1.097433E-15
2.42527  1.090116E-15
2.42581  1.103341E-15
2.42635  1.113384E-15
