0.804396  3.765941E-15
0.804598  3.720074E-15
0.8048  3.733542E-15
0.805002  3.912502E-15
0.805204  3.891385E-15
0.805406  3.763193E-15
0.805607  3.697699E-15
0.805809  3.842306E-15
0.806011  3.707176E-15
0.806213  3.700895E-15
0.806415  4.064924E-15
0.806617  3.706384E-15
0.806819  3.716309E-15
0.807021  3.704499E-15
0.807223  3.711362E-15
0.807425  3.787111E-15
0.807626  3.682621E-15
0.807828  3.605864E-15
0.807921  3.747109E-15
0.808155  3.656357E-15
0.808388  3.887011E-15
0.808621  3.669968E-15
0.808854  3.747040E-15
0.809087  3.757596E-15
0.80932  3.700246E-15
0.809553  3.796793E-15
0.809786  3.857197E-15
0.810019  3.730105E-15
0.810252  3.604871E-15
0.810485  3.727855E-15
0.810719  3.786861E-15
0.810952  3.642614E-15
0.811185  3.728634E-15
0.811418  3.842640E-15
0.811651  3.630825E-15
0.811884  3.780918E-15
0.812117  3.766750E-15
0.81235  3.840735E-15
0.812583  3.874144E-15
0.812816  3.485878E-15
0.813049  3.866570E-15
0.813282  3.827746E-15
0.813515  3.787831E-15
0.813748  3.759553E-15
0.813981  3.871960E-15
0.814214  3.709296E-15
0.814446  3.705155E-15
0.814679  3.780968E-15
0.814912  3.804475E-15
0.815145  3.826180E-15
0.815378  3.843296E-15
0.815611  3.717356E-15
0.815844  3.725026E-15
0.816077  3.873258E-15
0.81631  3.890548E-15
0.816543  3.869767E-15
0.816776  3.937092E-15
0.817008  4.017221E-15
0.817241  3.978326E-15
0.817474  4.080601E-15
0.817707  4.065352E-15
0.81794  4.067323E-15
0.818173  4.139462E-15
0.818405  4.081365E-15
0.818638  4.019682E-15
0.818871  3.961070E-15
0.819104  3.942935E-15
0.819337  3.853330E-15
0.81957  4.002094E-15
0.819802  3.780258E-15
0.820035  3.899082E-15
0.820268  3.853659E-15
0.820501  3.858369E-15
0.820733  3.898099E-15
0.820966  3.991315E-15
0.821199  3.893363E-15
0.821432  3.933256E-15
0.821664  3.928990E-15
0.821897  3.970907E-15
0.82213  4.020300E-15
0.822363  4.017323E-15
0.822595  3.841320E-15
0.822828  3.902100E-15
0.823061  3.970373E-15
0.823293  4.082805E-15
0.823526  3.947337E-15
0.823759  3.938549E-15
0.823991  3.998010E-15
0.824224  4.018229E-15
0.824457  3.957030E-15
0.824689  4.041314E-15
0.824922  3.986334E-15
0.825155  4.092789E-15
0.825387  4.106601E-15
0.82562  4.170468E-15
0.825853  4.106352E-15
0.826085  4.161650E-15
0.826318  3.993867E-15
0.82655  4.009104E-15
0.826783  4.242318E-15
0.827016  4.156618E-15
0.827248  4.072159E-15
0.827481  4.018959E-15
0.827713  4.262109E-15
0.827946  4.097436E-15
0.828178  4.004630E-15
0.828411  3.964043E-15
0.828644  4.170560E-15
0.828876  4.101859E-15
0.829109  3.978111E-15
0.829341  4.121545E-15
0.829574  4.159836E-15
0.829806  3.961711E-15
0.830039  4.059080E-15
0.830271  4.093494E-15
0.830504  4.248371E-15
0.830736  4.053233E-15
0.830969  4.108873E-15
0.831201  4.144957E-15
0.831434  4.190192E-15
0.831666  3.987217E-15
0.831899  4.275369E-15
0.832131  4.119768E-15
0.832363  4.167837E-15
0.832596  4.058507E-15
0.832828  4.154864E-15
0.833061  4.367269E-15
0.833293  4.098499E-15
0.833526  4.264222E-15
0.833758  4.256114E-15
0.83399  4.319475E-15
0.834223  4.330614E-15
0.834455  4.304515E-15
0.834688  4.355790E-15
0.83492  4.282347E-15
0.835152  4.340092E-15
0.835385  4.421434E-15
0.835617  4.349946E-15
0.835849  4.464998E-15
0.836082  4.551857E-15
0.836314  4.573450E-15
0.836547  4.521386E-15
0.836779  4.528023E-15
0.837011  4.547537E-15
0.837243  4.599898E-15
0.837476  4.616503E-15
0.837708  4.729329E-15
0.83794  4.698184E-15
0.838173  4.803174E-15
0.838405  4.820221E-15
0.838637  4.750874E-15
0.83887  4.901856E-15
0.839102  4.864927E-15
0.839334  4.908593E-15
0.839566  4.970064E-15
0.839799  4.960940E-15
0.840031  5.091814E-15
0.840263  5.136510E-15
0.840495  5.107793E-15
0.840728  5.283069E-15
0.84096  5.268013E-15
0.841192  5.404744E-15
0.841424  5.429788E-15
0.841657  5.615653E-15
0.841889  5.622069E-15
0.842121  5.789914E-15
0.842353  5.823814E-15
0.842585  6.066373E-15
0.842818  6.041859E-15
0.84305  6.155095E-15
0.843282  6.243903E-15
0.843514  6.515705E-15
0.843746  6.661173E-15
0.843978  6.781923E-15
0.844211  6.845844E-15
0.844443  7.204211E-15
0.844675  7.360053E-15
0.844907  7.689886E-15
0.845139  7.979919E-15
0.845371  8.157737E-15
0.845603  8.468161E-15
0.845836  8.615018E-15
0.846068  8.966753E-15
0.8463  9.367359E-15
0.846532  9.506180E-15
0.846764  1.001769E-14
0.846996  1.006077E-14
0.847228  1.072202E-14
0.84746  1.105871E-14
0.847692  1.175469E-14
0.847924  1.194444E-14
0.848156  1.275803E-14
0.848388  1.303345E-14
0.848621  1.374511E-14
0.848853  1.420838E-14
0.849085  1.491470E-14
0.849317  1.530178E-14
0.849549  1.567235E-14
0.849781  1.637197E-14
0.850013  1.695049E-14
0.850245  1.711012E-14
0.850477  1.756009E-14
0.850709  1.815703E-14
0.850941  1.858891E-14
0.851173  1.904858E-14
0.851405  1.941902E-14
0.851637  1.983696E-14
0.851869  1.982870E-14
0.852101  1.982718E-14
0.852333  1.944139E-14
0.852565  1.924365E-14
0.852797  1.900558E-14
0.853028  1.858924E-14
0.85326  1.860703E-14
0.853492  1.858905E-14
0.853724  1.889607E-14
0.853956  1.875634E-14
0.854188  1.882474E-14
0.85442  1.890765E-14
0.854652  1.896827E-14
0.854884  1.844032E-14
0.855116  1.810950E-14
0.855348  1.778482E-14
0.85558  1.749726E-14
0.855811  1.737241E-14
0.856043  1.709380E-14
0.856275  1.697041E-14
0.856507  1.663085E-14
0.856739  1.622940E-14
0.856971  1.615756E-14
0.857203  1.582177E-14
0.857435  1.563683E-14
0.857666  1.545823E-14
0.857898  1.535324E-14
0.85813  1.511307E-14
0.858362  1.493418E-14
0.858594  1.466520E-14
0.858826  1.456749E-14
0.859057  1.433161E-14
0.859289  1.397165E-14
0.859521  1.378274E-14
0.859753  1.318171E-14
0.859985  1.297344E-14
0.860216  1.269459E-14
0.860448  1.235170E-14
0.86068  1.216326E-14
0.860912  1.226802E-14
0.861144  1.247788E-14
0.861375  1.193479E-14
0.861607  1.177269E-14
0.861839  1.170252E-14
0.862071  1.117429E-14
0.862302  1.097138E-14
0.862534  1.060402E-14
0.862766  1.045419E-14
0.862998  1.019618E-14
0.863229  1.005260E-14
0.863461  9.886387E-15
0.863693  9.619394E-15
0.863925  9.465553E-15
0.864156  8.988371E-15
0.864388  8.988770E-15
0.86462  8.960331E-15
0.864851  8.914272E-15
0.865083  8.653843E-15
0.865315  8.582312E-15
0.865547  8.372223E-15
0.865778  8.005158E-15
0.86601  7.930598E-15
0.866242  7.683948E-15
0.866473  7.663891E-15
0.866705  7.348601E-15
0.866937  7.179911E-15
0.867168  7.244407E-15
0.8674  6.804925E-15
0.867631  6.898628E-15
0.867863  6.860821E-15
0.868095  6.857314E-15
0.868326  6.752729E-15
0.868558  6.591995E-15
0.86879  6.412675E-15
0.869021  6.316949E-15
0.869253  6.271824E-15
0.869484  6.120153E-15
0.869716  5.943412E-15
0.869948  6.032857E-15
0.870179  5.915781E-15
0.870411  5.815673E-15
0.870642  5.734801E-15
0.870874  5.785387E-15
0.871106  6.005577E-15
0.871337  5.828788E-15
0.871569  5.664639E-15
0.8718  5.473364E-15
0.872032  5.624328E-15
0.872263  5.445942E-15
0.872495  5.429561E-15
0.872727  5.541769E-15
0.872958  5.290351E-15
0.87319  5.317618E-15
0.873421  5.327914E-15
0.873653  5.392094E-15
0.873884  5.289041E-15
0.874116  5.384198E-15
0.874347  5.139995E-15
0.874579  4.914322E-15
0.87481  4.708702E-15
0.875042  4.679385E-15
0.875273  4.676802E-15
0.875505  4.576113E-15
0.875736  4.485564E-15
0.875968  4.637631E-15
0.876199  4.699141E-15
0.876431  4.581440E-15
0.876662  4.612224E-15
0.876894  4.700533E-15
0.877125  4.596265E-15
0.877357  4.621477E-15
0.877588  4.445976E-15
0.87782  4.437653E-15
0.878051  4.455032E-15
0.878283  4.326038E-15
0.878514  4.250945E-15
0.878745  4.257075E-15
0.878977  4.302755E-15
0.879208  4.157657E-15
0.87944  4.286272E-15
0.879671  4.225314E-15
0.879903  4.318869E-15
0.880134  4.207448E-15
0.880365  4.148078E-15
0.880597  4.166278E-15
0.880828  4.344339E-15
0.88106  4.193320E-15
0.881291  4.018700E-15
0.881522  4.059948E-15
0.881754  4.138210E-15
0.881985  4.045631E-15
0.882217  4.030717E-15
0.882448  4.043670E-15
0.882679  4.032120E-15
0.882911  3.860048E-15
0.883142  3.989516E-15
0.883373  3.920768E-15
0.883605  3.994491E-15
0.883836  3.865608E-15
0.884068  3.940789E-15
0.884299  3.885011E-15
0.88453  3.872835E-15
0.884762  3.877771E-15
0.884993  3.820290E-15
0.885224  3.814064E-15
0.885456  3.673509E-15
0.885687  3.715517E-15
0.885918  3.830087E-15
0.88615  3.727661E-15
0.886381  3.802379E-15
0.886612  3.754764E-15
0.886843  3.725823E-15
0.887075  3.711480E-15
0.887306  3.663445E-15
0.887537  3.680416E-15
0.887769  3.752624E-15
0.888  3.766511E-15
0.888231  3.766785E-15
0.888462  3.701562E-15
0.888694  3.594098E-15
0.888925  3.694396E-15
0.889156  3.588435E-15
0.889388  3.604361E-15
0.889619  3.569016E-15
0.88985  3.583133E-15
0.890081  3.491701E-15
0.890313  3.524248E-15
0.890544  3.565451E-15
0.890775  3.499301E-15
0.891006  3.551776E-15
0.891238  3.616009E-15
0.891469  3.583772E-15
0.8917  3.548950E-15
0.891931  3.591142E-15
0.892163  3.573634E-15
0.892394  3.574977E-15
0.892625  3.496157E-15
0.892856  3.438756E-15
0.893087  3.380891E-15
0.893319  3.343223E-15
0.89355  3.370928E-15
0.893781  3.450933E-15
0.894012  3.445402E-15
0.894243  3.430721E-15
0.894475  3.405328E-15
0.894706  3.385045E-15
0.894937  3.340599E-15
0.895168  3.393271E-15
0.895399  3.364903E-15
0.89563  3.395541E-15
0.895862  3.214097E-15
0.896093  3.466099E-15
0.896324  3.268790E-15
0.896555  3.174312E-15
0.896786  3.347847E-15
0.897017  3.250838E-15
0.897249  3.298967E-15
0.89748  3.377685E-15
0.897711  3.121686E-15
0.897942  3.394254E-15
0.898173  3.297986E-15
0.898404  3.271580E-15
0.898635  3.320418E-15
0.898867  3.308970E-15
0.899098  3.212286E-15
0.899329  3.154532E-15
0.89956  3.184857E-15
0.899791  3.231368E-15
0.900022  3.251076E-15
0.900253  3.218731E-15
0.900484  3.275431E-15
0.900715  3.242705E-15
0.900947  3.228118E-15
0.901178  3.265768E-15
0.901409  3.087107E-15
0.90164  3.231221E-15
0.901871  3.259671E-15
0.902102  3.334412E-15
0.902333  3.424218E-15
0.902564  3.313715E-15
0.902795  3.329100E-15
0.903026  3.307436E-15
0.903257  3.237438E-15
0.903488  3.276169E-15
0.90372  3.384137E-15
0.903951  3.195767E-15
0.904182  3.235013E-15
0.904413  3.190371E-15
0.904644  3.233771E-15
0.904875  3.223519E-15
0.905106  3.221079E-15
0.905337  3.273633E-15
0.905568  3.248801E-15
0.905799  3.074145E-15
0.90603  3.175944E-15
0.906261  3.157655E-15
0.906492  3.225767E-15
0.906723  3.253933E-15
0.906954  3.184324E-15
0.907185  3.171854E-15
0.907416  3.179903E-15
0.907647  3.226810E-15
0.907878  3.174925E-15
0.908109  3.189969E-15
0.90834  3.143902E-15
0.908571  3.146021E-15
0.908802  3.144060E-15
0.909033  3.222680E-15
0.909264  3.062715E-15
0.909495  3.112095E-15
0.909726  3.137972E-15
0.909957  3.056601E-15
0.910188  3.127920E-15
0.910419  3.056675E-15
0.91065  3.067986E-15
0.910881  3.144788E-15
0.911112  3.256812E-15
0.911343  3.067627E-15
0.911574  3.039564E-15
0.911805  3.090580E-15
0.912036  3.097377E-15
0.912267  3.097160E-15
0.912498  3.110196E-15
0.912729  3.114813E-15
0.91296  3.139323E-15
0.913191  3.045976E-15
0.913422  3.077261E-15
0.913653  3.011369E-15
0.913884  3.167941E-15
0.914114  3.208302E-15
0.914345  3.169387E-15
0.914576  3.325001E-15
0.914807  3.301586E-15
0.915038  3.186974E-15
0.915269  3.193531E-15
0.9155  3.170997E-15
0.915731  3.189606E-15
0.915962  3.196855E-15
0.916193  3.182376E-15
0.916424  3.094168E-15
0.916655  3.330227E-15
0.916886  3.179299E-15
0.917117  3.279812E-15
0.917347  3.166877E-15
0.917578  3.206528E-15
0.917809  3.229017E-15
0.91804  3.191504E-15
0.918271  3.087311E-15
0.918502  3.176398E-15
0.918733  3.289209E-15
0.918964  3.229922E-15
0.919195  3.150607E-15
0.919425  3.190027E-15
0.919656  3.191958E-15
0.919887  3.137363E-15
0.920118  3.158755E-15
0.920349  3.217273E-15
0.92058  3.212720E-15
0.920811  3.332745E-15
0.921042  3.149270E-15
0.921272  3.204358E-15
0.921503  3.179809E-15
0.921734  3.102684E-15
0.921965  3.107547E-15
0.922196  3.134895E-15
0.922427  3.191930E-15
0.922658  3.054503E-15
0.922889  3.228731E-15
0.923119  3.259523E-15
0.92335  3.161264E-15
0.923581  3.154679E-15
0.923812  3.179681E-15
0.924043  3.165850E-15
0.924274  3.222239E-15
0.924504  3.197199E-15
0.924735  3.229393E-15
0.924966  3.145066E-15
0.925197  3.238094E-15
0.925428  3.265765E-15
0.925659  3.297843E-15
0.925889  3.357364E-15
0.92612  3.231149E-15
0.926351  3.226567E-15
0.926582  3.314571E-15
0.926813  3.285064E-15
0.927043  3.146380E-15
0.927274  3.163337E-15
0.927505  3.054885E-15
0.927736  3.074310E-15
0.927967  3.109833E-15
0.928198  3.045379E-15
0.928428  3.052079E-15
0.928659  3.184490E-15
0.92889  3.076573E-15
0.929121  3.088700E-15
0.929352  3.097185E-15
0.929582  3.093297E-15
0.929813  3.040003E-15
0.930044  3.057765E-15
0.930275  3.132793E-15
0.930506  3.058297E-15
0.930736  2.984514E-15
0.930967  3.025378E-15
0.931198  3.104623E-15
0.931429  3.010744E-15
0.931659  2.880889E-15
0.93189  2.892832E-15
0.932121  2.981381E-15
0.932352  2.917418E-15
0.932582  2.833224E-15
0.932813  2.892017E-15
0.933044  3.090149E-15
0.933275  2.995206E-15
0.933506  2.793560E-15
0.933736  3.038245E-15
0.933967  2.850696E-15
0.934198  2.797325E-15
0.934429  2.830673E-15
0.934659  2.949438E-15
0.93489  3.240640E-15
0.935121  2.928744E-15
0.935352  2.894790E-15
0.935582  2.865045E-15
0.935813  2.908675E-15
0.936044  3.041448E-15
0.936275  3.084590E-15
0.936505  2.973222E-15
0.936736  2.952566E-15
0.936967  3.008611E-15
0.937198  3.060395E-15
0.937428  2.775171E-15
0.937659  3.076658E-15
0.937764  2.933158E-15
0.938034  2.931940E-15
0.938305  2.922172E-15
0.938576  2.917128E-15
0.938847  2.852687E-15
0.939118  2.917498E-15
0.939388  2.905503E-15
0.939659  2.949519E-15
0.93993  2.968928E-15
0.940201  3.033239E-15
0.940471  2.920053E-15
0.940742  2.993830E-15
0.941013  2.919908E-15
0.941284  2.901458E-15
0.941554  2.929157E-15
0.941825  2.872915E-15
0.942096  2.896746E-15
0.942367  2.944211E-15
0.942637  2.873926E-15
0.942908  2.854551E-15
0.943179  2.908749E-15
0.943449  2.956263E-15
0.94372  2.930021E-15
0.943991  2.950178E-15
0.944262  2.955849E-15
0.944532  2.798652E-15
0.944803  2.935237E-15
0.945074  2.908471E-15
0.945344  2.996366E-15
0.945615  2.858685E-15
0.945886  2.830508E-15
0.946156  2.829922E-15
0.946427  2.815521E-15
0.946698  2.988558E-15
0.946968  2.846659E-15
0.947239  2.865908E-15
0.94751  2.953515E-15
0.94778  2.878879E-15
0.948051  2.796214E-15
0.948322  2.812802E-15
0.948592  2.892819E-15
0.948863  2.923744E-15
0.949133  2.928703E-15
0.949404  2.951247E-15
0.949675  2.966617E-15
0.949945  2.840274E-15
0.950216  2.912893E-15
0.950487  2.896866E-15
0.950757  3.015267E-15
0.951028  3.046147E-15
0.951298  2.921843E-15
0.951569  2.906023E-15
0.95184  2.770366E-15
0.95211  2.802567E-15
0.952381  2.803002E-15
0.952651  2.781341E-15
0.952922  2.898958E-15
0.953192  2.854777E-15
0.953463  2.901743E-15
0.953734  2.900065E-15
0.954004  2.810964E-15
0.954275  2.835545E-15
0.954545  2.709317E-15
0.954816  2.770070E-15
0.955086  2.896404E-15
0.955357  2.817613E-15
0.955627  2.837195E-15
0.955898  2.969612E-15
0.956168  2.921604E-15
0.956439  2.953240E-15
0.956709  2.875094E-15
0.95698  2.888398E-15
0.95725  2.863403E-15
0.957521  2.814657E-15
0.957791  2.928681E-15
0.958062  2.906571E-15
0.958332  2.820024E-15
0.958603  2.727875E-15
0.958873  2.804853E-15
0.959144  2.791999E-15
0.959414  2.841620E-15
0.959685  2.755946E-15
0.959955  2.778121E-15
0.960226  2.796999E-15
0.960496  2.758152E-15
0.960767  2.826861E-15
0.961037  2.736722E-15
0.961308  2.754260E-15
0.961578  2.723977E-15
0.961849  2.813234E-15
0.962119  2.755653E-15
0.962389  2.705232E-15
0.96266  2.733133E-15
0.96293  2.814690E-15
0.963201  2.864004E-15
0.963471  2.856456E-15
0.963742  2.785828E-15
0.964012  2.832658E-15
0.964282  2.822032E-15
0.964553  2.703830E-15
0.964823  2.791241E-15
0.965094  2.754794E-15
0.965364  2.813795E-15
0.965634  2.822183E-15
0.965905  2.731108E-15
0.966175  2.709196E-15
0.966446  2.767145E-15
0.966716  2.778859E-15
0.966986  2.761170E-15
0.967257  2.754656E-15
0.967527  2.782683E-15
0.967797  2.661865E-15
0.968068  2.768315E-15
0.968338  2.766971E-15
0.968608  2.657455E-15
0.968879  2.732502E-15
0.969149  2.723723E-15
0.969419  2.744160E-15
0.96969  2.713920E-15
0.96996  2.759420E-15
0.97023  2.748273E-15
0.970501  2.870341E-15
0.970771  2.792303E-15
0.971041  2.822127E-15
0.971312  2.757231E-15
0.971582  2.711509E-15
0.971852  2.817249E-15
0.972123  2.785407E-15
0.972393  2.735022E-15
0.972663  2.788053E-15
0.972934  2.624773E-15
0.973204  2.706725E-15
0.973474  2.768927E-15
0.973744  2.703874E-15
0.974015  2.744455E-15
0.974285  2.756897E-15
0.974555  2.712448E-15
0.974825  2.799684E-15
0.975096  2.713952E-15
0.975366  2.750000E-15
0.975636  2.764295E-15
0.975906  2.731029E-15
0.976177  2.744510E-15
0.976447  2.772907E-15
0.976717  2.733270E-15
0.976987  2.762418E-15
0.977258  2.801622E-15
0.977528  2.778456E-15
0.977798  2.795436E-15
0.978068  2.811108E-15
0.978339  2.774520E-15
0.978609  2.753589E-15
0.978879  2.745844E-15
0.979149  2.788257E-15
0.979419  2.724128E-15
0.97969  2.735199E-15
0.97996  2.798494E-15
0.98023  2.754458E-15
0.9805  2.759219E-15
0.98077  2.740288E-15
0.981041  2.686806E-15
0.981311  2.745610E-15
0.981581  2.792063E-15
0.981851  2.787211E-15
0.982121  2.795944E-15
0.982391  2.796135E-15
0.982662  2.719059E-15
0.982932  2.710020E-15
0.983202  2.751026E-15
0.983472  2.763196E-15
0.983742  2.830884E-15
0.984012  2.769033E-15
0.984282  2.693929E-15
0.984553  2.620885E-15
0.984823  2.678035E-15
0.985093  2.738054E-15
0.985363  2.714249E-15
0.985633  2.610011E-15
0.985903  2.734287E-15
0.986173  2.670303E-15
0.986443  2.733704E-15
0.986714  2.759310E-15
0.986984  2.684916E-15
0.987254  2.660147E-15
0.987524  2.766131E-15
0.987794  2.610787E-15
0.988064  2.637289E-15
0.988334  2.715582E-15
0.988604  2.731989E-15
0.988874  2.669783E-15
0.989144  2.660388E-15
0.989414  2.679305E-15
0.989685  2.665949E-15
0.989955  2.640433E-15
0.990225  2.653866E-15
0.990495  2.600205E-15
0.990765  2.677369E-15
0.991035  2.718587E-15
0.991305  2.663846E-15
0.991575  2.691269E-15
0.991845  2.661229E-15
0.992115  2.708011E-15
0.992385  2.690604E-15
0.992655  2.653251E-15
0.992925  2.655502E-15
0.993195  2.656652E-15
0.993465  2.546805E-15
0.993735  2.646537E-15
0.994005  2.685415E-15
0.994275  2.607716E-15
0.994545  2.626701E-15
0.994815  2.681902E-15
0.995085  2.729448E-15
0.995355  2.690660E-15
0.995625  2.652604E-15
0.995895  2.707719E-15
0.996165  2.670887E-15
0.996435  2.661145E-15
0.996705  2.702467E-15
0.996975  2.730500E-15
0.997245  2.635738E-15
0.997515  2.663473E-15
0.997785  2.717627E-15
0.998055  2.677374E-15
0.998325  2.679531E-15
0.998595  2.650057E-15
0.998865  2.630136E-15
0.999135  2.573689E-15
0.999405  2.628242E-15
0.999675  2.595530E-15
0.999945  2.734360E-15
1.00021  2.662162E-15
1.00048  2.673215E-15
1.00075  2.694005E-15
1.00102  2.706147E-15
1.00129  2.652450E-15
1.00156  2.654114E-15
1.00183  2.729636E-15
1.0021  2.688290E-15
1.00237  2.681029E-15
1.00264  2.713857E-15
1.00291  2.699132E-15
1.00318  2.759350E-15
1.00345  2.701998E-15
1.00372  2.723515E-15
1.00399  2.654362E-15
1.00426  2.683610E-15
1.00453  2.654144E-15
1.0048  2.657340E-15
1.00507  2.674755E-15
1.00534  2.699951E-15
1.00561  2.750560E-15
1.00588  2.701963E-15
1.00615  2.713126E-15
1.00642  2.731279E-15
1.00669  2.692100E-15
1.00696  2.761858E-15
1.00723  2.695562E-15
1.0075  2.666408E-15
1.00777  2.739402E-15
1.00804  2.726880E-15
1.00831  2.712940E-15
1.00858  2.713020E-15
1.00885  2.756602E-15
1.00912  2.808220E-15
1.00939  2.675540E-15
1.00966  2.784051E-15
1.00993  2.805767E-15
1.0102  2.754023E-15
1.01047  2.729570E-15
1.01074  2.680141E-15
1.01101  2.708517E-15
1.01128  2.617301E-15
1.01155  2.715330E-15
1.01182  2.728217E-15
1.01209  2.678431E-15
1.01236  2.632223E-15
1.01263  2.658718E-15
1.0129  2.754347E-15
1.01317  2.702466E-15
1.01344  2.698427E-15
1.01371  2.764896E-15
1.01398  2.687100E-15
1.01425  2.726727E-15
1.01452  2.760268E-15
1.01479  2.721730E-15
1.01506  2.747224E-15
1.01533  2.761034E-15
1.0156  2.714689E-15
1.01587  2.689059E-15
1.01613  2.703302E-15
1.0164  2.696828E-15
1.01667  2.699838E-15
1.01694  2.670111E-15
1.01721  2.777467E-15
1.01748  2.720028E-15
1.01775  2.685616E-15
1.01802  2.655274E-15
1.01829  2.730762E-15
1.01856  2.727679E-15
1.01883  2.761060E-15
1.0191  2.719479E-15
1.01937  2.726496E-15
1.01964  2.705423E-15
1.01991  2.679162E-15
1.02018  2.672094E-15
1.02045  2.673912E-15
1.02072  2.638715E-15
1.02099  2.728229E-15
1.02126  2.687689E-15
1.02153  2.710013E-15
1.0218  2.736066E-15
1.02207  2.637567E-15
1.02234  2.666311E-15
1.02261  2.713875E-15
1.02288  2.723931E-15
1.02315  2.643096E-15
1.02342  2.607646E-15
1.02369  2.693935E-15
1.02396  2.554663E-15
1.02423  2.615230E-15
1.0245  2.683365E-15
1.02477  2.726662E-15
1.02503  2.710516E-15
1.0253  2.671298E-15
1.02557  2.653077E-15
1.02584  2.620846E-15
1.02611  2.681817E-15
1.02638  2.731223E-15
1.02665  2.640847E-15
1.02692  2.610784E-15
1.02719  2.658166E-15
1.02746  2.593214E-15
1.02773  2.622579E-15
1.028  2.601485E-15
1.02827  2.619326E-15
1.02854  2.651750E-15
1.02881  2.700381E-15
1.02908  2.623941E-15
1.02935  2.598298E-15
1.02962  2.622239E-15
1.02989  2.589264E-15
1.03016  2.647731E-15
1.03043  2.669226E-15
1.0307  2.657694E-15
1.03097  2.634096E-15
1.03124  2.600980E-15
1.03151  2.583503E-15
1.03177  2.609415E-15
1.03204  2.703859E-15
1.03231  2.619256E-15
1.03258  2.580278E-15
1.03285  2.619762E-15
1.03312  2.686467E-15
1.03339  2.619313E-15
1.03366  2.679363E-15
1.03393  2.677126E-15
1.0342  2.587755E-15
1.03447  2.586309E-15
1.03474  2.713055E-15
1.03501  2.779261E-15
1.03528  2.654697E-15
1.03555  2.570753E-15
1.03582  2.618764E-15
1.03609  2.629351E-15
1.03636  2.635657E-15
1.03663  2.593175E-15
1.0369  2.570241E-15
1.03717  2.512812E-15
1.03743  2.506984E-15
1.0377  2.599570E-15
1.03797  2.553374E-15
1.03824  2.576856E-15
1.03851  2.499010E-15
1.03878  2.585176E-15
1.03905  2.520616E-15
1.03932  2.486055E-15
1.03959  2.565597E-15
1.03986  2.574930E-15
1.04013  2.527804E-15
1.0404  2.534757E-15
1.04067  2.530962E-15
1.04094  2.558158E-15
1.04121  2.571895E-15
1.04148  2.597929E-15
1.04175  2.525986E-15
1.04202  2.558169E-15
1.04229  2.541697E-15
1.04255  2.541558E-15
1.04282  2.523865E-15
1.04309  2.602236E-15
1.04336  2.537010E-15
1.04363  2.486689E-15
1.0439  2.485348E-15
1.04417  2.526592E-15
1.04444  2.496195E-15
1.04471  2.441740E-15
1.04498  2.509626E-15
1.04525  2.501019E-15
1.04552  2.564552E-15
1.04579  2.579703E-15
1.04606  2.593315E-15
1.04633  2.541573E-15
1.0466  2.485460E-15
1.04687  2.497430E-15
1.04713  2.525062E-15
1.0474  2.523505E-15
1.04767  2.505714E-15
1.04794  2.496020E-15
1.04821  2.530135E-15
1.04848  2.518317E-15
1.04875  2.456739E-15
1.04902  2.571870E-15
1.04929  2.520576E-15
1.04956  2.521072E-15
1.04983  2.446157E-15
1.0501  2.468788E-15
1.05037  2.464832E-15
1.05064  2.497087E-15
1.05091  2.481505E-15
1.05118  2.435571E-15
1.05145  2.490102E-15
1.05171  2.524890E-15
1.05198  2.481974E-15
1.05225  2.492301E-15
1.05252  2.465116E-15
1.05279  2.498199E-15
1.05306  2.473148E-15
1.05333  2.519518E-15
1.0536  2.547275E-15
1.05387  2.500740E-15
1.05414  2.544789E-15
1.05441  2.479327E-15
1.05468  2.477690E-15
1.05495  2.515983E-15
1.05522  2.516028E-15
1.05549  2.493626E-15
1.05575  2.502362E-15
1.05602  2.534549E-15
1.05629  2.460751E-15
1.05656  2.481981E-15
1.05683  2.456739E-15
1.0571  2.500189E-15
1.05737  2.477133E-15
1.05764  2.452712E-15
1.05791  2.513887E-15
1.05818  2.484338E-15
1.05845  2.429791E-15
1.05872  2.470736E-15
1.05899  2.540739E-15
1.05926  2.481065E-15
1.05952  2.461058E-15
1.05979  2.481999E-15
1.06006  2.473336E-15
1.06033  2.525294E-15
1.0606  2.480988E-15
1.06087  2.551376E-15
1.06114  2.512466E-15
1.06141  2.485793E-15
1.06168  2.523655E-15
1.06195  2.514829E-15
1.06222  2.486546E-15
1.06249  2.520428E-15
1.06276  2.478700E-15
1.06302  2.526345E-15
1.06329  2.477952E-15
1.06356  2.511135E-15
1.06383  2.444374E-15
1.0641  2.494982E-15
1.06437  2.462200E-15
1.06464  2.529276E-15
1.06491  2.457903E-15
1.06518  2.454514E-15
1.06545  2.470723E-15
1.06572  2.466626E-15
1.06599  2.468919E-15
1.06626  2.447266E-15
1.06652  2.465392E-15
1.06679  2.521481E-15
1.06706  2.514728E-15
1.06733  2.566466E-15
1.0676  2.480037E-15
1.06787  2.594603E-15
1.06814  2.553755E-15
1.06841  2.434741E-15
1.06868  2.513107E-15
1.06895  2.463125E-15
1.06922  2.527309E-15
1.06949  2.442957E-15
1.06975  2.536733E-15
1.07002  2.543628E-15
1.07029  2.521475E-15
1.07056  2.481124E-15
1.07083  2.528335E-15
1.0711  2.520240E-15
1.07137  2.492378E-15
1.07164  2.512274E-15
1.07191  2.485366E-15
1.07218  2.538234E-15
1.07245  2.552541E-15
1.07272  2.512326E-15
1.07298  2.522154E-15
1.07325  2.471401E-15
1.07352  2.466126E-15
1.07379  2.498231E-15
1.07406  2.466384E-15
1.07433  2.603508E-15
1.0746  2.515092E-15
1.07487  2.449508E-15
1.07514  2.468797E-15
1.07541  2.527758E-15
1.07568  2.472643E-15
1.07594  2.486981E-15
1.07621  2.427643E-15
1.07648  2.510734E-15
1.07675  2.466476E-15
1.07702  2.490274E-15
1.07729  2.502130E-15
1.07756  2.446414E-15
1.07783  2.533866E-15
1.0781  2.465379E-15
1.07837  2.440354E-15
1.07864  2.477415E-15
1.0789  2.465891E-15
1.07917  2.461910E-15
1.07944  2.525865E-15
1.07971  2.484144E-15
1.07998  2.407821E-15
1.08025  2.462714E-15
1.08052  2.427339E-15
1.08079  2.405238E-15
1.08106  2.448066E-15
1.08133  2.470242E-15
1.0816  2.448725E-15
1.08186  2.479151E-15
1.08213  2.459418E-15
1.0824  2.417846E-15
1.08267  2.500743E-15
1.08294  2.408257E-15
1.08321  2.466946E-15
1.08348  2.480388E-15
1.08375  2.412654E-15
1.08402  2.564712E-15
1.08429  2.469196E-15
1.08456  2.437300E-15
1.08482  2.430760E-15
1.08509  2.377090E-15
1.08536  2.446350E-15
1.08563  2.468737E-15
1.0859  2.406942E-15
1.08617  2.437988E-15
1.08644  2.379207E-15
1.08671  2.432991E-15
1.08698  2.468135E-15
1.08725  2.453007E-15
1.08751  2.511227E-15
1.08778  2.477634E-15
1.08805  2.431808E-15
1.08832  2.540510E-15
1.08859  2.500555E-15
1.08886  2.491668E-15
1.08913  2.422861E-15
1.0894  2.501702E-15
1.08967  2.466472E-15
1.08994  2.479829E-15
1.0902  2.440585E-15
1.09047  2.470520E-15
1.09074  2.496510E-15
1.09101  2.498688E-15
1.09128  2.520384E-15
1.09155  2.577293E-15
1.09182  2.617676E-15
1.09209  2.575943E-15
1.09236  2.608005E-15
1.09263  2.511391E-15
1.09289  2.639059E-15
1.09316  2.638327E-15
1.09343  2.608582E-15
1.0937  2.613515E-15
1.09397  2.643076E-15
1.09424  2.669789E-15
1.09451  2.761305E-15
1.09478  2.702344E-15
1.09505  2.688930E-15
1.09531  2.722771E-15
1.09558  2.718217E-15
1.09585  2.763725E-15
1.09612  2.767530E-15
1.09639  2.721960E-15
1.09666  2.712060E-15
1.09693  2.767911E-15
1.0972  2.704008E-15
1.09747  2.757104E-15
1.09774  2.755008E-15
1.098  2.744996E-15
1.09827  2.767259E-15
1.09854  2.822779E-15
1.09881  2.761367E-15
1.09908  2.794619E-15
1.09935  2.746351E-15
1.09962  2.738295E-15
1.09989  2.746217E-15
1.10016  2.836077E-15
1.10042  2.786141E-15
1.10069  2.790908E-15
1.10096  2.795347E-15
1.10123  2.778565E-15
1.1015  2.762480E-15
1.10177  2.738068E-15
1.10204  2.814188E-15
1.10231  2.671376E-15
1.10258  2.749595E-15
1.10284  2.726394E-15
1.10311  2.813131E-15
1.10338  2.799648E-15
1.10365  2.785530E-15
1.10392  2.657534E-15
1.10419  2.717008E-15
1.10446  2.679103E-15
1.10473  2.706655E-15
1.105  2.795968E-15
1.10526  2.697870E-15
1.10553  2.721992E-15
1.1058  2.719601E-15
1.10607  2.727655E-15
1.10634  2.637231E-15
1.10661  2.659693E-15
1.10688  2.669325E-15
1.10715  2.670395E-15
1.10741  2.598653E-15
1.10768  2.656953E-15
1.10795  2.572023E-15
1.10822  2.615906E-15
1.10849  2.550924E-15
1.10876  2.547265E-15
1.10903  2.576659E-15
1.1093  2.517955E-15
1.10957  2.571409E-15
1.10983  2.549260E-15
1.1101  2.629058E-15
1.11037  2.581782E-15
1.11064  2.666461E-15
1.11091  2.576472E-15
1.11118  2.591693E-15
1.11145  2.580305E-15
1.11172  2.625616E-15
1.11198  2.568853E-15
1.11225  2.554466E-15
1.11252  2.582678E-15
1.11279  2.467490E-15
1.11306  2.470426E-15
1.11333  2.486057E-15
1.1136  2.478919E-15
1.11387  2.454971E-15
1.11414  2.554712E-15
1.1144  2.512676E-15
1.11467  2.464835E-15
1.11494  2.340464E-15
1.11521  2.473348E-15
1.11548  2.375113E-15
1.11575  2.482588E-15
1.11602  2.339938E-15
1.11629  2.343336E-15
1.11655  2.319782E-15
1.11682  2.399277E-15
1.11709  2.312472E-15
1.11736  2.386264E-15
1.11763  2.504049E-15
1.1179  2.435548E-15
1.11817  2.369279E-15
1.11844  2.467859E-15
1.1187  2.349318E-15
1.11897  2.410537E-15
1.11924  2.228026E-15
1.11951  2.365109E-15
1.11978  2.316787E-15
1.12005  2.373930E-15
1.12032  2.400008E-15
1.12059  2.334042E-15
1.12085  2.392372E-15
1.12112  2.171625E-15
1.12139  2.285129E-15
1.12166  2.251682E-15
1.12193  2.212576E-15
1.1222  2.193674E-15
1.12247  2.044006E-15
1.12274  2.314788E-15
1.123  2.248747E-15
1.12327  2.389262E-15
1.12354  2.251132E-15
1.12381  2.311298E-15
1.12408  2.378361E-15
1.12435  2.313150E-15
1.12462  2.336882E-15
1.12489  2.261214E-15
1.12515  2.223546E-15
1.12542  2.331570E-15
1.12569  2.235510E-15
1.12596  2.256857E-15
1.12597  2.218359E-15
1.1263  2.266778E-15
1.12662  2.296471E-15
1.12695  2.297930E-15
1.12727  2.227729E-15
1.1276  2.209971E-15
1.12792  2.277586E-15
1.12825  2.185796E-15
1.12857  2.238838E-15
1.1289  2.272304E-15
1.12922  2.207532E-15
1.12955  2.247269E-15
1.12987  2.205663E-15
1.1302  2.257536E-15
1.13052  2.300516E-15
1.13085  2.307530E-15
1.13117  2.343593E-15
1.1315  2.300135E-15
1.13182  2.264599E-15
1.13215  2.206257E-15
1.13248  2.258831E-15
1.1328  2.204972E-15
1.13313  2.118907E-15
1.13345  2.136247E-15
1.13378  2.158128E-15
1.1341  2.131312E-15
1.13443  2.090388E-15
1.13475  2.125722E-15
1.13508  2.076605E-15
1.1354  2.216183E-15
1.13573  2.177695E-15
1.13605  2.149612E-15
1.13638  2.213116E-15
1.1367  2.181800E-15
1.13703  2.175568E-15
1.13735  2.182829E-15
1.13768  2.156445E-15
1.138  2.169015E-15
1.13833  2.166680E-15
1.13865  2.146568E-15
1.13898  2.159066E-15
1.1393  2.153735E-15
1.13963  2.167613E-15
1.13995  2.184519E-15
1.14028  2.153749E-15
1.1406  2.106871E-15
1.14093  2.136900E-15
1.14125  2.148620E-15
1.14158  2.163428E-15
1.1419  2.130278E-15
1.14223  2.181517E-15
1.14255  2.147733E-15
1.14288  2.120352E-15
1.1432  2.141655E-15
1.14353  2.098299E-15
1.14385  2.115183E-15
1.14418  2.108544E-15
1.1445  2.030408E-15
1.14483  2.099716E-15
1.14515  2.129025E-15
1.14548  2.111393E-15
1.1458  2.121332E-15
1.14613  2.072754E-15
1.14645  2.030989E-15
1.14678  2.031132E-15
1.1471  2.041675E-15
1.14743  2.072803E-15
1.14775  2.114790E-15
1.14808  2.146030E-15
1.1484  2.097190E-15
1.14873  2.100563E-15
1.14905  2.110532E-15
1.14938  2.048994E-15
1.1497  2.013747E-15
1.15002  2.054117E-15
1.15035  2.077562E-15
1.15067  2.144118E-15
1.151  2.112204E-15
1.15132  2.117285E-15
1.15165  2.107079E-15
1.15197  2.062519E-15
1.1523  2.051272E-15
1.15262  2.039687E-15
1.15295  2.035464E-15
1.15327  2.120715E-15
1.1536  2.039104E-15
1.15392  2.111910E-15
1.15425  2.028471E-15
1.15457  2.046210E-15
1.1549  2.069939E-15
1.15522  2.141934E-15
1.15555  2.027919E-15
1.15587  2.008086E-15
1.15619  2.110239E-15
1.15652  2.053448E-15
1.15684  2.104206E-15
1.15717  2.085957E-15
1.15749  2.004858E-15
1.15782  2.083145E-15
1.15814  2.064028E-15
1.15847  2.062995E-15
1.15879  2.003460E-15
1.15912  2.081968E-15
1.15944  2.076274E-15
1.15977  2.046885E-15
1.16009  2.071000E-15
1.16041  2.047857E-15
1.16074  2.038586E-15
1.16106  2.009996E-15
1.16139  2.056668E-15
1.16171  2.023459E-15
1.16204  2.033915E-15
1.16236  2.013494E-15
1.16269  2.024993E-15
1.16301  1.997468E-15
1.16334  1.964567E-15
1.16366  1.993371E-15
1.16398  2.019609E-15
1.16431  2.031149E-15
1.16463  2.049711E-15
1.16496  1.983552E-15
1.16528  1.989247E-15
1.16561  1.995553E-15
1.16593  2.007849E-15
1.16626  2.035118E-15
1.16658  2.004131E-15
1.1669  2.031225E-15
1.16723  1.997500E-15
1.16755  2.005708E-15
1.16788  2.043215E-15
1.1682  2.015030E-15
1.16853  2.058290E-15
1.16885  2.079925E-15
1.16918  2.041541E-15
1.1695  2.091811E-15
1.16982  2.024477E-15
1.17015  2.076676E-15
1.17047  2.091372E-15
1.1708  2.016386E-15
1.17112  2.099200E-15
1.17145  2.079028E-15
1.17177  2.066205E-15
1.1721  2.077026E-15
1.17242  2.050336E-15
1.17274  2.046557E-15
1.17307  2.098067E-15
1.17339  2.059413E-15
1.17372  2.069570E-15
1.17404  2.060865E-15
1.17437  2.101052E-15
1.17469  2.117962E-15
1.17501  2.104946E-15
1.17534  2.141473E-15
1.17566  2.203227E-15
1.17599  2.237373E-15
1.17631  2.212983E-15
1.17664  2.307113E-15
1.17696  2.270861E-15
1.17728  2.301848E-15
1.17761  2.275742E-15
1.17793  2.285070E-15
1.17826  2.149463E-15
1.17858  2.194569E-15
1.1789  2.116291E-15
1.17923  2.102917E-15
1.17955  2.094142E-15
1.17988  2.117497E-15
1.1802  2.103266E-15
1.18053  2.041532E-15
1.18085  2.079659E-15
1.18117  2.046305E-15
1.1815  1.969168E-15
1.18182  2.104107E-15
1.18215  2.026817E-15
1.18247  2.040681E-15
1.18279  2.017576E-15
1.18312  2.002234E-15
1.18344  2.058153E-15
1.18377  2.019531E-15
1.18409  2.074836E-15
1.18442  2.066798E-15
1.18474  2.036063E-15
1.18506  2.037556E-15
1.18539  2.023154E-15
1.18571  2.056292E-15
1.18604  2.045680E-15
1.18636  2.031576E-15
1.18668  2.029800E-15
1.18701  2.047155E-15
1.18733  2.052223E-15
1.18766  2.025351E-15
1.18798  2.063430E-15
1.1883  2.118636E-15
1.18863  2.033537E-15
1.18895  2.078917E-15
1.18928  2.060677E-15
1.1896  2.020306E-15
1.18992  2.016028E-15
1.19025  2.025303E-15
1.19057  2.085449E-15
1.1909  2.093825E-15
1.19122  2.052709E-15
1.19154  2.121637E-15
1.19187  2.104787E-15
1.19219  2.130013E-15
1.19252  2.150489E-15
1.19284  2.149561E-15
1.19316  2.123694E-15
1.19349  2.162776E-15
1.19381  2.142915E-15
1.19414  2.131407E-15
1.19446  2.158816E-15
1.19478  2.135351E-15
1.19511  2.150903E-15
1.19543  2.175392E-15
1.19576  2.168387E-15
1.19608  2.105455E-15
1.1964  2.162752E-15
1.19673  2.190241E-15
1.19705  2.173444E-15
1.19737  2.176110E-15
1.1977  2.198125E-15
1.19802  2.179552E-15
1.19835  2.211819E-15
1.19867  2.206020E-15
1.19899  2.239542E-15
1.19932  2.180994E-15
1.19964  2.159074E-15
1.19997  2.204224E-15
1.20029  2.255123E-15
1.20061  2.230792E-15
1.20094  2.222185E-15
1.20126  2.208198E-15
1.20158  2.171270E-15
1.20191  2.197203E-15
1.20223  2.154303E-15
1.20256  2.154559E-15
1.20288  2.224219E-15
1.2032  2.226017E-15
1.20353  2.200555E-15
1.20385  2.172389E-15
1.20417  2.207356E-15
1.2045  2.202701E-15
1.20482  2.209685E-15
1.20515  2.179161E-15
1.20547  2.138868E-15
1.20579  2.204481E-15
1.20612  2.184299E-15
1.20644  2.220703E-15
1.20676  2.169254E-15
1.20709  2.193520E-15
1.20741  2.178321E-15
1.20773  2.102946E-15
1.20806  2.138502E-15
1.20838  2.138136E-15
1.20871  2.101001E-15
1.20903  2.098563E-15
1.20935  2.098667E-15
1.20968  2.059084E-15
1.21  2.060903E-15
1.21032  2.128509E-15
1.21065  2.074065E-15
1.21097  2.054500E-15
1.2113  2.064025E-15
1.21162  2.079838E-15
1.21194  2.038553E-15
1.21227  2.040567E-15
1.21259  2.031475E-15
1.21291  2.038724E-15
1.21324  1.986326E-15
1.21356  2.022174E-15
1.21388  2.038987E-15
1.21421  1.945173E-15
1.21453  2.033246E-15
1.21485  2.021971E-15
1.21518  1.972699E-15
1.2155  2.014781E-15
1.21583  1.966102E-15
1.21615  1.937335E-15
1.21647  1.929113E-15
1.2168  1.934342E-15
1.21712  1.954471E-15
1.21744  1.980631E-15
1.21777  1.932944E-15
1.21809  1.928978E-15
1.21841  1.920053E-15
1.21874  1.967193E-15
1.21906  1.911222E-15
1.21938  1.948025E-15
1.21971  1.883177E-15
1.22003  1.908632E-15
1.22035  1.927228E-15
1.22068  1.927640E-15
1.221  1.923665E-15
1.22132  1.891545E-15
1.22165  1.925233E-15
1.22197  1.909543E-15
1.2223  1.915098E-15
1.22262  1.876031E-15
1.22294  1.916392E-15
1.22327  1.869662E-15
1.22359  1.888554E-15
1.22391  1.890068E-15
1.22424  1.899929E-15
1.22456  1.914463E-15
1.22488  1.907080E-15
1.22521  1.884942E-15
1.22553  1.872529E-15
1.22585  1.892573E-15
1.22618  1.873762E-15
1.2265  1.888786E-15
1.22682  1.889086E-15
1.22715  1.828751E-15
1.22747  1.878841E-15
1.22779  1.856849E-15
1.22812  1.874177E-15
1.22844  1.896790E-15
1.22876  1.889602E-15
1.22909  1.872517E-15
1.22941  1.869971E-15
1.22973  1.910764E-15
1.23006  1.905218E-15
1.23038  1.865608E-15
1.2307  1.880651E-15
1.23103  1.875738E-15
1.23135  1.903052E-15
1.23167  1.891457E-15
1.232  1.944876E-15
1.23232  1.934914E-15
1.23264  1.908680E-15
1.23297  1.972452E-15
1.23329  1.951666E-15
1.23361  1.980978E-15
1.23394  2.005933E-15
1.23426  2.070426E-15
1.23458  2.068318E-15
1.23491  2.080521E-15
1.23523  2.169738E-15
1.23555  2.194783E-15
1.23587  2.322505E-15
1.2362  2.474378E-15
1.23652  2.611164E-15
1.23684  2.662113E-15
1.23717  2.683265E-15
1.23749  2.638393E-15
1.23781  2.545043E-15
1.23814  2.472908E-15
1.23846  2.308978E-15
1.23878  2.270690E-15
1.23911  2.175539E-15
1.23943  2.129460E-15
1.23975  2.086238E-15
1.24008  2.078693E-15
1.2404  2.060695E-15
1.24072  2.118253E-15
1.24105  2.068269E-15
1.24137  2.075412E-15
1.24169  2.053590E-15
1.24202  2.052155E-15
1.24234  1.978259E-15
1.24266  1.981547E-15
1.24298  2.022111E-15
1.24331  2.054341E-15
1.24363  2.078046E-15
1.24395  2.041509E-15
1.24428  2.051945E-15
1.2446  2.068133E-15
1.24492  2.040806E-15
1.24525  2.026716E-15
1.24557  2.055254E-15
1.24589  2.048618E-15
1.24622  2.014939E-15
1.24654  2.034808E-15
1.24686  2.043337E-15
1.24718  2.021640E-15
1.24751  2.038113E-15
1.24783  2.004364E-15
1.24815  2.005051E-15
1.24848  2.026408E-15
1.2488  1.996545E-15
1.24912  2.018819E-15
1.24945  2.014173E-15
1.24977  2.001767E-15
1.25009  1.949412E-15
1.25042  1.975764E-15
1.25074  1.976656E-15
1.25106  1.955034E-15
1.25138  1.922359E-15
1.25171  1.894028E-15
1.25203  1.890107E-15
1.25235  1.907140E-15
1.25268  1.912753E-15
1.253  1.932487E-15
1.25332  1.858939E-15
1.25365  1.893416E-15
1.25397  1.903128E-15
1.25429  1.888991E-15
1.25461  1.894207E-15
1.25494  1.906813E-15
1.25526  1.897102E-15
1.25558  1.865686E-15
1.25591  1.843567E-15
1.25623  1.828902E-15
1.25655  1.849614E-15
1.25687  1.824703E-15
1.2572  1.805308E-15
1.25752  1.823665E-15
1.25784  1.818053E-15
1.25817  1.814511E-15
1.25849  1.812254E-15
1.25881  1.817592E-15
1.25914  1.819565E-15
1.25946  1.756855E-15
1.25978  1.801992E-15
1.2601  1.821846E-15
1.26043  1.777660E-15
1.26075  1.802887E-15
1.26107  1.770548E-15
1.2614  1.763958E-15
1.26172  1.738593E-15
1.26204  1.770760E-15
1.26236  1.734977E-15
1.26269  1.770559E-15
1.26301  1.726785E-15
1.26333  1.708994E-15
1.26366  1.729520E-15
1.26398  1.755815E-15
1.2643  1.746179E-15
1.26462  1.766194E-15
1.26495  1.739495E-15
1.26527  1.714295E-15
1.26559  1.682959E-15
1.26592  1.711964E-15
1.26624  1.717955E-15
1.26656  1.673950E-15
1.26688  1.672683E-15
1.26721  1.707569E-15
1.26753  1.689352E-15
1.26785  1.707644E-15
1.26817  1.684719E-15
1.2685  1.674605E-15
1.26882  1.681574E-15
1.26914  1.715367E-15
1.26947  1.625105E-15
1.26979  1.709195E-15
1.27011  1.685843E-15
1.27043  1.644859E-15
1.27076  1.681933E-15
1.27108  1.717856E-15
1.2714  1.652505E-15
1.27173  1.683780E-15
1.27205  1.658176E-15
1.27237  1.658174E-15
1.27269  1.583023E-15
1.27302  1.701694E-15
1.27334  1.667817E-15
1.27366  1.644498E-15
1.27398  1.684178E-15
1.27431  1.681372E-15
1.27463  1.680881E-15
1.27495  1.687594E-15
1.27527  1.675760E-15
1.2756  1.662479E-15
1.27592  1.681593E-15
1.27624  1.685657E-15
1.27657  1.602696E-15
1.27689  1.670193E-15
1.27721  1.663139E-15
1.27753  1.695408E-15
1.27786  1.635815E-15
1.27818  1.658841E-15
1.2785  1.692485E-15
1.27882  1.692208E-15
1.27915  1.700478E-15
1.27947  1.676153E-15
1.27979  1.689102E-15
1.28012  1.678981E-15
1.28044  1.684552E-15
1.28076  1.626084E-15
1.28108  1.630606E-15
1.28141  1.655434E-15
1.28173  1.696014E-15
1.28205  1.719700E-15
1.28237  1.663150E-15
1.2827  1.697004E-15
1.28302  1.709717E-15
1.28334  1.698507E-15
1.28366  1.675224E-15
1.28399  1.720285E-15
1.28431  1.678948E-15
1.28463  1.678966E-15
1.28495  1.673003E-15
1.28528  1.694070E-15
1.2856  1.676299E-15
1.28592  1.664245E-15
1.28624  1.677792E-15
1.28657  1.680326E-15
1.28689  1.716531E-15
1.28721  1.715347E-15
1.28753  1.712329E-15
1.28786  1.668856E-15
1.28818  1.701229E-15
1.2885  1.686231E-15
1.28883  1.690293E-15
1.28915  1.703157E-15
1.28947  1.676098E-15
1.28979  1.706667E-15
1.29012  1.649413E-15
1.29044  1.681164E-15
1.29076  1.661175E-15
1.29108  1.680151E-15
1.29141  1.706094E-15
1.29173  1.699134E-15
1.29205  1.735833E-15
1.29237  1.699975E-15
1.2927  1.737743E-15
1.29302  1.741040E-15
1.29334  1.738359E-15
1.29366  1.746240E-15
1.29399  1.709527E-15
1.29431  1.750859E-15
1.29463  1.775078E-15
1.29495  1.770859E-15
1.29528  1.775622E-15
1.2956  1.800442E-15
1.29592  1.776564E-15
1.29624  1.781196E-15
1.29657  1.801268E-15
1.29689  1.792098E-15
1.29721  1.752006E-15
1.29753  1.824288E-15
1.29786  1.819456E-15
1.29818  1.866569E-15
1.2985  1.805945E-15
1.29882  1.890466E-15
1.29914  1.887143E-15
1.29947  1.873226E-15
1.29979  1.884283E-15
1.30011  1.919743E-15
1.30043  1.907314E-15
1.30076  1.931131E-15
1.30108  1.908702E-15
1.3014  1.950545E-15
1.30172  1.930000E-15
1.30205  1.968339E-15
1.30237  1.979609E-15
1.30269  1.979523E-15
1.30301  1.985395E-15
1.30334  2.007245E-15
1.30366  2.003819E-15
1.30398  2.023795E-15
1.3043  2.042294E-15
1.30463  2.066404E-15
1.30495  2.043547E-15
1.30527  2.050020E-15
1.30559  2.035412E-15
1.30592  2.076201E-15
1.30624  2.005078E-15
1.30656  2.039187E-15
1.30688  2.033938E-15
1.3072  2.058638E-15
1.30753  2.062064E-15
1.30785  2.061642E-15
1.30817  2.037556E-15
1.30849  2.075196E-15
1.30882  1.981532E-15
1.30914  2.047042E-15
1.30946  2.079734E-15
1.30978  2.085095E-15
1.31011  2.023131E-15
1.31043  2.039367E-15
1.31075  2.031075E-15
1.31107  2.042913E-15
1.3114  2.067721E-15
1.31172  2.076819E-15
1.31204  2.050321E-15
1.31236  2.079264E-15
1.31268  2.056412E-15
1.31301  2.058708E-15
1.31333  2.003825E-15
1.31365  2.058659E-15
1.31397  2.030930E-15
1.3143  2.035589E-15
1.31462  1.993790E-15
1.31494  1.989286E-15
1.31526  1.982838E-15
1.31559  1.955905E-15
1.31591  1.978330E-15
1.31623  1.936880E-15
1.31655  1.955548E-15
1.31687  1.930174E-15
1.3172  1.976207E-15
1.31752  1.941773E-15
1.31784  1.931558E-15
1.31816  1.887453E-15
1.31849  1.901295E-15
1.31881  1.911523E-15
1.31913  1.841673E-15
1.31945  1.892480E-15
1.31977  1.845180E-15
1.3201  1.809180E-15
1.32042  1.795099E-15
1.32074  1.830238E-15
1.32106  1.768993E-15
1.32139  1.778560E-15
1.32171  1.834709E-15
1.32203  1.825870E-15
1.32235  1.807840E-15
1.32267  1.833765E-15
1.323  1.764969E-15
1.32332  1.798701E-15
1.32364  1.762491E-15
1.32396  1.759191E-15
1.32429  1.799560E-15
1.32461  1.746809E-15
1.32493  1.733738E-15
1.32525  1.734886E-15
1.32557  1.760189E-15
1.3259  1.753967E-15
1.32622  1.727328E-15
1.32654  1.720863E-15
1.32686  1.718164E-15
1.32719  1.702365E-15
1.32751  1.734161E-15
1.32783  1.676274E-15
1.32815  1.667316E-15
1.32847  1.677503E-15
1.3288  1.713105E-15
1.32912  1.683160E-15
1.32944  1.666761E-15
1.32976  1.693762E-15
1.33008  1.694656E-15
1.33041  1.708527E-15
1.33073  1.622351E-15
1.33105  1.650277E-15
1.33137  1.603409E-15
1.3317  1.630001E-15
1.33202  1.636402E-15
1.33234  1.585646E-15
1.33266  1.639891E-15
1.33298  1.658616E-15
1.33331  1.681951E-15
1.33363  1.643684E-15
1.33395  1.607626E-15
1.33427  1.600206E-15
1.3346  1.587362E-15
1.33492  1.636190E-15
1.33524  1.643679E-15
1.33556  1.645713E-15
1.33588  1.615762E-15
1.33621  1.627658E-15
1.33653  1.626039E-15
1.33685  1.579237E-15
1.33717  1.592140E-15
1.33749  1.632936E-15
1.33782  1.607698E-15
1.33814  1.640922E-15
1.33846  1.567501E-15
1.33878  1.651717E-15
1.3391  1.646028E-15
1.33943  1.624016E-15
1.33975  1.598210E-15
1.34007  1.602524E-15
1.34039  1.604996E-15
1.34072  1.605534E-15
1.34104  1.601260E-15
1.34136  1.576462E-15
1.34168  1.629018E-15
1.342  1.608748E-15
1.34233  1.620977E-15
1.34265  1.618423E-15
1.34297  1.586421E-15
1.34329  1.563599E-15
1.34361  1.522858E-15
1.34394  1.560525E-15
1.34426  1.558296E-15
1.34458  1.562213E-15
1.3449  1.542912E-15
1.34522  1.578472E-15
1.34555  1.573791E-15
1.34587  1.578319E-15
1.34619  1.561693E-15
1.34651  1.593834E-15
1.34683  1.574065E-15
1.34716  1.595451E-15
1.34748  1.535087E-15
1.3478  1.510863E-15
1.34812  1.464093E-15
1.34844  1.514454E-15
1.34877  1.564154E-15
1.34909  1.604015E-15
1.34941  1.612733E-15
1.34973  1.528790E-15
1.35005  1.536318E-15
1.35038  1.488146E-15
1.3507  1.546207E-15
1.35102  1.498494E-15
1.35134  1.440068E-15
1.35166  1.540968E-15
1.35199  1.526033E-15
1.35231  1.426286E-15
1.35263  1.416093E-15
1.35295  1.479319E-15
1.35327  1.320194E-15
1.3536  1.386625E-15
1.35392  1.376575E-15
1.35424  1.432628E-15
1.35456  1.358572E-15
1.35488  1.388806E-15
1.35521  1.358249E-15
1.35553  1.439630E-15
1.35585  1.812734E-15
1.35617  1.604668E-15
1.35649  1.464585E-15
1.35682  1.483668E-15
1.35714  1.448005E-15
1.35746  1.435708E-15
1.35778  1.265785E-15
1.3581  1.154700E-15
1.35843  1.448558E-15
1.35875  1.171336E-15
1.35907  1.312237E-15
1.35939  1.227336E-15
1.35971  1.455650E-15
1.36004  1.545456E-15
1.36036  1.272697E-15
1.36068  9.920818E-16
1.361  1.069722E-15
1.36132  8.666531E-16
1.36165  1.184958E-15
1.36197  4.090819E-16
1.36229  -1.981339E-15
1.36261  3.963904E-15
1.36293  1.199248E-15
1.36326  1.511446E-15
1.36358  1.403097E-15
1.3639  1.435807E-15
1.36422  1.507888E-15
1.36454  1.090536E-15
1.36487  1.421418E-15
1.36519  6.345377E-16
1.36551  1.800646E-15
1.36583  1.899582E-15
1.36615  1.645526E-15
1.36648  1.304547E-15
1.3668  1.675099E-15
1.36712  1.413249E-15
1.36744  1.401890E-15
1.36776  1.034287E-15
1.36809  1.167171E-15
1.36841  3.619797E-15
1.36873  3.260800E-15
1.36905  1.452420E-15
1.36937  1.843993E-15
1.3697  1.261243E-15
1.37002  1.790864E-15
1.37034  1.507349E-15
1.37066  1.666673E-15
1.37098  1.220076E-15
1.3713  2.448618E-15
1.37163  2.012160E-15
1.37195  1.694413E-15
1.37227  2.262264E-15
1.37259  1.272428E-15
1.37291  1.594929E-15
1.37324  1.671622E-15
1.37356  1.297958E-15
1.37388  1.571551E-15
1.3742  1.452120E-15
1.37452  1.415188E-15
1.37485  1.294051E-15
1.37517  1.425278E-15
1.37549  1.312460E-15
1.37581  1.521453E-15
1.37613  1.495931E-15
1.37646  1.443057E-15
1.37678  1.485754E-15
1.3771  1.318510E-15
1.37742  1.544232E-15
1.37774  1.430962E-15
1.37806  1.410789E-15
1.37839  1.534574E-15
1.37871  1.392409E-15
1.37903  1.400158E-15
1.37935  1.322041E-15
1.37967  1.450928E-15
1.38  1.561165E-15
1.38032  1.414947E-15
1.38064  1.315349E-15
1.38096  9.845863E-16
1.38128  8.943037E-16
1.38161  1.043188E-15
1.38193  1.300787E-15
1.38225  1.486328E-15
1.38257  1.278180E-15
1.38289  8.691859E-17
1.38321  1.596551E-15
1.38354  1.098294E-17
1.38386  1.006370E-15
1.38418  1.588235E-15
1.3845  8.708943E-16
1.38482  3.811762E-16
1.38515  1.501993E-15
1.38547  1.546930E-15
1.38579  1.057093E-15
1.38611  1.205312E-15
1.38643  1.872060E-15
1.38676  1.488934E-15
1.38708  1.797956E-15
1.3874  1.640188E-15
1.38772  1.645200E-15
1.38804  1.448742E-15
1.38836  1.687551E-15
1.38869  1.542728E-15
1.38901  1.627135E-15
1.38933  1.582620E-15
1.38965  1.741774E-15
1.38997  1.670563E-15
1.3903  1.489596E-15
1.39062  1.681786E-15
1.39094  1.646034E-15
1.39126  1.702777E-15
1.39158  1.477748E-15
1.39191  1.699727E-15
1.39223  1.626121E-15
1.39255  1.586640E-15
1.39287  1.556338E-15
1.39319  1.633786E-15
1.39351  1.822183E-15
1.39384  1.884004E-15
1.39416  1.670014E-15
1.39448  1.483095E-15
1.3948  1.487965E-15
1.39512  1.450855E-15
1.39545  1.166391E-15
1.39577  1.458857E-15
1.39609  4.808381E-16
1.39641  2.450536E-15
1.39673  7.335695E-16
1.39705  2.220073E-15
1.39738  2.416400E-15
1.3977  2.137055E-15
1.39802  2.187588E-15
1.39834  2.274406E-15
1.39866  2.108426E-15
1.39899  2.040325E-15
1.39931  2.109020E-15
1.39963  2.369585E-15
1.39995  2.323774E-15
1.40027  2.210710E-15
1.40059  2.978859E-15
1.40092  3.249871E-15
1.40124  5.288393E-15
1.40156  4.565299E-15
1.40188  3.117659E-15
1.4022  3.004838E-15
1.40253  2.774217E-15
1.40285  2.721241E-15
1.40317  2.785028E-15
1.40349  2.789138E-15
1.40381  2.775991E-15
1.40413  2.646713E-15
1.40446  2.724615E-15
1.40478  2.820342E-15
1.4051  3.448737E-15
1.40542  3.228359E-15
1.40574  3.594610E-15
1.40607  3.349519E-15
1.40639  3.131849E-15
1.40671  3.206321E-15
1.40703  2.993971E-15
1.40735  2.997733E-15
1.40767  2.890687E-15
1.408  2.893759E-15
1.40813  2.951381E-15
1.40854  2.822138E-15
1.40895  2.734663E-15
1.40935  2.613929E-15
1.40976  2.576219E-15
1.41017  2.631765E-15
1.41057  2.735202E-15
1.41098  2.654447E-15
1.41139  2.644123E-15
1.41179  2.589882E-15
1.4122  2.616151E-15
1.41261  2.782624E-15
1.41301  2.656513E-15
1.41342  2.593992E-15
1.41383  2.536115E-15
1.41423  2.420962E-15
1.41464  2.357743E-15
1.41505  2.528082E-15
1.41546  2.757667E-15
1.41586  2.716679E-15
1.41627  2.695759E-15
1.41668  2.696399E-15
1.41708  2.588587E-15
1.41749  2.542358E-15
1.4179  2.594594E-15
1.4183  2.544800E-15
1.41871  2.524278E-15
1.41912  2.528059E-15
1.41952  2.437078E-15
1.41993  2.479224E-15
1.42034  2.573693E-15
1.42074  2.629533E-15
1.42115  2.573899E-15
1.42156  2.527369E-15
1.42196  2.501972E-15
1.42237  2.485719E-15
1.42278  2.440877E-15
1.42318  2.385593E-15
1.42359  2.358562E-15
1.42399  2.398186E-15
1.4244  2.438805E-15
1.42481  2.401148E-15
1.42521  2.388818E-15
1.42562  2.345189E-15
1.42603  2.414820E-15
1.42643  2.361185E-15
1.42684  2.323398E-15
1.42725  2.333296E-15
1.42765  2.270692E-15
1.42806  2.227259E-15
1.42847  2.229609E-15
1.42887  2.252531E-15
1.42928  2.247426E-15
1.42968  2.235504E-15
1.43009  2.247942E-15
1.4305  2.226045E-15
1.4309  2.172731E-15
1.43131  2.157630E-15
1.43172  2.105851E-15
1.43212  2.051380E-15
1.43253  2.052167E-15
1.43294  2.094794E-15
1.43334  2.066470E-15
1.43375  2.017070E-15
1.43415  2.018762E-15
1.43456  2.062424E-15
1.43497  1.971959E-15
1.43537  2.000162E-15
1.43578  1.948702E-15
1.43619  1.971419E-15
1.43659  1.912607E-15
1.437  1.868370E-15
1.4374  1.844854E-15
1.43781  1.900815E-15
1.43822  1.903625E-15
1.43862  1.877570E-15
1.43903  1.864160E-15
1.43943  1.848425E-15
1.43984  1.870868E-15
1.44025  1.808017E-15
1.44065  1.814271E-15
1.44106  1.767855E-15
1.44146  1.810701E-15
1.44187  1.824287E-15
1.44228  1.783813E-15
1.44268  1.728370E-15
1.44309  1.720060E-15
1.44349  1.756965E-15
1.4439  1.716837E-15
1.44431  1.726260E-15
1.44471  1.729721E-15
1.44512  1.678911E-15
1.44552  1.675315E-15
1.44593  1.703362E-15
1.44634  1.707808E-15
1.44674  1.651974E-15
1.44715  1.765892E-15
1.44755  1.710484E-15
1.44796  1.676707E-15
1.44837  1.684576E-15
1.44877  1.706011E-15
1.44918  1.658962E-15
1.44958  1.634519E-15
1.44999  1.621286E-15
1.45039  1.594701E-15
1.4508  1.563485E-15
1.45121  1.579762E-15
1.45161  1.685661E-15
1.45202  1.670763E-15
1.45242  1.699549E-15
1.45283  1.679117E-15
1.45324  1.603488E-15
1.45364  1.664360E-15
1.45405  1.645128E-15
1.45445  1.639714E-15
1.45486  1.614654E-15
1.45526  1.607698E-15
1.45567  1.620480E-15
1.45608  1.667267E-15
1.45648  1.623758E-15
1.45689  1.643252E-15
1.45729  1.612131E-15
1.4577  1.646884E-15
1.4581  1.607489E-15
1.45851  1.628799E-15
1.45891  1.649491E-15
1.45932  1.658140E-15
1.45973  1.623446E-15
1.46013  1.615892E-15
1.46054  1.633658E-15
1.46094  1.594468E-15
1.46135  1.705903E-15
1.46175  1.652143E-15
1.46216  1.649665E-15
1.46256  1.649075E-15
1.46297  1.614241E-15
1.46338  1.643022E-15
1.46378  1.633519E-15
1.46419  1.653234E-15
1.46459  1.697709E-15
1.465  1.680632E-15
1.4654  1.657282E-15
1.46581  1.673859E-15
1.46621  1.658630E-15
1.46662  1.667958E-15
1.46702  1.669186E-15
1.46743  1.659713E-15
1.46783  1.656860E-15
1.46824  1.679162E-15
1.46865  1.670308E-15
1.46905  1.676479E-15
1.46946  1.659495E-15
1.46986  1.663931E-15
1.47027  1.573777E-15
1.47067  1.612006E-15
1.47108  1.687143E-15
1.47148  1.620988E-15
1.47189  1.615110E-15
1.47229  1.635726E-15
1.4727  1.660341E-15
1.4731  1.609333E-15
1.47351  1.615625E-15
1.47391  1.645884E-15
1.47432  1.625663E-15
1.47472  1.659941E-15
1.47513  1.642126E-15
1.47553  1.595241E-15
1.47594  1.591211E-15
1.47634  1.553189E-15
1.47675  1.562760E-15
1.47716  1.594062E-15
1.47756  1.587698E-15
1.47797  1.559278E-15
1.47837  1.535385E-15
1.47878  1.567895E-15
1.47918  1.588945E-15
1.47959  1.585047E-15
1.47999  1.501385E-15
1.4804  1.552853E-15
1.4808  1.546459E-15
1.48121  1.513321E-15
1.48161  1.495773E-15
1.48202  1.556405E-15
1.48242  1.518508E-15
1.48283  1.521147E-15
1.48323  1.557765E-15
1.48364  1.548205E-15
1.48404  1.491848E-15
1.48445  1.554812E-15
1.48485  1.512390E-15
1.48526  1.488612E-15
1.48566  1.489211E-15
1.48607  1.510250E-15
1.48647  1.460218E-15
1.48688  1.494094E-15
1.48728  1.458687E-15
1.48769  1.460149E-15
1.48809  1.478782E-15
1.48849  1.510577E-15
1.4889  1.526936E-15
1.4893  1.475892E-15
1.48971  1.517895E-15
1.49011  1.473194E-15
1.49052  1.481181E-15
1.49092  1.495125E-15
1.49133  1.470486E-15
1.49173  1.452252E-15
1.49214  1.451279E-15
1.49254  1.455166E-15
1.49295  1.419529E-15
1.49335  1.448795E-15
1.49376  1.446838E-15
1.49416  1.451435E-15
1.49457  1.451466E-15
1.49497  1.462629E-15
1.49538  1.480377E-15
1.49578  1.465675E-15
1.49619  1.419162E-15
1.49659  1.445190E-15
1.49699  1.434324E-15
1.4974  1.453543E-15
1.4978  1.429689E-15
1.49821  1.451191E-15
1.49861  1.442334E-15
1.49902  1.445937E-15
1.49942  1.425128E-15
1.49983  1.432008E-15
1.50023  1.451764E-15
1.50064  1.445637E-15
1.50104  1.476817E-15
1.50145  1.439754E-15
1.50185  1.461762E-15
1.50225  1.418581E-15
1.50266  1.437880E-15
1.50306  1.420542E-15
1.50347  1.423810E-15
1.50387  1.434860E-15
1.50428  1.415300E-15
1.50468  1.421348E-15
1.50509  1.435087E-15
1.50549  1.465129E-15
1.5059  1.401701E-15
1.5063  1.423667E-15
1.5067  1.426630E-15
1.50711  1.451954E-15
1.50751  1.436535E-15
1.50792  1.404538E-15
1.50832  1.410769E-15
1.50873  1.437370E-15
1.50913  1.432938E-15
1.50954  1.429459E-15
1.50994  1.414944E-15
1.51034  1.411354E-15
1.51075  1.432740E-15
1.51115  1.429505E-15
1.51156  1.419220E-15
1.51196  1.409534E-15
1.51237  1.449098E-15
1.51277  1.414284E-15
1.51317  1.416446E-15
1.51358  1.432323E-15
1.51398  1.401050E-15
1.51439  1.433989E-15
1.51479  1.406551E-15
1.5152  1.430259E-15
1.5156  1.435789E-15
1.51601  1.429724E-15
1.51641  1.428417E-15
1.51681  1.434312E-15
1.51722  1.416714E-15
1.51762  1.415864E-15
1.51803  1.431557E-15
1.51843  1.434125E-15
1.51883  1.403229E-15
1.51924  1.467002E-15
1.51964  1.404389E-15
1.52005  1.411521E-15
1.52045  1.430349E-15
1.52086  1.412812E-15
1.52126  1.427724E-15
1.52166  1.440567E-15
1.52207  1.432555E-15
1.52247  1.451098E-15
1.52288  1.428268E-15
1.52328  1.431028E-15
1.52368  1.403168E-15
1.52409  1.408687E-15
1.52449  1.422117E-15
1.5249  1.402300E-15
1.5253  1.430082E-15
1.52571  1.440865E-15
1.52611  1.410358E-15
1.52651  1.403626E-15
1.52692  1.422593E-15
1.52732  1.431175E-15
1.52773  1.423965E-15
1.52813  1.430935E-15
1.52853  1.383178E-15
1.52894  1.405461E-15
1.52934  1.426518E-15
1.52975  1.429379E-15
1.53015  1.398337E-15
1.53055  1.405195E-15
1.53096  1.400237E-15
1.53136  1.434679E-15
1.53177  1.430898E-15
1.53217  1.446720E-15
1.53257  1.429208E-15
1.53298  1.442221E-15
1.53338  1.413938E-15
1.53379  1.406223E-15
1.53419  1.397554E-15
1.53459  1.447105E-15
1.535  1.435373E-15
1.5354  1.428976E-15
1.53581  1.415490E-15
1.53621  1.414295E-15
1.53661  1.413263E-15
1.53702  1.412463E-15
1.53742  1.434329E-15
1.53782  1.422375E-15
1.53823  1.416485E-15
1.53863  1.415036E-15
1.53904  1.406216E-15
1.53944  1.430463E-15
1.53984  1.420254E-15
1.54025  1.425589E-15
1.54065  1.405503E-15
1.54106  1.419063E-15
1.54146  1.446656E-15
1.54186  1.448178E-15
1.54227  1.439530E-15
1.54267  1.435415E-15
1.54307  1.419336E-15
1.54348  1.448692E-15
1.54388  1.418021E-15
1.54429  1.421916E-15
1.54469  1.422212E-15
1.54509  1.410909E-15
1.5455  1.423260E-15
1.5459  1.397579E-15
1.5463  1.426570E-15
1.54671  1.394095E-15
1.54711  1.413605E-15
1.54752  1.430803E-15
1.54792  1.407049E-15
1.54832  1.426437E-15
1.54873  1.407073E-15
1.54913  1.388562E-15
1.54953  1.390916E-15
1.54994  1.412139E-15
1.55034  1.373330E-15
1.55074  1.403454E-15
1.55115  1.382459E-15
1.55155  1.426422E-15
1.55196  1.390229E-15
1.55236  1.401231E-15
1.55276  1.401264E-15
1.55317  1.432735E-15
1.55357  1.394993E-15
1.55397  1.387523E-15
1.55438  1.393283E-15
1.55478  1.420577E-15
1.55518  1.424655E-15
1.55559  1.389975E-15
1.55599  1.428562E-15
1.55639  1.406565E-15
1.5568  1.388065E-15
1.5572  1.399736E-15
1.55761  1.385414E-15
1.55801  1.406695E-15
1.55841  1.427023E-15
1.55882  1.411099E-15
1.55922  1.397304E-15
1.55962  1.404838E-15
1.56003  1.408632E-15
1.56043  1.412202E-15
1.56083  1.402554E-15
1.56124  1.407665E-15
1.56164  1.408813E-15
1.56204  1.401202E-15
1.56245  1.408462E-15
1.56285  1.416330E-15
1.56325  1.402465E-15
1.56366  1.419548E-15
1.56406  1.422723E-15
1.56446  1.430156E-15
1.56487  1.402778E-15
1.56527  1.393536E-15
1.56567  1.388004E-15
1.56608  1.368027E-15
1.56648  1.405281E-15
1.56688  1.421228E-15
1.56729  1.392068E-15
1.56769  1.414765E-15
1.56809  1.397090E-15
1.5685  1.408627E-15
1.5689  1.398209E-15
1.5693  1.393701E-15
1.56971  1.381318E-15
1.57011  1.384107E-15
1.57051  1.349040E-15
1.57092  1.377483E-15
1.57132  1.367603E-15
1.57172  1.362011E-15
1.57213  1.370142E-15
1.57253  1.395230E-15
1.57293  1.362232E-15
1.57334  1.402056E-15
1.57374  1.386075E-15
1.57414  1.402862E-15
1.57455  1.389293E-15
1.57495  1.388545E-15
1.57535  1.387321E-15
1.57576  1.405912E-15
1.57616  1.387620E-15
1.57656  1.403697E-15
1.57697  1.395824E-15
1.57737  1.390090E-15
1.57777  1.386809E-15
1.57818  1.404264E-15
1.57858  1.396513E-15
1.57898  1.383026E-15
1.57939  1.412115E-15
1.57979  1.376282E-15
1.58019  1.415850E-15
1.5806  1.396637E-15
1.581  1.414516E-15
1.5814  1.382079E-15
1.58181  1.398762E-15
1.58221  1.404724E-15
1.58261  1.362538E-15
1.58302  1.430935E-15
1.58342  1.423358E-15
1.58382  1.370521E-15
1.58422  1.421863E-15
1.58463  1.356177E-15
1.58503  1.409393E-15
1.58543  1.404571E-15
1.58584  1.421467E-15
1.58624  1.400178E-15
1.58664  1.421046E-15
1.58705  1.399515E-15
1.58745  1.416643E-15
1.58785  1.400797E-15
1.58826  1.382620E-15
1.58866  1.406456E-15
1.58906  1.394603E-15
1.58946  1.420911E-15
1.58987  1.384373E-15
1.59027  1.412840E-15
1.59067  1.375117E-15
1.59108  1.395294E-15
1.59148  1.405288E-15
1.59188  1.426580E-15
1.59229  1.432976E-15
1.59269  1.416077E-15
1.59309  1.408450E-15
1.5935  1.416771E-15
1.5939  1.397866E-15
1.5943  1.385244E-15
1.5947  1.415654E-15
1.59511  1.404693E-15
1.59551  1.411313E-15
1.59591  1.401619E-15
1.59632  1.370606E-15
1.59672  1.401066E-15
1.59712  1.375911E-15
1.59753  1.400535E-15
1.59793  1.375957E-15
1.59833  1.388564E-15
1.59873  1.371738E-15
1.59914  1.387394E-15
1.59954  1.378836E-15
1.59994  1.371209E-15
1.60035  1.369682E-15
1.60075  1.397020E-15
1.60115  1.392707E-15
1.60155  1.399042E-15
1.60196  1.412347E-15
1.60236  1.388956E-15
1.60276  1.391310E-15
1.60317  1.422021E-15
1.60357  1.397090E-15
1.60397  1.396647E-15
1.60437  1.408493E-15
1.60478  1.396247E-15
1.60518  1.391803E-15
1.60558  1.377247E-15
1.60599  1.405444E-15
1.60639  1.415821E-15
1.60679  1.415095E-15
1.6072  1.381341E-15
1.6076  1.376552E-15
1.608  1.426024E-15
1.6084  1.375940E-15
1.60881  1.409526E-15
1.60921  1.438330E-15
1.60961  1.403403E-15
1.61001  1.402757E-15
1.61042  1.393947E-15
1.61082  1.414555E-15
1.61122  1.388046E-15
1.61163  1.392152E-15
1.61203  1.387252E-15
1.61243  1.381947E-15
1.61283  1.403213E-15
1.61324  1.410803E-15
1.61364  1.433436E-15
1.61404  1.402857E-15
1.61445  1.432976E-15
1.61485  1.405790E-15
1.61525  1.397993E-15
1.61565  1.411083E-15
1.61606  1.406811E-15
1.61646  1.433597E-15
1.61686  1.430125E-15
1.61726  1.445940E-15
1.61767  1.418654E-15
1.61807  1.407818E-15
1.61847  1.419592E-15
1.61888  1.420121E-15
1.61928  1.401415E-15
1.61968  1.401256E-15
1.62008  1.414467E-15
1.62049  1.425055E-15
1.62089  1.416519E-15
1.62129  1.425851E-15
1.62169  1.423544E-15
1.6221  1.439419E-15
1.6225  1.438723E-15
1.6229  1.451589E-15
1.62331  1.399642E-15
1.62371  1.418474E-15
1.62411  1.422427E-15
1.62451  1.416059E-15
1.62492  1.464810E-15
1.62532  1.431936E-15
1.62572  1.425994E-15
1.62612  1.411037E-15
1.62653  1.422160E-15
1.62693  1.421049E-15
1.62733  1.439729E-15
1.62774  1.382761E-15
1.62814  1.423641E-15
1.62854  1.439666E-15
1.62894  1.401618E-15
1.62935  1.435155E-15
1.62975  1.435259E-15
1.63015  1.466739E-15
1.63055  1.472677E-15
1.63096  1.471100E-15
1.63136  1.463233E-15
1.63176  1.480949E-15
1.63216  1.493601E-15
1.63257  1.476488E-15
1.63297  1.464672E-15
1.63337  1.450517E-15
1.63377  1.447532E-15
1.63418  1.452234E-15
1.63458  1.439061E-15
1.63498  1.396327E-15
1.63538  1.472021E-15
1.63579  1.416952E-15
1.63619  1.416986E-15
1.63659  1.443289E-15
1.637  1.425093E-15
1.6374  1.434828E-15
1.6378  1.446082E-15
1.6382  1.431796E-15
1.63861  1.443587E-15
1.63901  1.456096E-15
1.63941  1.432008E-15
1.63981  1.421793E-15
1.64022  1.445837E-15
1.64062  1.431703E-15
1.64102  1.442258E-15
1.64142  1.462919E-15
1.64183  1.473919E-15
1.64223  1.430075E-15
1.64263  1.432417E-15
1.64303  1.462120E-15
1.64344  1.459277E-15
1.64384  1.490064E-15
1.64424  1.450342E-15
1.64464  1.476713E-15
1.64505  1.499236E-15
1.64545  1.460750E-15
1.64585  1.483628E-15
1.64625  1.496784E-15
1.64666  1.482793E-15
1.64706  1.527359E-15
1.64746  1.525387E-15
1.64786  1.492958E-15
1.64827  1.504341E-15
1.64867  1.508344E-15
1.64907  1.514128E-15
1.64947  1.539839E-15
1.64988  1.537270E-15
1.65028  1.521548E-15
1.65068  1.551977E-15
1.65108  1.543485E-15
1.65149  1.574521E-15
1.65189  1.561341E-15
1.65229  1.594817E-15
1.65269  1.620861E-15
1.6531  1.627201E-15
1.6535  1.598064E-15
1.6539  1.603169E-15
1.6543  1.647670E-15
1.65471  1.657908E-15
1.65511  1.686948E-15
1.65551  1.729889E-15
1.65591  1.710867E-15
1.65631  1.738478E-15
1.65672  1.755621E-15
1.65712  1.802276E-15
1.65752  1.794877E-15
1.65792  1.790950E-15
1.65833  1.833332E-15
1.65873  1.872039E-15
1.65913  1.895893E-15
1.65953  1.917641E-15
1.65994  1.903903E-15
1.66034  1.943914E-15
1.66074  1.953644E-15
1.66114  1.954576E-15
1.66155  1.969196E-15
1.66195  2.022540E-15
1.66235  2.033160E-15
1.66275  2.092314E-15
1.66316  2.099300E-15
1.66356  2.148329E-15
1.66396  2.143692E-15
1.66436  2.169690E-15
1.66477  2.146537E-15
1.66517  2.132768E-15
1.66557  2.092922E-15
1.66597  2.073304E-15
1.66637  2.089461E-15
1.66678  2.070510E-15
1.66718  2.081089E-15
1.66758  2.088236E-15
1.66798  2.082092E-15
1.66839  2.075593E-15
1.66879  2.037439E-15
1.66919  2.025312E-15
1.66959  2.076494E-15
1.67  2.059407E-15
1.6704  2.047624E-15
1.6708  2.081941E-15
1.6712  2.062830E-15
1.67161  2.052606E-15
1.67201  2.072113E-15
1.67241  2.046371E-15
1.67281  2.054926E-15
1.67321  2.049359E-15
1.67362  2.067671E-15
1.67402  1.989050E-15
1.67442  1.986378E-15
1.67482  2.019925E-15
1.67523  2.034106E-15
1.67563  2.004843E-15
1.67603  2.014086E-15
1.67643  2.022842E-15
1.67684  2.004896E-15
1.67724  1.975593E-15
1.67764  1.930004E-15
1.67804  1.900540E-15
1.67845  1.914034E-15
1.67885  1.926576E-15
1.67925  1.885888E-15
1.67965  1.902398E-15
1.68005  1.870758E-15
1.68046  1.859170E-15
1.68086  1.825132E-15
1.68126  1.843110E-15
1.68166  1.781775E-15
1.68207  1.782869E-15
1.68247  1.807791E-15
1.68287  1.770383E-15
1.68327  1.783270E-15
1.68368  1.769709E-15
1.68408  1.754721E-15
1.68448  1.746120E-15
1.68488  1.705567E-15
1.68528  1.765729E-15
1.68569  1.734356E-15
1.68609  1.701919E-15
1.68649  1.703157E-15
1.68689  1.698068E-15
1.6873  1.690561E-15
1.6877  1.674511E-15
1.6881  1.660942E-15
1.6885  1.633972E-15
1.6889  1.617093E-15
1.68931  1.609647E-15
1.68971  1.587809E-15
1.69011  1.590808E-15
1.69051  1.627984E-15
1.69092  1.588992E-15
1.69132  1.560910E-15
1.69172  1.590010E-15
1.69212  1.568416E-15
1.69253  1.558379E-15
1.69293  1.542817E-15
1.69333  1.530818E-15
1.69373  1.527228E-15
1.69413  1.552026E-15
1.69454  1.530746E-15
1.69494  1.529646E-15
1.69534  1.540022E-15
1.69574  1.554527E-15
1.69615  1.489267E-15
1.69655  1.498479E-15
1.69695  1.464915E-15
1.69735  1.504244E-15
1.69775  1.508336E-15
1.69816  1.482696E-15
1.69856  1.465668E-15
1.69896  1.480203E-15
1.69936  1.488737E-15
1.69977  1.501967E-15
1.70017  1.503893E-15
1.70057  1.520279E-15
1.70097  1.488781E-15
1.70138  1.519922E-15
1.70178  1.447542E-15
1.70218  1.483236E-15
1.70258  1.477208E-15
1.70298  1.444476E-15
1.70339  1.469110E-15
1.70379  1.469650E-15
1.70419  1.450680E-15
1.70459  1.475637E-15
1.705  1.464024E-15
1.7054  1.445925E-15
1.7058  1.460591E-15
1.7062  1.469094E-15
1.7066  1.447808E-15
1.70701  1.425793E-15
1.70741  1.461121E-15
1.70781  1.436708E-15
1.70821  1.434567E-15
1.70862  1.406047E-15
1.70902  1.436689E-15
1.70942  1.446042E-15
1.70982  1.446592E-15
1.71022  1.440414E-15
1.71063  1.464914E-15
1.71103  1.475906E-15
1.71143  1.436023E-15
1.71183  1.389373E-15
1.71224  1.422554E-15
1.71264  1.473482E-15
1.71304  1.480426E-15
1.71344  1.434029E-15
1.71384  1.436987E-15
1.71425  1.446006E-15
1.71465  1.451888E-15
1.71505  1.449180E-15
1.71545  1.446624E-15
1.71586  1.403455E-15
1.71626  1.431586E-15
1.71666  1.452574E-15
1.71706  1.420546E-15
1.71746  1.448292E-15
1.71787  1.429244E-15
1.71827  1.397520E-15
1.71867  1.412508E-15
1.71907  1.442641E-15
1.71948  1.423169E-15
1.71988  1.448911E-15
1.72028  1.415154E-15
1.72068  1.438235E-15
1.72108  1.393997E-15
1.72149  1.430129E-15
1.72189  1.397465E-15
1.72229  1.405390E-15
1.72269  1.416230E-15
1.7231  1.404184E-15
1.7235  1.388729E-15
1.7239  1.405851E-15
1.7243  1.388576E-15
1.7247  1.392536E-15
1.72511  1.374309E-15
1.72551  1.387435E-15
1.72591  1.412316E-15
1.72631  1.385966E-15
1.72672  1.414387E-15
1.72712  1.400977E-15
1.72752  1.376762E-15
1.72792  1.413691E-15
1.72833  1.375223E-15
1.72873  1.404534E-15
1.72913  1.402171E-15
1.72953  1.388862E-15
1.72993  1.372255E-15
1.73034  1.414656E-15
1.73074  1.394064E-15
1.73114  1.396809E-15
1.73154  1.400060E-15
1.73195  1.399629E-15
1.73235  1.380343E-15
1.73275  1.399921E-15
1.73315  1.403628E-15
1.73355  1.388589E-15
1.73396  1.407894E-15
1.73436  1.426531E-15
1.73476  1.388703E-15
1.73516  1.401635E-15
1.73557  1.370827E-15
1.73597  1.386136E-15
1.73637  1.350352E-15
1.73677  1.383787E-15
1.73717  1.371987E-15
1.73758  1.376472E-15
1.73798  1.357854E-15
1.73838  1.369643E-15
1.73878  1.394096E-15
1.73919  1.410223E-15
1.73959  1.366935E-15
1.73999  1.355307E-15
1.74039  1.368117E-15
1.74079  1.327752E-15
1.7412  1.356311E-15
1.7416  1.378406E-15
1.742  1.357524E-15
1.7424  1.369807E-15
1.74281  1.379532E-15
1.74321  1.373589E-15
1.74361  1.379389E-15
1.74401  1.375357E-15
1.74442  1.369181E-15
1.74482  1.397911E-15
1.74522  1.396540E-15
1.74562  1.394653E-15
1.74602  1.362432E-15
1.74643  1.347417E-15
1.74683  1.355705E-15
1.74723  1.376949E-15
1.74763  1.366475E-15
1.74804  1.354464E-15
1.74844  1.374211E-15
1.74884  1.356536E-15
1.74924  1.352940E-15
1.74964  1.349961E-15
1.75005  1.358066E-15
1.75045  1.340735E-15
1.75085  1.369979E-15
1.75125  1.351738E-15
1.75166  1.379222E-15
1.75206  1.376313E-15
1.75246  1.350154E-15
1.75286  1.366805E-15
1.75327  1.354916E-15
1.75367  1.370991E-15
1.75407  1.363774E-15
1.75447  1.372173E-15
1.75487  1.379287E-15
1.75528  1.351075E-15
1.75568  1.367160E-15
1.75608  1.345006E-15
1.75648  1.326513E-15
1.75689  1.334092E-15
1.75729  1.358258E-15
1.75769  1.382706E-15
1.75809  1.366145E-15
1.7585  1.385152E-15
1.7589  1.388473E-15
1.7593  1.359332E-15
1.7597  1.371644E-15
1.7601  1.354203E-15
1.76051  1.351467E-15
1.76091  1.372294E-15
1.76131  1.364785E-15
1.76171  1.360279E-15
1.76212  1.361295E-15
1.76252  1.333510E-15
1.76292  1.349583E-15
1.76332  1.392809E-15
1.76373  1.354861E-15
1.76413  1.375576E-15
1.76453  1.346355E-15
1.76493  1.357039E-15
1.76533  1.338244E-15
1.76574  1.334821E-15
1.76614  1.399150E-15
1.76654  1.402633E-15
1.76694  1.440811E-15
1.76735  1.438590E-15
1.76775  1.356403E-15
1.76815  1.423411E-15
1.76855  1.355614E-15
1.76896  1.337042E-15
1.76936  1.354581E-15
1.76976  1.376781E-15
1.77016  1.354418E-15
1.77057  1.340367E-15
1.77097  1.382751E-15
1.77137  1.355524E-15
1.77177  1.417029E-15
1.77217  1.347960E-15
1.77258  1.325395E-15
1.77298  1.346816E-15
1.77338  1.339167E-15
1.77378  1.334116E-15
1.77419  1.301379E-15
1.77459  1.354661E-15
1.77499  1.368994E-15
1.77539  1.362820E-15
1.7758  1.349973E-15
1.7762  1.365580E-15
1.7766  1.382268E-15
1.777  1.361626E-15
1.77741  1.353086E-15
1.77781  1.369238E-15
1.77821  1.332782E-15
1.77861  1.354627E-15
1.77902  1.395338E-15
1.77942  1.400135E-15
1.77982  1.379574E-15
1.78022  1.398143E-15
1.78063  1.379321E-15
1.78103  1.330348E-15
1.78143  1.373132E-15
1.78183  1.385805E-15
1.78224  1.406051E-15
1.78264  1.420393E-15
1.78304  1.398296E-15
1.78344  1.377442E-15
1.78384  1.365233E-15
1.78425  1.344076E-15
1.78465  1.362856E-15
1.78505  1.384983E-15
1.78545  1.345506E-15
1.78586  1.357562E-15
1.78626  1.378748E-15
1.78666  1.391310E-15
1.78706  1.385046E-15
1.78747  1.397071E-15
1.78787  1.385439E-15
1.78827  1.369612E-15
1.78867  1.394780E-15
1.78908  1.405168E-15
1.78948  1.340711E-15
1.78988  1.370409E-15
1.79028  1.350315E-15
1.79069  1.336115E-15
1.79109  1.379259E-15
1.79149  1.333931E-15
1.79189  1.354055E-15
1.7923  1.378272E-15
1.7927  1.388973E-15
1.7931  1.330554E-15
1.7935  1.340658E-15
1.79391  1.328107E-15
1.79431  1.329042E-15
1.79471  1.375965E-15
1.79511  1.353345E-15
1.79552  1.352318E-15
1.79592  1.356700E-15
1.79632  1.372718E-15
1.79672  1.372197E-15
1.79713  1.362204E-15
1.79753  1.378748E-15
1.79793  1.360960E-15
1.79833  1.375188E-15
1.92993  1.323978E-15
1.93047  1.315622E-15
1.93101  1.276540E-15
1.93155  1.266104E-15
1.93208  1.304710E-15
1.93262  1.375172E-15
1.93316  1.383384E-15
1.9337  1.326008E-15
1.93424  1.326173E-15
1.93478  1.330156E-15
1.93532  1.324758E-15
1.93586  1.322249E-15
1.93639  1.335904E-15
1.93693  1.319097E-15
1.93747  1.272859E-15
1.93801  1.286958E-15
1.93855  1.288245E-15
1.93909  1.277093E-15
1.93963  1.257793E-15
1.94017  1.354441E-15
1.9407  1.348973E-15
1.94124  1.315468E-15
1.94178  1.354242E-15
1.94232  1.354438E-15
1.94286  1.353039E-15
1.9434  1.329459E-15
1.94394  1.292622E-15
1.94448  1.254110E-15
1.94501  1.245251E-15
1.94555  1.317028E-15
1.94609  1.334327E-15
1.94663  1.367254E-15
1.94717  1.386703E-15
1.94771  1.367233E-15
1.94825  1.354839E-15
1.94878  1.329978E-15
1.94932  1.346085E-15
1.94986  1.351753E-15
1.9504  1.352373E-15
1.95094  1.374073E-15
1.95148  1.367343E-15
1.95202  1.362441E-15
1.95255  1.352158E-15
1.95309  1.332628E-15
1.95363  1.357164E-15
1.95417  1.341783E-15
1.95471  1.348007E-15
1.95525  1.355471E-15
1.95579  1.330641E-15
1.95632  1.307902E-15
1.95686  1.342422E-15
1.9574  1.304872E-15
1.95794  1.318243E-15
1.95848  1.330513E-15
1.95902  1.322350E-15
1.95956  1.360221E-15
1.96009  1.366989E-15
1.96063  1.363783E-15
1.96117  1.385774E-15
1.96171  1.372312E-15
1.96225  1.339811E-15
1.96279  1.340038E-15
1.96333  1.336408E-15
1.96386  1.323240E-15
1.9644  1.341798E-15
1.96494  1.324864E-15
1.96548  1.366821E-15
1.96602  1.373447E-15
1.96656  1.362681E-15
1.9671  1.354812E-15
1.96763  1.373461E-15
1.96817  1.367217E-15
1.96871  1.366121E-15
1.96925  1.356082E-15
1.96979  1.371944E-15
1.97033  1.380327E-15
1.97086  1.383662E-15
1.9714  1.333954E-15
1.97194  1.353389E-15
1.97248  1.368625E-15
1.97302  1.380116E-15
1.97356  1.395665E-15
1.9741  1.363713E-15
1.97463  1.349990E-15
1.97517  1.365619E-15
1.97571  1.347435E-15
1.97625  1.383181E-15
1.97679  1.398659E-15
1.97733  1.376700E-15
1.97786  1.374322E-15
1.9784  1.386974E-15
1.97894  1.381548E-15
1.97948  1.357833E-15
1.98002  1.341810E-15
1.98056  1.365241E-15
1.98109  1.370403E-15
1.98163  1.362444E-15
1.98217  1.386632E-15
1.98271  1.377401E-15
1.98325  1.377052E-15
1.98379  1.377794E-15
1.98432  1.368200E-15
1.98486  1.371333E-15
1.9854  1.368834E-15
1.98594  1.374360E-15
1.98648  1.378371E-15
1.98702  1.366335E-15
1.98755  1.383871E-15
1.98809  1.382069E-15
1.98863  1.375251E-15
1.98917  1.365052E-15
1.98971  1.355609E-15
1.99025  1.365495E-15
1.99078  1.369274E-15
1.99132  1.363475E-15
1.99186  1.385693E-15
1.9924  1.385072E-15
1.99294  1.390052E-15
1.99348  1.359447E-15
1.99401  1.391777E-15
1.99455  1.387553E-15
1.99509  1.380271E-15
1.99563  1.365511E-15
1.99617  1.375537E-15
1.9967  1.376500E-15
1.99724  1.363890E-15
1.99778  1.367063E-15
1.99832  1.359428E-15
1.99886  1.342358E-15
1.9994  1.344280E-15
1.99993  1.359907E-15
2.00047  1.314821E-15
2.00101  1.334071E-15
2.00155  1.340242E-15
2.00209  1.312909E-15
2.00262  1.349062E-15
2.00316  1.373185E-15
2.0037  1.333762E-15
2.00424  1.340882E-15
2.00478  1.329614E-15
2.00532  1.321778E-15
2.00585  1.351068E-15
2.00639  1.337066E-15
2.00693  1.374237E-15
2.00747  1.360114E-15
2.00801  1.363278E-15
2.00854  1.362455E-15
2.00908  1.373752E-15
2.00962  1.355108E-15
2.01016  1.362802E-15
2.0107  1.370728E-15
2.01124  1.339592E-15
2.01177  1.362514E-15
2.01231  1.376555E-15
2.01285  1.359607E-15
2.01339  1.354375E-15
2.01393  1.358890E-15
2.01446  1.343143E-15
2.015  1.347911E-15
2.01554  1.355020E-15
2.01608  1.362512E-15
2.01662  1.357451E-15
2.01715  1.362410E-15
2.01769  1.363596E-15
2.01823  1.351845E-15
2.01877  1.373393E-15
2.01931  1.346093E-15
2.01984  1.366925E-15
2.02038  1.364134E-15
2.02092  1.371616E-15
2.02146  1.369886E-15
2.022  1.350376E-15
2.02253  1.362741E-15
2.02307  1.380505E-15
2.02361  1.382487E-15
2.02415  1.387587E-15
2.02469  1.383738E-15
2.02522  1.373542E-15
2.02576  1.380014E-15
2.0263  1.377950E-15
2.02684  1.372053E-15
2.02738  1.373985E-15
2.02791  1.384231E-15
2.02845  1.380936E-15
2.02899  1.378782E-15
2.02953  1.329115E-15
2.03007  1.386560E-15
2.0306  1.396484E-15
2.03114  1.386338E-15
2.03168  1.390752E-15
2.03222  1.391534E-15
2.03276  1.381964E-15
2.03329  1.374311E-15
2.03383  1.391871E-15
2.03437  1.387537E-15
2.03491  1.396128E-15
2.03545  1.373664E-15
2.03598  1.401374E-15
2.03652  1.400633E-15
2.03706  1.400224E-15
2.0376  1.386245E-15
2.03814  1.395269E-15
2.03867  1.388918E-15
2.03921  1.388973E-15
2.03975  1.378536E-15
2.04029  1.377976E-15
2.04083  1.396696E-15
2.04136  1.419693E-15
2.0419  1.381098E-15
2.04244  1.409533E-15
2.04298  1.377970E-15
2.04351  1.395530E-15
2.04405  1.378233E-15
2.04459  1.395247E-15
2.04513  1.373793E-15
2.04567  1.387458E-15
2.0462  1.389834E-15
2.04674  1.387569E-15
2.04728  1.382943E-15
2.04782  1.378287E-15
2.04836  1.374448E-15
2.04889  1.378398E-15
2.04943  1.384517E-15
2.04997  1.387588E-15
2.05051  1.367578E-15
2.05104  1.357556E-15
2.05158  1.376809E-15
2.05212  1.380254E-15
2.05266  1.359821E-15
2.0532  1.377036E-15
2.05373  1.369041E-15
2.05427  1.383875E-15
2.05481  1.410139E-15
2.05535  1.384410E-15
2.05588  1.360436E-15
2.05642  1.369419E-15
2.05696  1.371593E-15
2.0575  1.388546E-15
2.05804  1.377051E-15
2.05857  1.374604E-15
2.05911  1.379159E-15
2.05965  1.377217E-15
2.06019  1.398658E-15
2.06072  1.381948E-15
2.06126  1.369051E-15
2.0618  1.373565E-15
2.06234  1.358792E-15
2.06288  1.375875E-15
2.06341  1.364058E-15
2.06395  1.373223E-15
2.06449  1.391324E-15
2.06503  1.381676E-15
2.06556  1.375195E-15
2.0661  1.388666E-15
2.06664  1.362465E-15
2.06718  1.385640E-15
2.06771  1.373167E-15
2.06825  1.397391E-15
2.06879  1.399646E-15
2.06933  1.388162E-15
2.06987  1.399565E-15
2.0704  1.370076E-15
2.07094  1.389619E-15
2.07148  1.390209E-15
2.07202  1.360812E-15
2.07255  1.397401E-15
2.07309  1.383063E-15
2.07363  1.383714E-15
2.07417  1.379523E-15
2.0747  1.387053E-15
2.07524  1.393210E-15
2.07578  1.379861E-15
2.07632  1.398839E-15
2.07686  1.398360E-15
2.07739  1.374168E-15
2.07793  1.379599E-15
2.07847  1.374914E-15
2.07901  1.397815E-15
2.07954  1.379978E-15
2.08008  1.404694E-15
2.08062  1.393816E-15
2.08116  1.382313E-15
2.08169  1.387049E-15
2.08223  1.387548E-15
2.08277  1.372263E-15
2.08331  1.398481E-15
2.08384  1.384013E-15
2.08438  1.373267E-15
2.08492  1.386404E-15
2.08546  1.381073E-15
2.08599  1.371215E-15
2.08653  1.377756E-15
2.08707  1.395512E-15
2.08761  1.377887E-15
2.08815  1.390055E-15
2.08868  1.382466E-15
2.08922  1.382865E-15
2.08976  1.407065E-15
2.0903  1.393011E-15
2.09083  1.400490E-15
2.09137  1.388302E-15
2.09191  1.385422E-15
2.09245  1.376845E-15
2.09298  1.376880E-15
2.09352  1.383542E-15
2.09406  1.395952E-15
2.0946  1.385338E-15
2.09513  1.396245E-15
2.09567  1.398136E-15
2.09621  1.409285E-15
2.09675  1.407737E-15
2.09728  1.381602E-15
2.09782  1.384088E-15
2.09836  1.391889E-15
2.0989  1.377170E-15
2.09943  1.380292E-15
2.09997  1.390039E-15
2.10051  1.399564E-15
2.10105  1.388718E-15
2.10158  1.388250E-15
2.10212  1.378594E-15
2.10266  1.393998E-15
2.1032  1.391079E-15
2.10373  1.388250E-15
2.10427  1.392794E-15
2.10481  1.371107E-15
2.10535  1.370921E-15
2.10588  1.396269E-15
2.10642  1.377345E-15
2.10696  1.402673E-15
2.1075  1.384536E-15
2.10803  1.390854E-15
2.10857  1.380352E-15
2.10911  1.400283E-15
2.10965  1.375471E-15
2.11018  1.383100E-15
2.11072  1.383771E-15
2.11126  1.373108E-15
2.11179  1.383570E-15
2.11233  1.385552E-15
2.11287  1.377520E-15
2.11341  1.383848E-15
2.11394  1.392627E-15
2.11448  1.385190E-15
2.11502  1.383501E-15
2.11556  1.380845E-15
2.11609  1.381405E-15
2.11663  1.380946E-15
2.11717  1.387032E-15
2.11771  1.392523E-15
2.11824  1.355430E-15
2.11878  1.406631E-15
2.11932  1.398196E-15
2.11986  1.390084E-15
2.12039  1.403208E-15
2.12093  1.405825E-15
2.12147  1.394990E-15
2.12201  1.395046E-15
2.12254  1.376932E-15
2.12308  1.391457E-15
2.12362  1.382498E-15
2.12415  1.393223E-15
2.12469  1.393530E-15
2.12523  1.389311E-15
2.12577  1.389034E-15
2.1263  1.404275E-15
2.12684  1.384558E-15
2.12738  1.389433E-15
2.12792  1.398876E-15
2.12845  1.398690E-15
2.12899  1.387100E-15
2.12953  1.397380E-15
2.13007  1.396468E-15
2.1306  1.429727E-15
2.13114  1.402650E-15
2.13168  1.420129E-15
2.13221  1.435752E-15
2.13275  1.451618E-15
2.13329  1.419217E-15
2.13383  1.439307E-15
2.13436  1.416253E-15
2.1349  1.445750E-15
2.13544  1.431600E-15
2.13598  1.428499E-15
2.13651  1.421901E-15
2.13705  1.401923E-15
2.13759  1.408129E-15
2.13812  1.409616E-15
2.13866  1.394236E-15
2.1392  1.399252E-15
2.13974  1.400316E-15
2.14027  1.455018E-15
2.14081  1.419383E-15
2.14135  1.396421E-15
2.14189  1.414030E-15
2.14242  1.394163E-15
2.14296  1.393241E-15
2.1435  1.407563E-15
2.14403  1.404332E-15
2.14457  1.386926E-15
2.14511  1.397588E-15
2.14565  1.396838E-15
2.14618  1.382779E-15
2.14672  1.407918E-15
2.14726  1.395069E-15
2.1478  1.393684E-15
2.14833  1.403630E-15
2.14887  1.397748E-15
2.14941  1.405415E-15
2.14994  1.377898E-15
2.15048  1.381341E-15
2.15102  1.366426E-15
2.15156  1.361633E-15
2.15209  1.402408E-15
2.15263  1.394026E-15
2.15317  1.395201E-15
2.1537  1.409099E-15
2.15424  1.398357E-15
2.15478  1.383190E-15
2.15532  1.404780E-15
2.15585  1.397346E-15
2.15639  1.404297E-15
2.15693  1.405059E-15
2.15746  1.372260E-15
2.158  1.374131E-15
2.15854  1.399541E-15
2.15908  1.381662E-15
2.15961  1.394027E-15
2.16015  1.364364E-15
2.16069  1.387052E-15
2.16122  1.383923E-15
2.16176  1.382315E-15
2.1623  1.396828E-15
2.16284  1.374463E-15
2.16337  1.385105E-15
2.16391  1.394163E-15
2.16445  1.382686E-15
2.16498  1.368024E-15
2.16552  1.388363E-15
2.16606  1.401947E-15
2.1666  1.404090E-15
2.16713  1.396505E-15
2.16767  1.388758E-15
2.16821  1.385357E-15
2.16874  1.394284E-15
2.16928  1.389098E-15
2.16982  1.393892E-15
2.17036  1.414159E-15
2.17089  1.395204E-15
2.17143  1.409382E-15
2.17197  1.410769E-15
2.1725  1.404222E-15
2.17304  1.406526E-15
2.17358  1.380938E-15
2.17412  1.418079E-15
2.17465  1.434747E-15
2.17519  1.450669E-15
2.17573  1.398309E-15
2.17626  1.402709E-15
2.1768  1.403158E-15
2.17734  1.418294E-15
2.17788  1.409732E-15
2.17841  1.404193E-15
2.17895  1.393474E-15
2.17949  1.413226E-15
2.18002  1.407899E-15
2.18056  1.422360E-15
2.1811  1.439340E-15
2.18163  1.400387E-15
2.18217  1.425965E-15
2.18271  1.405649E-15
2.18325  1.429464E-15
2.18378  1.421869E-15
2.18432  1.408781E-15
2.18486  1.406489E-15
2.18539  1.437822E-15
2.18593  1.421277E-15
2.18647  1.419065E-15
2.18701  1.421379E-15
2.18754  1.412021E-15
2.18808  1.427317E-15
2.18862  1.424440E-15
2.18915  1.411665E-15
2.18969  1.417728E-15
2.19023  1.415728E-15
2.19076  1.409716E-15
2.1913  1.422613E-15
2.19184  1.428949E-15
2.19238  1.415972E-15
2.19291  1.416190E-15
2.19345  1.423684E-15
2.19399  1.410889E-15
2.19452  1.422990E-15
2.19506  1.418833E-15
2.1956  1.417105E-15
2.19613  1.418441E-15
2.19667  1.420190E-15
2.19721  1.417374E-15
2.19775  1.412229E-15
2.19828  1.441101E-15
2.19882  1.419941E-15
2.19936  1.424684E-15
2.19989  1.399644E-15
2.20043  1.427688E-15
2.20097  1.412102E-15
2.2015  1.407361E-15
2.20204  1.417133E-15
2.20258  1.424889E-15
2.20312  1.426961E-15
2.20365  1.412615E-15
2.20419  1.406987E-15
2.20473  1.420084E-15
2.20526  1.413781E-15
2.2058  1.409231E-15
2.20634  1.436166E-15
2.20687  1.409596E-15
2.20741  1.436974E-15
2.20795  1.406110E-15
2.20848  1.415599E-15
2.20902  1.405376E-15
2.20956  1.410390E-15
2.2101  1.421694E-15
2.21063  1.413486E-15
2.21117  1.408382E-15
2.21171  1.411855E-15
2.21224  1.395292E-15
2.21278  1.413217E-15
2.21332  1.434517E-15
2.21385  1.413883E-15
2.21439  1.396223E-15
2.21493  1.411466E-15
2.21546  1.398109E-15
2.216  1.402408E-15
2.21654  1.419929E-15
2.21708  1.403528E-15
2.21761  1.394162E-15
2.21815  1.411572E-15
2.21869  1.393921E-15
2.21922  1.412894E-15
2.21976  1.405724E-15
2.2203  1.404974E-15
2.22083  1.395013E-15
2.22137  1.396742E-15
2.22191  1.399882E-15
2.22244  1.394769E-15
2.22298  1.424664E-15
2.22352  1.387575E-15
2.22406  1.402284E-15
2.22459  1.399116E-15
2.22513  1.394254E-15
2.22567  1.406464E-15
2.2262  1.383191E-15
2.22674  1.391289E-15
2.22728  1.416024E-15
2.22781  1.415335E-15
2.22835  1.420782E-15
2.22889  1.413331E-15
2.22942  1.399784E-15
2.22996  1.404284E-15
2.2305  1.409016E-15
2.23103  1.382378E-15
2.23157  1.415497E-15
2.23211  1.407955E-15
2.23265  1.404767E-15
2.23318  1.385667E-15
2.23372  1.401010E-15
2.23426  1.390304E-15
2.23479  1.420863E-15
2.23533  1.409613E-15
2.23587  1.409135E-15
2.2364  1.409836E-15
2.23694  1.411646E-15
2.23748  1.391207E-15
2.23801  1.397299E-15
2.23855  1.406877E-15
2.23909  1.413967E-15
2.23962  1.400843E-15
2.24016  1.427320E-15
2.2407  1.427175E-15
2.24123  1.417245E-15
2.24177  1.422995E-15
2.24231  1.422840E-15
2.24285  1.406079E-15
2.24338  1.389378E-15
2.24392  1.419421E-15
2.24446  1.419377E-15
2.24499  1.408904E-15
2.24553  1.430241E-15
2.24607  1.406809E-15
2.2466  1.409828E-15
2.24714  1.426016E-15
2.24768  1.432672E-15
2.24821  1.424809E-15
2.24875  1.434871E-15
2.24929  1.424156E-15
2.24982  1.406700E-15
2.25036  1.435745E-15
2.2509  1.407367E-15
2.25143  1.436351E-15
2.25197  1.391621E-15
2.25251  1.442096E-15
2.25304  1.440863E-15
2.25358  1.439489E-15
2.25412  1.434668E-15
2.25465  1.416074E-15
2.25519  1.430146E-15
2.25573  1.423794E-15
2.25626  1.442400E-15
2.2568  1.437781E-15
2.25734  1.440437E-15
2.25788  1.435949E-15
2.25841  1.442887E-15
2.25895  1.444464E-15
2.25949  1.430083E-15
2.26002  1.436628E-15
2.26056  1.435586E-15
2.2611  1.444115E-15
2.26163  1.427568E-15
2.26217  1.446475E-15
2.26271  1.437816E-15
2.26324  1.448371E-15
2.26378  1.437415E-15
2.26432  1.436796E-15
2.26485  1.443815E-15
2.26539  1.440838E-15
2.26593  1.445650E-15
2.26646  1.449222E-15
2.267  1.453551E-15
2.26754  1.438374E-15
2.26807  1.444082E-15
2.26861  1.448470E-15
2.26915  1.451277E-15
2.26968  1.454175E-15
2.27022  1.431885E-15
2.27076  1.457280E-15
2.27129  1.445861E-15
2.27183  1.461281E-15
2.27237  1.446800E-15
2.2729  1.440539E-15
2.27344  1.444706E-15
2.27398  1.417893E-15
2.27451  1.434956E-15
2.27505  1.437460E-15
2.27559  1.421115E-15
2.27612  1.424365E-15
2.27666  1.435594E-15
2.2772  1.440204E-15
2.27773  1.419447E-15
2.27827  1.432056E-15
2.27881  1.412538E-15
2.27934  1.419375E-15
2.27988  1.429394E-15
2.28042  1.439626E-15
2.28095  1.428329E-15
2.28149  1.426914E-15
2.28203  1.433045E-15
2.28256  1.428730E-15
2.2831  1.436584E-15
2.28364  1.432772E-15
2.28418  1.430148E-15
2.28471  1.420211E-15
2.28525  1.423995E-15
2.28579  1.424908E-15
2.28632  1.420381E-15
2.28686  1.393308E-15
2.2874  1.400789E-15
2.28793  1.418515E-15
2.28847  1.418582E-15
2.28901  1.413027E-15
2.28954  1.414625E-15
2.29008  1.393919E-15
2.29062  1.424882E-15
2.29115  1.393700E-15
2.29169  1.408968E-15
2.29223  1.425525E-15
2.29276  1.416566E-15
2.2933  1.426404E-15
2.29384  1.396491E-15
2.29437  1.416383E-15
2.29491  1.409307E-15
2.29545  1.381279E-15
2.29598  1.441615E-15
2.29652  1.427388E-15
2.29706  1.427555E-15
2.29759  1.402559E-15
2.29813  1.410120E-15
2.29867  1.373862E-15
2.2992  1.415159E-15
2.29974  1.412818E-15
2.30028  1.416219E-15
2.30081  1.407643E-15
2.30135  1.421006E-15
2.30189  1.416580E-15
2.30242  1.407188E-15
2.30296  1.396124E-15
2.3035  1.415128E-15
2.30403  1.427131E-15
2.30457  1.406165E-15
2.30511  1.416940E-15
2.30564  1.405080E-15
2.30618  1.396272E-15
2.30672  1.417966E-15
2.30725  1.410216E-15
2.30779  1.384919E-15
2.30833  1.413391E-15
2.30886  1.394773E-15
2.3094  1.411651E-15
2.30994  1.430483E-15
2.31047  1.404220E-15
2.31101  1.396671E-15
2.31154  1.426543E-15
2.31208  1.410504E-15
2.31262  1.410782E-15
2.31315  1.404362E-15
2.31369  1.415619E-15
2.31423  1.403639E-15
2.31476  1.410062E-15
2.3153  1.422759E-15
2.31584  1.411172E-15
2.31637  1.404460E-15
2.31691  1.390979E-15
2.31745  1.403626E-15
2.31798  1.413594E-15
2.31852  1.388853E-15
2.31906  1.419932E-15
2.31959  1.427019E-15
2.32013  1.412552E-15
2.32067  1.418893E-15
2.3212  1.391110E-15
2.32174  1.425433E-15
2.32228  1.426487E-15
2.32281  1.409360E-15
2.32335  1.413073E-15
2.32389  1.408366E-15
2.32442  1.428707E-15
2.32496  1.417796E-15
2.3255  1.412071E-15
2.32603  1.399437E-15
2.32657  1.417261E-15
2.32711  1.410498E-15
2.32764  1.410777E-15
2.32818  1.441734E-15
2.32872  1.404756E-15
2.32925  1.415791E-15
2.32979  1.421488E-15
2.33033  1.412903E-15
2.33086  1.415720E-15
2.3314  1.421497E-15
2.33194  1.414826E-15
2.33247  1.421459E-15
2.33301  1.426099E-15
2.33355  1.418370E-15
2.33408  1.425557E-15
2.33462  1.425946E-15
2.33516  1.412446E-15
2.33569  1.422182E-15
2.33623  1.415058E-15
2.33677  1.437946E-15
2.3373  1.426280E-15
2.33784  1.422097E-15
2.33838  1.416735E-15
2.33891  1.417950E-15
2.33945  1.406334E-15
2.33999  1.398505E-15
2.34052  1.427124E-15
2.34106  1.395124E-15
2.34159  1.410660E-15
2.34213  1.445573E-15
2.34267  1.440100E-15
2.3432  1.426632E-15
2.34374  1.452299E-15
2.34428  1.434308E-15
2.34481  1.423972E-15
2.34535  1.434794E-15
2.34589  1.423390E-15
2.34642  1.459773E-15
2.34696  1.412778E-15
2.3475  1.432906E-15
2.34803  1.430919E-15
2.34857  1.455034E-15
2.34911  1.421495E-15
2.34964  1.441884E-15
2.35018  1.436382E-15
2.35072  1.457618E-15
2.35125  1.456083E-15
2.35179  1.443058E-15
2.35233  1.468080E-15
2.35286  1.436928E-15
2.3534  1.455303E-15
2.35394  1.450535E-15
2.35447  1.439887E-15
2.35501  1.443489E-15
2.35555  1.426939E-15
2.35608  1.433511E-15
2.35662  1.463739E-15
2.35716  1.471047E-15
2.35769  1.452463E-15
2.35823  1.442218E-15
2.35877  1.461932E-15
2.3593  1.467537E-15
2.35984  1.476184E-15
2.36037  1.483169E-15
2.36091  1.478291E-15
2.36145  1.478116E-15
2.36198  1.459241E-15
2.36252  1.464242E-15
2.36306  1.470613E-15
2.36359  1.469169E-15
2.36413  1.462841E-15
2.36467  1.472011E-15
2.3652  1.472712E-15
2.36574  1.445097E-15
2.36628  1.471476E-15
2.36681  1.468905E-15
2.36735  1.481810E-15
2.36789  1.470226E-15
2.36842  1.480353E-15
2.36896  1.472374E-15
2.3695  1.479600E-15
2.37003  1.449327E-15
2.37057  1.446745E-15
2.37111  1.424437E-15
2.37164  1.445922E-15
2.37218  1.462886E-15
2.37272  1.513442E-15
2.37325  1.468890E-15
2.37379  1.474133E-15
2.37433  1.474965E-15
2.37486  1.481496E-15
2.3754  1.453993E-15
2.37594  1.467734E-15
2.37647  1.481102E-15
2.37701  1.480192E-15
2.37754  1.449034E-15
2.37808  1.460700E-15
2.37862  1.458794E-15
2.37915  1.490428E-15
2.37969  1.495016E-15
2.38023  1.473806E-15
2.38076  1.492944E-15
2.3813  1.471634E-15
2.38184  1.457241E-15
2.38237  1.478806E-15
2.38291  1.472298E-15
2.38345  1.464037E-15
2.38398  1.453692E-15
2.38452  1.469729E-15
2.38506  1.485443E-15
2.38559  1.481502E-15
2.38613  1.478327E-15
2.38667  1.461196E-15
2.3872  1.485640E-15
2.38774  1.454996E-15
2.38828  1.478433E-15
2.38881  1.474533E-15
2.38935  1.476382E-15
2.38989  1.478764E-15
2.39042  1.468762E-15
2.39096  1.434545E-15
2.39149  1.445265E-15
2.39203  1.469315E-15
2.39257  1.479864E-15
2.3931  1.492084E-15
2.39364  1.474510E-15
2.39418  1.456584E-15
2.39471  1.487954E-15
2.39525  1.461379E-15
2.39579  1.482097E-15
2.39632  1.464745E-15
2.39686  1.461933E-15
2.3974  1.471434E-15
2.39793  1.466618E-15
2.39847  1.486811E-15
2.39901  1.516509E-15
2.39954  1.474097E-15
2.40008  1.482430E-15
2.40062  1.513216E-15
2.40115  1.486763E-15
2.40169  1.473569E-15
2.40223  1.492494E-15
2.40276  1.496156E-15
2.4033  1.496474E-15
2.40384  1.488637E-15
2.40437  1.504743E-15
2.40491  1.518472E-15
2.40544  1.523633E-15
2.40598  1.498298E-15
2.40652  1.518693E-15
2.40705  1.500848E-15
2.40759  1.498066E-15
2.40813  1.530119E-15
2.40866  1.543677E-15
2.4092  1.543371E-15
2.40974  1.536299E-15
2.41027  1.561969E-15
2.41081  1.576926E-15
2.41135  1.549165E-15
2.41188  1.543795E-15
2.41242  1.577791E-15
2.41296  1.599714E-15
2.41349  1.577853E-15
2.41403  1.591572E-15
2.41457  1.578872E-15
2.4151  1.592400E-15
2.41564  1.590664E-15
2.41618  1.629401E-15
2.41671  1.659791E-15
2.41725  1.685681E-15
2.41778  1.641067E-15
2.41832  1.665387E-15
2.41886  1.639127E-15
2.41939  1.667563E-15
2.41993  1.741294E-15
2.42047  1.787640E-15
2.421  1.790354E-15
2.42154  1.829472E-15
2.42208  1.841729E-15
2.42261  1.835302E-15
2.42315  1.821022E-15
