0.809826  4.948815E-15
0.810029  4.752366E-15
0.810231  4.864837E-15
0.810433  5.023224E-15
0.810635  4.773472E-15
0.810837  4.743275E-15
0.811039  4.930864E-15
0.811242  4.811997E-15
0.811444  5.028026E-15
0.811646  5.179956E-15
0.811848  5.020101E-15
0.81205  4.667640E-15
0.812252  4.863456E-15
0.812454  4.851911E-15
0.812656  4.636586E-15
0.812859  5.066639E-15
0.813061  4.864970E-15
0.813182  4.841176E-15
0.813416  4.948522E-15
0.813649  4.879832E-15
0.813882  4.787302E-15
0.814116  4.846292E-15
0.814349  4.805144E-15
0.814582  4.918423E-15
0.814816  4.820278E-15
0.815049  4.911337E-15
0.815283  4.858936E-15
0.815516  4.933078E-15
0.815749  4.779076E-15
0.815983  4.917396E-15
0.816216  4.904228E-15
0.816449  4.715816E-15
0.816683  4.761350E-15
0.816916  4.719957E-15
0.817149  4.941828E-15
0.817382  4.981597E-15
0.817616  4.924231E-15
0.817849  4.803462E-15
0.818082  4.729669E-15
0.818315  5.055388E-15
0.818549  4.866729E-15
0.818782  5.120502E-15
0.819015  5.095710E-15
0.819248  4.872246E-15
0.819482  5.048362E-15
0.819715  5.012918E-15
0.819948  4.915408E-15
0.820181  4.959900E-15
0.820414  4.965563E-15
0.820647  4.961799E-15
0.820881  4.866311E-15
0.821114  4.767009E-15
0.821347  4.842284E-15
0.82158  5.029608E-15
0.821813  4.991729E-15
0.822046  4.923620E-15
0.82228  4.688241E-15
0.822513  4.844596E-15
0.822746  4.874391E-15
0.822979  4.848696E-15
0.823212  4.972192E-15
0.823445  4.882561E-15
0.823678  4.889461E-15
0.823911  4.756251E-15
0.824144  4.840909E-15
0.824377  4.755882E-15
0.82461  4.692707E-15
0.824843  4.734260E-15
0.825076  4.661126E-15
0.825309  4.806977E-15
0.825542  4.856743E-15
0.825775  4.842703E-15
0.826008  4.835609E-15
0.826241  4.714228E-15
0.826474  4.837076E-15
0.826707  5.023041E-15
0.82694  4.786105E-15
0.827173  4.983950E-15
0.827406  4.949882E-15
0.827639  5.059446E-15
0.827872  4.965297E-15
0.828105  4.902019E-15
0.828338  4.967176E-15
0.828571  4.979002E-15
0.828804  4.862108E-15
0.829037  4.890588E-15
0.82927  4.957694E-15
0.829503  5.046758E-15
0.829735  5.057198E-15
0.829968  5.075757E-15
0.830201  5.084193E-15
0.830434  5.256410E-15
0.830667  4.970448E-15
0.8309  5.023941E-15
0.831133  5.296087E-15
0.831365  5.167322E-15
0.831598  5.309525E-15
0.831831  5.365273E-15
0.832064  5.371514E-15
0.832297  5.328276E-15
0.832529  5.216803E-15
0.832762  5.240750E-15
0.832995  5.247183E-15
0.833228  5.068506E-15
0.833461  5.077881E-15
0.833693  4.973149E-15
0.833926  4.795480E-15
0.834159  5.035088E-15
0.834392  4.822378E-15
0.834624  4.873638E-15
0.834857  4.888175E-15
0.83509  4.909197E-15
0.835322  4.864539E-15
0.835555  4.984475E-15
0.835788  4.791853E-15
0.836021  4.942732E-15
0.836253  4.809226E-15
0.836486  4.837237E-15
0.836719  4.919575E-15
0.836951  4.880894E-15
0.837184  4.959884E-15
0.837417  4.985670E-15
0.837649  4.984254E-15
0.837882  4.811973E-15
0.838115  4.942494E-15
0.838347  4.699446E-15
0.83858  4.888846E-15
0.838812  4.864534E-15
0.839045  4.928142E-15
0.839278  4.861172E-15
0.83951  4.972989E-15
0.839743  4.834834E-15
0.839975  4.766838E-15
0.840208  4.840175E-15
0.840441  4.792410E-15
0.840673  4.821023E-15
0.840906  4.808461E-15
0.841138  4.756784E-15
0.841371  4.815648E-15
0.841603  4.697925E-15
0.841836  4.828260E-15
0.842068  4.884617E-15
0.842301  4.793393E-15
0.842533  4.775085E-15
0.842766  4.825476E-15
0.842998  4.686789E-15
0.843231  4.581465E-15
0.843463  4.661376E-15
0.843696  4.809252E-15
0.843928  4.649550E-15
0.844161  4.834056E-15
0.844393  4.788988E-15
0.844625  4.845445E-15
0.844858  4.872572E-15
0.84509  4.686435E-15
0.845323  4.724983E-15
0.845555  4.686164E-15
0.845788  4.740958E-15
0.84602  4.816122E-15
0.846252  4.636040E-15
0.846485  4.691264E-15
0.846717  4.591591E-15
0.84695  4.555338E-15
0.847182  4.634627E-15
0.847414  4.619688E-15
0.847647  4.824252E-15
0.847879  4.697811E-15
0.848111  4.653037E-15
0.848344  4.634067E-15
0.848576  4.642184E-15
0.848808  4.730685E-15
0.849041  4.646102E-15
0.849273  4.768892E-15
0.849505  4.714504E-15
0.849738  4.804653E-15
0.84997  4.865456E-15
0.850202  4.854608E-15
0.850434  4.946410E-15
0.850667  5.021701E-15
0.850899  5.021946E-15
0.851131  5.097804E-15
0.851364  5.327094E-15
0.851596  5.324364E-15
0.851828  5.713801E-15
0.85206  5.745827E-15
0.852293  6.118720E-15
0.852525  6.514105E-15
0.852757  6.864095E-15
0.852989  7.326851E-15
0.853221  7.649277E-15
0.853454  8.028484E-15
0.853686  8.140750E-15
0.853918  8.027304E-15
0.85415  7.981717E-15
0.854382  7.564586E-15
0.854614  6.974096E-15
0.854847  6.474808E-15
0.855079  6.003452E-15
0.855311  5.971067E-15
0.855543  5.721371E-15
0.855775  5.657602E-15
0.856007  5.576300E-15
0.856239  5.573862E-15
0.856472  5.489075E-15
0.856704  5.523111E-15
0.856936  5.513915E-15
0.857168  5.551336E-15
0.8574  5.819391E-15
0.857632  5.889741E-15
0.857864  5.968590E-15
0.858096  6.156739E-15
0.858328  6.119695E-15
0.85856  6.252339E-15
0.858793  6.222205E-15
0.859025  6.245523E-15
0.859257  6.152410E-15
0.859489  5.998081E-15
0.859721  5.860715E-15
0.859953  5.644720E-15
0.860185  5.587958E-15
0.860417  5.434028E-15
0.860649  5.408574E-15
0.860881  5.566550E-15
0.861113  5.495856E-15
0.861345  5.332201E-15
0.861577  5.361095E-15
0.861809  5.575069E-15
0.862041  5.619643E-15
0.862273  5.862122E-15
0.862505  5.636463E-15
0.862737  5.789842E-15
0.862969  5.784496E-15
0.863201  5.811750E-15
0.863433  5.760738E-15
0.863664  5.807002E-15
0.863896  5.622908E-15
0.864128  5.612472E-15
0.86436  5.558441E-15
0.864592  5.425558E-15
0.864824  5.056990E-15
0.865056  5.208573E-15
0.865288  4.909828E-15
0.86552  5.043842E-15
0.865752  4.974429E-15
0.865983  4.947071E-15
0.866215  4.840191E-15
0.866447  4.784713E-15
0.866679  4.692535E-15
0.866911  4.612837E-15
0.867143  4.654055E-15
0.867375  4.722462E-15
0.867607  4.658371E-15
0.867838  4.706135E-15
0.86807  4.683564E-15
0.868302  4.769423E-15
0.868534  4.698695E-15
0.868766  4.794750E-15
0.868997  4.835647E-15
0.869229  4.640074E-15
0.869461  4.662187E-15
0.869693  4.663100E-15
0.869925  4.690354E-15
0.870156  4.622929E-15
0.870388  4.750500E-15
0.87062  4.617005E-15
0.870852  4.624041E-15
0.871083  4.489551E-15
0.871315  4.569138E-15
0.871547  4.521533E-15
0.871779  4.510259E-15
0.87201  4.511607E-15
0.872242  4.558065E-15
0.872474  4.698027E-15
0.872706  4.647770E-15
0.872937  4.747838E-15
0.873169  4.919721E-15
0.873401  5.025966E-15
0.873632  4.834509E-15
0.873864  5.140734E-15
0.874096  5.316927E-15
0.874328  5.307844E-15
0.874559  5.299210E-15
0.874791  5.417207E-15
0.875023  5.517296E-15
0.875254  5.626935E-15
0.875486  5.566242E-15
0.875718  5.549505E-15
0.875949  5.633820E-15
0.876181  5.490662E-15
0.876412  5.423591E-15
0.876644  5.256144E-15
0.876876  5.198663E-15
0.877107  5.130927E-15
0.877339  4.977356E-15
0.877571  4.884703E-15
0.877802  4.871375E-15
0.878034  4.658519E-15
0.878265  4.536405E-15
0.878497  4.463481E-15
0.878729  4.410163E-15
0.87896  4.431047E-15
0.879192  4.392612E-15
0.879423  4.428667E-15
0.879655  4.286745E-15
0.879886  4.457161E-15
0.880118  4.175212E-15
0.880349  4.264503E-15
0.880581  4.250449E-15
0.880813  4.292170E-15
0.881044  4.204464E-15
0.881276  4.243619E-15
0.881507  4.283588E-15
0.881739  4.278889E-15
0.88197  4.305641E-15
0.882202  4.398755E-15
0.882433  4.467188E-15
0.882665  4.433570E-15
0.882896  4.306465E-15
0.883128  4.566262E-15
0.883359  4.489752E-15
0.883591  4.531130E-15
0.883822  4.611761E-15
0.884054  4.727039E-15
0.884285  4.724130E-15
0.884517  4.643142E-15
0.884748  4.558667E-15
0.884979  4.636753E-15
0.885211  4.412917E-15
0.885442  4.406069E-15
0.885674  4.356303E-15
0.885905  4.380918E-15
0.886137  4.409662E-15
0.886368  4.222056E-15
0.886599  4.135985E-15
0.886831  4.198577E-15
0.887062  4.263899E-15
0.887294  4.297546E-15
0.887525  4.125748E-15
0.887756  4.237004E-15
0.887988  4.201806E-15
0.888219  4.307305E-15
0.888451  3.968994E-15
0.888682  4.120994E-15
0.888913  4.088797E-15
0.889145  4.212227E-15
0.889376  4.114356E-15
0.889607  4.093409E-15
0.889839  4.111705E-15
0.89007  4.109163E-15
0.890301  4.087383E-15
0.890533  4.205526E-15
0.890764  3.976684E-15
0.890995  4.134885E-15
0.891227  4.232997E-15
0.891458  4.198163E-15
0.891689  4.196720E-15
0.891921  4.092405E-15
0.892152  4.186598E-15
0.892383  4.223226E-15
0.892615  4.128873E-15
0.892846  4.169256E-15
0.893077  4.012935E-15
0.893308  4.237779E-15
0.89354  4.155215E-15
0.893771  4.273508E-15
0.894002  4.146791E-15
0.894234  4.282278E-15
0.894465  4.345432E-15
0.894696  4.382816E-15
0.894927  4.400568E-15
0.895159  4.578224E-15
0.89539  4.593013E-15
0.895621  4.663398E-15
0.895852  4.510206E-15
0.896084  4.555895E-15
0.896315  4.320271E-15
0.896546  4.313978E-15
0.896777  4.352675E-15
0.897008  4.321856E-15
0.89724  4.186299E-15
0.897471  4.187983E-15
0.897702  4.135681E-15
0.897933  4.223816E-15
0.898164  4.152996E-15
0.898396  4.169645E-15
0.898627  4.118177E-15
0.898858  4.112241E-15
0.899089  4.146478E-15
0.89932  3.984136E-15
0.899551  4.158680E-15
0.899783  4.110853E-15
0.900014  4.073110E-15
0.900245  4.157548E-15
0.900476  4.297048E-15
0.900707  4.076178E-15
0.900938  4.070738E-15
0.901169  4.209806E-15
0.901401  3.987244E-15
0.901632  4.033064E-15
0.901863  4.186884E-15
0.902094  4.145854E-15
0.902325  4.022090E-15
0.902556  4.226805E-15
0.902787  4.073677E-15
0.903018  4.048189E-15
0.90325  4.087081E-15
0.903481  4.017845E-15
0.903712  4.071774E-15
0.903943  4.203252E-15
0.904174  4.013944E-15
0.904405  4.007008E-15
0.904636  3.892562E-15
0.904867  3.972062E-15
0.905098  3.901353E-15
0.905329  4.024290E-15
0.90556  3.963969E-15
0.905791  3.930453E-15
0.906022  4.068434E-15
0.906253  4.012589E-15
0.906484  3.907901E-15
0.906716  3.990922E-15
0.906947  3.992975E-15
0.907178  3.980368E-15
0.907409  3.991886E-15
0.90764  3.978258E-15
0.907871  3.972125E-15
0.908102  3.949761E-15
0.908333  3.989478E-15
0.908564  3.887625E-15
0.908795  3.688693E-15
0.909026  3.971205E-15
0.909257  4.257866E-15
0.909488  4.152815E-15
0.909719  4.225945E-15
0.90995  4.565158E-15
0.910181  4.446148E-15
0.910412  4.462085E-15
0.910643  4.482007E-15
0.910874  4.674810E-15
0.911105  4.684250E-15
0.911336  4.658321E-15
0.911566  4.420553E-15
0.911797  4.419397E-15
0.912028  4.459572E-15
0.912259  4.293796E-15
0.91249  4.303289E-15
0.912721  4.331139E-15
0.912952  4.159814E-15
0.913183  4.005766E-15
0.913414  4.093238E-15
0.913645  4.305814E-15
0.913876  4.383600E-15
0.914107  4.327301E-15
0.914338  4.319438E-15
0.914569  4.276190E-15
0.9148  4.399717E-15
0.91503  4.473684E-15
0.915261  4.617883E-15
0.915492  4.745115E-15
0.915723  5.431277E-15
0.915954  5.769570E-15
0.916185  6.448259E-15
0.916416  7.095153E-15
0.916647  7.178337E-15
0.916878  6.967371E-15
0.917108  6.190623E-15
0.917339  5.298610E-15
0.91757  4.789261E-15
0.917801  4.438727E-15
0.918032  4.437754E-15
0.918263  4.245586E-15
0.918494  4.079198E-15
0.918724  4.141636E-15
0.918955  4.106320E-15
0.919186  4.130471E-15
0.919417  4.165481E-15
0.919648  4.079607E-15
0.919879  4.013289E-15
0.920109  3.974473E-15
0.92034  4.012247E-15
0.920571  4.248126E-15
0.920802  4.061084E-15
0.921033  4.098916E-15
0.921264  4.113290E-15
0.921494  4.214423E-15
0.921725  4.138952E-15
0.921956  4.322347E-15
0.922187  4.272247E-15
0.922418  4.258125E-15
0.922648  4.302761E-15
0.922879  4.206641E-15
0.92311  4.211019E-15
0.923341  4.150763E-15
0.923571  3.998169E-15
0.923802  4.316562E-15
0.924033  4.016539E-15
0.924264  4.154224E-15
0.924495  4.108993E-15
0.924725  4.130851E-15
0.924956  4.121300E-15
0.925187  4.008696E-15
0.925418  4.024032E-15
0.925648  4.100996E-15
0.925879  4.148466E-15
0.92611  4.045869E-15
0.926341  4.325495E-15
0.926571  4.312567E-15
0.926802  4.194569E-15
0.927033  4.413310E-15
0.927264  4.189921E-15
0.927494  4.337344E-15
0.927725  4.354323E-15
0.927956  4.471914E-15
0.928186  4.465016E-15
0.928417  4.482107E-15
0.928648  4.194087E-15
0.928879  4.417326E-15
0.929109  4.501508E-15
0.92934  4.504805E-15
0.929571  4.750012E-15
0.929801  4.719196E-15
0.930032  4.540372E-15
0.930263  4.602657E-15
0.930493  4.717768E-15
0.930724  4.721746E-15
0.930955  4.645750E-15
0.931186  4.803664E-15
0.931416  4.777041E-15
0.931647  5.015382E-15
0.931878  5.153849E-15
0.932108  4.991528E-15
0.932339  5.024480E-15
0.93257  5.146686E-15
0.9328  5.134218E-15
0.933031  5.101291E-15
0.933262  4.936257E-15
0.933492  5.014850E-15
0.933723  4.910248E-15
0.933953  4.890186E-15
0.934184  4.508137E-15
0.934415  4.355712E-15
0.934645  4.314213E-15
0.934876  4.235476E-15
0.935107  4.166748E-15
0.935337  4.300878E-15
0.935568  4.152741E-15
0.935799  3.868646E-15
0.936029  3.952197E-15
0.93626  3.939302E-15
0.93649  3.835768E-15
0.936721  3.976823E-15
0.936952  3.780063E-15
0.937182  3.877590E-15
0.937413  3.838675E-15
0.937643  3.945090E-15
0.937874  3.807966E-15
0.938105  3.972925E-15
0.938335  3.783343E-15
0.938566  3.727181E-15
0.938796  3.719352E-15
0.939027  3.819533E-15
0.939254  3.928185E-15
0.939526  3.809379E-15
0.939798  3.796649E-15
0.940069  3.819525E-15
0.940341  3.748693E-15
0.940613  3.734584E-15
0.940884  3.631888E-15
0.941156  3.746432E-15
0.941427  3.837775E-15
0.941699  3.803211E-15
0.941971  3.786704E-15
0.942242  3.944305E-15
0.942514  3.819150E-15
0.942785  3.768013E-15
0.943057  3.843229E-15
0.943328  3.951653E-15
0.9436  3.859744E-15
0.943872  3.872185E-15
0.944143  3.809961E-15
0.944415  3.734877E-15
0.944686  3.778892E-15
0.944958  3.733204E-15
0.945229  3.703325E-15
0.945501  3.681781E-15
0.945772  3.611782E-15
0.946044  3.735066E-15
0.946315  3.700294E-15
0.946587  3.689348E-15
0.946858  3.827130E-15
0.94713  3.685418E-15
0.947401  3.708713E-15
0.947672  3.735519E-15
0.947944  3.742693E-15
0.948215  3.817603E-15
0.948487  3.808293E-15
0.948758  3.789484E-15
0.94903  3.905832E-15
0.949301  3.888429E-15
0.949572  3.822842E-15
0.949844  3.990919E-15
0.950115  3.939762E-15
0.950387  3.957313E-15
0.950658  3.900269E-15
0.950929  3.916594E-15
0.951201  3.878293E-15
0.951472  3.914208E-15
0.951743  3.965295E-15
0.952015  3.824676E-15
0.952286  3.829614E-15
0.952557  3.892331E-15
0.952829  4.054666E-15
0.9531  3.786535E-15
0.953371  3.840331E-15
0.953642  3.808906E-15
0.953914  3.771736E-15
0.954185  3.702395E-15
0.954456  3.701440E-15
0.954727  3.752907E-15
0.954999  3.797389E-15
0.95527  3.677199E-15
0.955541  3.632173E-15
0.955812  3.749525E-15
0.956084  3.807343E-15
0.956355  3.688084E-15
0.956626  3.716923E-15
0.956897  3.752893E-15
0.957168  3.736754E-15
0.95744  3.734072E-15
0.957711  3.709068E-15
0.957982  3.703695E-15
0.958253  3.803748E-15
0.958524  3.837326E-15
0.958795  3.690663E-15
0.959067  3.762001E-15
0.959338  3.796125E-15
0.959609  3.885453E-15
0.95988  3.915845E-15
0.960151  3.942522E-15
0.960422  4.043276E-15
0.960693  4.150591E-15
0.960964  4.179438E-15
0.961235  4.473602E-15
0.961507  4.788295E-15
0.961778  5.366409E-15
0.962049  6.155020E-15
0.96232  7.120383E-15
0.962591  8.475965E-15
0.962862  1.029438E-14
0.963133  1.149211E-14
0.963404  1.154988E-14
0.963675  1.051101E-14
0.963946  8.511824E-15
0.964217  6.702877E-15
0.964488  5.556158E-15
0.964759  5.339767E-15
0.96503  5.029117E-15
0.965301  4.856500E-15
0.965572  4.761102E-15
0.965843  4.669478E-15
0.966114  4.399241E-15
0.966385  4.267210E-15
0.966656  4.159858E-15
0.966927  4.129791E-15
0.967198  4.058565E-15
0.967469  3.935396E-15
0.96774  3.958540E-15
0.96801  3.915362E-15
0.968281  3.950858E-15
0.968552  3.791375E-15
0.968823  3.754125E-15
0.969094  3.791777E-15
0.969365  3.776403E-15
0.969636  3.744183E-15
0.969907  3.688750E-15
0.970178  3.700188E-15
0.970448  3.731021E-15
0.970719  3.658833E-15
0.97099  3.600585E-15
0.971261  3.690839E-15
0.971532  3.673153E-15
0.971803  3.599452E-15
0.972073  3.606776E-15
0.972344  3.621784E-15
0.972615  3.620420E-15
0.972886  3.592296E-15
0.973157  3.647785E-15
0.973427  3.624711E-15
0.973698  3.645304E-15
0.973969  3.629356E-15
0.97424  3.529664E-15
0.97451  3.558166E-15
0.974781  3.578653E-15
0.975052  3.625792E-15
0.975323  3.646724E-15
0.975593  3.620711E-15
0.975864  3.624875E-15
0.976135  3.629743E-15
0.976406  3.556449E-15
0.976676  3.620215E-15
0.976947  3.666867E-15
0.977218  3.591743E-15
0.977488  3.555532E-15
0.977759  3.616735E-15
0.97803  3.665233E-15
0.9783  3.566554E-15
0.978571  3.589892E-15
0.978842  3.511794E-15
0.979112  3.634597E-15
0.979383  3.530741E-15
0.979654  3.566273E-15
0.979924  3.621165E-15
0.980195  3.526561E-15
0.980466  3.573157E-15
0.980736  3.538851E-15
0.981007  3.603646E-15
0.981277  3.494673E-15
0.981548  3.524685E-15
0.981818  3.540290E-15
0.982089  3.552635E-15
0.98236  3.504426E-15
0.98263  3.522086E-15
0.982901  3.434908E-15
0.983171  3.488583E-15
0.983442  3.492275E-15
0.983712  3.498387E-15
0.983983  3.436351E-15
0.984254  3.567934E-15
0.984524  3.544159E-15
0.984795  3.543707E-15
0.985065  3.518979E-15
0.985336  3.582151E-15
0.985606  3.519592E-15
0.985877  3.520626E-15
0.986147  3.487971E-15
0.986418  3.493000E-15
0.986688  3.476379E-15
0.986959  3.534238E-15
0.987229  3.486970E-15
0.987499  3.503078E-15
0.98777  3.449277E-15
0.98804  3.552922E-15
0.988311  3.455975E-15
0.988581  3.459486E-15
0.988852  3.497958E-15
0.989122  3.452914E-15
0.989392  3.511382E-15
0.989663  3.569082E-15
0.989933  3.526213E-15
0.990204  3.513054E-15
0.990474  3.602523E-15
0.990744  3.582575E-15
0.991015  3.680420E-15
0.991285  3.686134E-15
0.991556  3.526219E-15
0.991826  3.649272E-15
0.992096  3.612100E-15
0.992367  3.636034E-15
0.992637  3.647416E-15
0.992907  3.666780E-15
0.993178  3.584408E-15
0.993448  3.614219E-15
0.993718  3.638258E-15
0.993989  3.560517E-15
0.994259  3.591772E-15
0.994529  3.571978E-15
0.9948  3.625549E-15
0.99507  3.648241E-15
0.99534  3.679537E-15
0.99561  3.671613E-15
0.995881  3.743778E-15
0.996151  3.645416E-15
0.996421  3.624843E-15
0.996692  3.554558E-15
0.996962  3.598939E-15
0.997232  3.541443E-15
0.997502  3.482149E-15
0.997773  3.524854E-15
0.998043  3.664250E-15
0.998313  3.620106E-15
0.998583  3.658672E-15
0.998853  3.626187E-15
0.999124  3.726456E-15
0.999394  3.742870E-15
0.999664  3.776391E-15
0.999934  3.778141E-15
1.0002  3.741546E-15
1.00047  3.863236E-15
1.00074  3.898086E-15
1.00101  3.992515E-15
1.00129  4.002258E-15
1.00156  4.074701E-15
1.00183  4.067405E-15
1.0021  3.971411E-15
1.00237  3.855157E-15
1.00264  3.762565E-15
1.00291  3.733792E-15
1.00318  3.687126E-15
1.00345  3.611217E-15
1.00372  3.646081E-15
1.00399  3.638583E-15
1.00426  3.597302E-15
1.00453  3.687092E-15
1.0048  3.716310E-15
1.00507  3.654222E-15
1.00534  3.726943E-15
1.00561  3.712764E-15
1.00588  3.633011E-15
1.00615  3.687870E-15
1.00642  3.738028E-15
1.00669  3.770545E-15
1.00696  3.751938E-15
1.00723  3.749466E-15
1.0075  3.793218E-15
1.00777  3.826127E-15
1.00804  3.867042E-15
1.00831  3.862319E-15
1.00858  4.031361E-15
1.00885  4.123113E-15
1.00912  4.082637E-15
1.00939  4.221080E-15
1.00966  4.338576E-15
1.00993  4.386008E-15
1.0102  4.464057E-15
1.01047  4.403315E-15
1.01074  4.444600E-15
1.01101  4.432541E-15
1.01128  4.358972E-15
1.01155  4.311928E-15
1.01182  4.245218E-15
1.01209  4.146863E-15
1.01236  4.210048E-15
1.01263  4.221589E-15
1.0129  4.208909E-15
1.01317  4.240473E-15
1.01344  4.268420E-15
1.01371  4.353893E-15
1.01398  4.519876E-15
1.01425  4.610277E-15
1.01452  4.785703E-15
1.01479  5.017495E-15
1.01506  5.112400E-15
1.01533  5.264074E-15
1.0156  5.298554E-15
1.01587  5.247282E-15
1.01614  5.153952E-15
1.01641  4.991591E-15
1.01668  4.772006E-15
1.01695  4.500079E-15
1.01722  4.328396E-15
1.01749  4.171377E-15
1.01775  4.190054E-15
1.01802  3.985745E-15
1.01829  3.946518E-15
1.01856  3.907185E-15
1.01883  3.858203E-15
1.0191  3.867257E-15
1.01937  3.771592E-15
1.01964  3.872989E-15
1.01991  3.859323E-15
1.02018  3.814552E-15
1.02045  3.878129E-15
1.02072  3.830956E-15
1.02099  3.878207E-15
1.02126  3.923692E-15
1.02153  3.978315E-15
1.0218  4.072343E-15
1.02207  4.100694E-15
1.02234  4.088442E-15
1.02261  4.130578E-15
1.02288  4.248726E-15
1.02315  4.276702E-15
1.02342  4.211426E-15
1.02369  3.996424E-15
1.02396  3.975821E-15
1.02423  3.847504E-15
1.0245  3.717436E-15
1.02477  3.644333E-15
1.02504  3.639973E-15
1.02531  3.571231E-15
1.02558  3.609206E-15
1.02585  3.611822E-15
1.02612  3.532439E-15
1.02639  3.551226E-15
1.02666  3.614695E-15
1.02693  3.637855E-15
1.0272  3.591970E-15
1.02747  3.650175E-15
1.02774  3.675472E-15
1.02801  3.699231E-15
1.02828  3.708686E-15
1.02854  3.598387E-15
1.02881  3.670718E-15
1.02908  3.561417E-15
1.02935  3.571509E-15
1.02962  3.528535E-15
1.02989  3.458422E-15
1.03016  3.493179E-15
1.03043  3.558480E-15
1.0307  3.489791E-15
1.03097  3.457737E-15
1.03124  3.505345E-15
1.03151  3.527778E-15
1.03178  3.435169E-15
1.03205  3.453789E-15
1.03232  3.467928E-15
1.03259  3.419097E-15
1.03286  3.354919E-15
1.03313  3.498620E-15
1.0334  3.445198E-15
1.03367  3.474008E-15
1.03394  3.334191E-15
1.03421  3.403830E-15
1.03448  3.497012E-15
1.03475  3.438812E-15
1.03501  3.475269E-15
1.03528  3.433205E-15
1.03555  3.462763E-15
1.03582  3.391761E-15
1.03609  3.404933E-15
1.03636  3.426905E-15
1.03663  3.415553E-15
1.0369  3.418619E-15
1.03717  3.435605E-15
1.03744  3.420562E-15
1.03771  3.421489E-15
1.03798  3.418088E-15
1.03825  3.405496E-15
1.03852  3.367260E-15
1.03879  3.441615E-15
1.03906  3.474177E-15
1.03933  3.517306E-15
1.0396  3.531889E-15
1.03987  3.605981E-15
1.04014  3.525377E-15
1.0404  3.465153E-15
1.04067  3.510641E-15
1.04094  3.475928E-15
1.04121  3.432334E-15
1.04148  3.429192E-15
1.04175  3.491626E-15
1.04202  3.548033E-15
1.04229  3.515953E-15
1.04256  3.594170E-15
1.04283  3.626737E-15
1.0431  3.586209E-15
1.04337  3.594630E-15
1.04364  3.553149E-15
1.04391  3.544754E-15
1.04418  3.493760E-15
1.04445  3.560686E-15
1.04472  3.494487E-15
1.04498  3.488769E-15
1.04525  3.441928E-15
1.04552  3.422416E-15
1.04579  3.399862E-15
1.04606  3.431105E-15
1.04633  3.427656E-15
1.0466  3.394144E-15
1.04687  3.426749E-15
1.04714  3.391671E-15
1.04741  3.462761E-15
1.04768  3.489959E-15
1.04795  3.463752E-15
1.04822  3.457665E-15
1.04849  3.344535E-15
1.04876  3.390286E-15
1.04903  3.430031E-15
1.04929  3.354146E-15
1.04956  3.356530E-15
1.04983  3.454763E-15
1.0501  3.317836E-15
1.05037  3.411644E-15
1.05064  3.439440E-15
1.05091  3.373788E-15
1.05118  3.410351E-15
1.05145  3.475206E-15
1.05172  3.419133E-15
1.05199  3.423131E-15
1.05226  3.376408E-15
1.05253  3.450840E-15
1.0528  3.390602E-15
1.05306  3.372154E-15
1.05333  3.399448E-15
1.0536  3.370536E-15
1.05387  3.415000E-15
1.05414  3.402507E-15
1.05441  3.412312E-15
1.05468  3.359104E-15
1.05495  3.392812E-15
1.05522  3.358491E-15
1.05549  3.361454E-15
1.05576  3.297926E-15
1.05603  3.412151E-15
1.0563  3.361580E-15
1.05656  3.323763E-15
1.05683  3.427801E-15
1.0571  3.355221E-15
1.05737  3.348981E-15
1.05764  3.437364E-15
1.05791  3.436250E-15
1.05818  3.451716E-15
1.05845  3.494738E-15
1.05872  3.534518E-15
1.05899  3.504869E-15
1.05926  3.572469E-15
1.05953  3.601394E-15
1.0598  3.609915E-15
1.06006  3.775120E-15
1.06033  3.815282E-15
1.0606  3.789601E-15
1.06087  3.852276E-15
1.06114  3.867120E-15
1.06141  3.872065E-15
1.06168  3.827092E-15
1.06195  3.875871E-15
1.06222  3.835713E-15
1.06249  3.723440E-15
1.06276  3.707504E-15
1.06302  3.741025E-15
1.06329  3.590078E-15
1.06356  3.651353E-15
1.06383  3.615517E-15
1.0641  3.520076E-15
1.06437  3.578970E-15
1.06464  3.480865E-15
1.06491  3.464688E-15
1.06518  3.464159E-15
1.06545  3.376228E-15
1.06572  3.461740E-15
1.06599  3.429806E-15
1.06625  3.364333E-15
1.06652  3.278713E-15
1.06679  3.442393E-15
1.06706  3.342723E-15
1.06733  3.247858E-15
1.0676  3.333202E-15
1.06787  3.295837E-15
1.06814  3.248291E-15
1.06841  3.312545E-15
1.06868  3.346305E-15
1.06894  3.278258E-15
1.06921  3.269291E-15
1.06948  3.272144E-15
1.06975  3.207486E-15
1.07002  3.251938E-15
1.07029  3.160138E-15
1.07056  3.190381E-15
1.07083  3.197695E-15
1.0711  3.281735E-15
1.07137  3.279379E-15
1.07164  3.250950E-15
1.0719  3.244546E-15
1.07217  3.313812E-15
1.07244  3.244484E-15
1.07271  3.279325E-15
1.07298  3.250872E-15
1.07325  3.336078E-15
1.07352  3.298286E-15
1.07379  3.290402E-15
1.07406  3.255612E-15
1.07433  3.253892E-15
1.07459  3.255525E-15
1.07486  3.253289E-15
1.07513  3.315614E-15
1.0754  3.289432E-15
1.07567  3.278691E-15
1.07594  3.317549E-15
1.07621  3.263896E-15
1.07648  3.315394E-15
1.07675  3.318429E-15
1.07702  3.249048E-15
1.07728  3.356960E-15
1.07755  3.244296E-15
1.07782  3.266214E-15
1.07809  3.204607E-15
1.07836  3.356972E-15
1.07863  3.334317E-15
1.0789  3.405039E-15
1.07917  3.419155E-15
1.07944  3.375942E-15
1.0797  3.498280E-15
1.07997  3.506465E-15
1.08024  3.372195E-15
1.08051  3.465911E-15
1.08078  3.500278E-15
1.08105  3.529812E-15
1.08132  3.553448E-15
1.08159  3.517864E-15
1.08186  3.552464E-15
1.08212  3.551715E-15
1.08239  3.569828E-15
1.08266  3.620504E-15
1.08293  3.590218E-15
1.0832  3.677806E-15
1.08347  3.598012E-15
1.08374  3.642794E-15
1.08401  3.575944E-15
1.08428  3.563686E-15
1.08455  3.579043E-15
1.08481  3.512342E-15
1.08508  3.623760E-15
1.08535  3.536636E-15
1.08562  3.508164E-15
1.08589  3.541570E-15
1.08616  3.450209E-15
1.08643  3.477558E-15
1.0867  3.496355E-15
1.08696  3.429560E-15
1.08723  3.547250E-15
1.0875  3.555177E-15
1.08777  3.490735E-15
1.08804  3.564860E-15
1.08831  3.574985E-15
1.08858  3.644312E-15
1.08885  3.654828E-15
1.08912  3.662780E-15
1.08938  3.657064E-15
1.08965  3.620708E-15
1.08992  3.532095E-15
1.09019  3.766207E-15
1.09046  3.817915E-15
1.09073  3.943973E-15
1.091  3.954994E-15
1.09127  4.160924E-15
1.09154  4.367216E-15
1.0918  4.653304E-15
1.09207  4.846138E-15
1.09234  5.157350E-15
1.09261  5.391160E-15
1.09288  5.894490E-15
1.09315  6.439402E-15
1.09342  7.216137E-15
1.09369  7.944668E-15
1.09395  8.737466E-15
1.09422  9.435839E-15
1.09449  9.768536E-15
1.09476  9.545070E-15
1.09503  8.970155E-15
1.0953  7.925024E-15
1.09557  6.858654E-15
1.09584  6.147336E-15
1.0961  5.764848E-15
1.09637  5.418920E-15
1.09664  5.123319E-15
1.09691  5.116010E-15
1.09718  4.817944E-15
1.09745  4.748814E-15
1.09772  4.650207E-15
1.09799  4.497260E-15
1.09825  4.392374E-15
1.09852  4.234414E-15
1.09879  4.224559E-15
1.09906  4.152589E-15
1.09933  4.099113E-15
1.0996  3.988874E-15
1.09987  3.950499E-15
1.10014  3.937647E-15
1.1004  3.847371E-15
1.10067  3.797172E-15
1.10094  3.876049E-15
1.10121  3.891681E-15
1.10148  3.803383E-15
1.10175  3.869115E-15
1.10202  3.991191E-15
1.10229  4.046898E-15
1.10255  4.050893E-15
1.10282  4.145387E-15
1.10309  4.220360E-15
1.10336  4.312769E-15
1.10363  4.496760E-15
1.1039  4.672119E-15
1.10417  4.934388E-15
1.10444  5.112766E-15
1.1047  5.294091E-15
1.10497  5.459271E-15
1.10524  5.715587E-15
1.10551  5.697809E-15
1.10578  5.668106E-15
1.10605  5.481126E-15
1.10632  5.111440E-15
1.10659  4.930719E-15
1.10685  4.524856E-15
1.10712  4.468404E-15
1.10739  4.109845E-15
1.10766  3.908552E-15
1.10793  3.850117E-15
1.1082  3.708680E-15
1.10847  3.629223E-15
1.10873  3.518392E-15
1.109  3.512925E-15
1.10927  3.402361E-15
1.10954  3.350061E-15
1.10981  3.389225E-15
1.11008  3.278092E-15
1.11035  3.316038E-15
1.11062  3.263988E-15
1.11088  3.329244E-15
1.11115  3.159304E-15
1.11142  3.352094E-15
1.11169  3.149968E-15
1.11196  3.178102E-15
1.11223  3.179596E-15
1.1125  3.094876E-15
1.11276  3.218096E-15
1.11303  3.165984E-15
1.1133  3.136349E-15
1.11357  3.180102E-15
1.11384  3.114336E-15
1.11411  3.127222E-15
1.11438  3.148578E-15
1.11465  3.148524E-15
1.11491  3.137716E-15
1.11518  3.089850E-15
1.11545  3.086962E-15
1.11572  3.124232E-15
1.11599  3.096227E-15
1.11626  3.002169E-15
1.11653  3.136103E-15
1.11679  3.062493E-15
1.11706  3.084122E-15
1.11733  3.064571E-15
1.1176  3.079717E-15
1.11787  3.106705E-15
1.11814  3.081756E-15
1.11841  3.154103E-15
1.11867  3.113284E-15
1.11894  3.153811E-15
1.11921  3.067600E-15
1.11948  3.154005E-15
1.11975  3.186210E-15
1.12002  3.100328E-15
1.12029  3.226723E-15
1.12055  3.085439E-15
1.12082  3.132494E-15
1.12109  3.212564E-15
1.12136  3.213858E-15
1.12163  3.123933E-15
1.1219  3.204541E-15
1.12217  3.230285E-15
1.12243  3.300353E-15
1.1227  3.268510E-15
1.12297  3.310485E-15
1.12324  3.315147E-15
1.12351  3.426980E-15
1.12378  3.387371E-15
1.12405  3.494146E-15
1.12431  3.467965E-15
1.12458  3.448949E-15
1.12485  3.322561E-15
1.12512  3.392419E-15
1.12539  3.309198E-15
1.12566  3.370382E-15
1.12593  3.331385E-15
1.12619  3.260410E-15
1.12646  3.150610E-15
1.12673  3.190115E-15
1.127  3.147724E-15
1.12727  3.124365E-15
1.12754  3.044741E-15
1.12781  3.100078E-15
1.1279  3.213086E-15
1.12822  3.214654E-15
1.12855  3.199219E-15
1.12887  3.224002E-15
1.1292  3.220213E-15
1.12952  3.176347E-15
1.12985  3.211844E-15
1.13017  3.173506E-15
1.1305  3.156925E-15
1.13083  3.160612E-15
1.13115  3.123228E-15
1.13148  3.139947E-15
1.1318  3.089964E-15
1.13213  3.128259E-15
1.13245  3.171034E-15
1.13278  3.199669E-15
1.1331  3.148801E-15
1.13343  3.153609E-15
1.13375  3.148352E-15
1.13408  3.145232E-15
1.1344  3.161859E-15
1.13473  3.161253E-15
1.13505  3.237210E-15
1.13538  3.264537E-15
1.1357  3.221097E-15
1.13603  3.192947E-15
1.13635  3.152221E-15
1.13668  3.217244E-15
1.137  3.186711E-15
1.13733  3.244611E-15
1.13766  3.333228E-15
1.13798  3.398896E-15
1.13831  3.532290E-15
1.13863  3.716803E-15
1.13896  3.827033E-15
1.13928  4.029850E-15
1.13961  4.196195E-15
1.13993  4.418840E-15
1.14026  4.563481E-15
1.14058  4.636688E-15
1.14091  4.646170E-15
1.14123  4.610463E-15
1.14156  4.365594E-15
1.14188  4.140613E-15
1.14221  3.942636E-15
1.14253  3.738596E-15
1.14286  3.657814E-15
1.14318  3.539775E-15
1.14351  3.492248E-15
1.14383  3.407687E-15
1.14416  3.304743E-15
1.14448  3.282152E-15
1.14481  3.322715E-15
1.14513  3.262977E-15
1.14546  3.239662E-15
1.14578  3.202907E-15
1.14611  3.160646E-15
1.14643  3.176287E-15
1.14676  3.170592E-15
1.14708  3.205746E-15
1.14741  3.173731E-15
1.14773  3.208067E-15
1.14806  3.133047E-15
1.14838  3.190623E-15
1.14871  3.125599E-15
1.14903  3.139048E-15
1.14936  3.090562E-15
1.14968  3.124422E-15
1.15001  3.081482E-15
1.15033  3.133399E-15
1.15066  3.075657E-15
1.15098  3.080921E-15
1.15131  3.091217E-15
1.15163  3.111921E-15
1.15196  3.063108E-15
1.15228  3.056341E-15
1.1526  3.073610E-15
1.15293  3.071482E-15
1.15325  3.073569E-15
1.15358  3.102298E-15
1.1539  3.058389E-15
1.15423  3.060530E-15
1.15455  3.058046E-15
1.15488  3.075701E-15
1.1552  3.053132E-15
1.15553  3.068750E-15
1.15585  3.093514E-15
1.15618  3.083756E-15
1.1565  3.097136E-15
1.15683  3.117546E-15
1.15715  3.116750E-15
1.15748  3.133911E-15
1.1578  3.080609E-15
1.15813  3.112242E-15
1.15845  3.093145E-15
1.15877  3.125208E-15
1.1591  3.095297E-15
1.15942  3.125029E-15
1.15975  3.073120E-15
1.16007  3.096915E-15
1.1604  3.062760E-15
1.16072  3.052209E-15
1.16105  3.067586E-15
1.16137  3.089746E-15
1.1617  3.100543E-15
1.16202  3.045561E-15
1.16235  3.034568E-15
1.16267  3.046244E-15
1.16299  3.084144E-15
1.16332  3.019383E-15
1.16364  3.078978E-15
1.16397  3.066265E-15
1.16429  3.086355E-15
1.16462  3.069109E-15
1.16494  3.084198E-15
1.16527  3.059637E-15
1.16559  3.064962E-15
1.16592  3.066600E-15
1.16624  3.060001E-15
1.16656  3.110531E-15
1.16689  3.057571E-15
1.16721  3.079515E-15
1.16754  3.074388E-15
1.16786  3.045813E-15
1.16819  3.043949E-15
1.16851  3.083419E-15
1.16884  3.080197E-15
1.16916  3.087323E-15
1.16948  3.088651E-15
1.16981  3.095791E-15
1.17013  3.074922E-15
1.17046  3.092044E-15
1.17078  3.103119E-15
1.17111  3.120785E-15
1.17143  3.098787E-15
1.17176  3.116987E-15
1.17208  3.058672E-15
1.1724  3.096723E-15
1.17273  3.102834E-15
1.17305  3.132937E-15
1.17338  3.105797E-15
1.1737  3.135126E-15
1.17403  3.181032E-15
1.17435  3.198088E-15
1.17467  3.188377E-15
1.175  3.233085E-15
1.17532  3.187060E-15
1.17565  3.169998E-15
1.17597  3.154714E-15
1.1763  3.121796E-15
1.17662  3.104533E-15
1.17695  3.135462E-15
1.17727  3.096986E-15
1.17759  3.131645E-15
1.17792  3.120347E-15
1.17824  3.131718E-15
1.17857  3.148850E-15
1.17889  3.108491E-15
1.17921  3.128857E-15
1.17954  3.108752E-15
1.17986  3.133022E-15
1.18019  3.064753E-15
1.18051  3.124092E-15
1.18084  3.119643E-15
1.18116  3.093510E-15
1.18148  3.077832E-15
1.18181  3.054364E-15
1.18213  3.056937E-15
1.18246  3.106338E-15
1.18278  3.110378E-15
1.18311  3.122156E-15
1.18343  3.108187E-15
1.18375  3.088640E-15
1.18408  3.100599E-15
1.1844  3.087329E-15
1.18473  3.114723E-15
1.18505  3.103484E-15
1.18537  3.119700E-15
1.1857  3.101406E-15
1.18602  3.112164E-15
1.18635  3.109123E-15
1.18667  3.115687E-15
1.18699  3.152147E-15
1.18732  3.157448E-15
1.18764  3.154728E-15
1.18797  3.178888E-15
1.18829  3.148748E-15
1.18861  3.148215E-15
1.18894  3.151961E-15
1.18926  3.119986E-15
1.18959  3.096603E-15
1.18991  3.096015E-15
1.19023  3.112201E-15
1.19056  3.088096E-15
1.19088  3.072548E-15
1.19121  3.095483E-15
1.19153  3.120000E-15
1.19185  3.096821E-15
1.19218  3.107788E-15
1.1925  3.064807E-15
1.19283  3.081366E-15
1.19315  3.076707E-15
1.19347  3.098679E-15
1.1938  3.119319E-15
1.19412  3.098775E-15
1.19445  3.119992E-15
1.19477  3.114812E-15
1.19509  3.076406E-15
1.19542  3.107741E-15
1.19574  3.069925E-15
1.19607  3.077443E-15
1.19639  3.090614E-15
1.19671  3.092601E-15
1.19704  3.112970E-15
1.19736  3.155018E-15
1.19769  3.106634E-15
1.19801  3.098541E-15
1.19833  3.104123E-15
1.19866  3.130709E-15
1.19898  3.135004E-15
1.1993  3.156591E-15
1.19963  3.142291E-15
1.19995  3.149309E-15
1.20028  3.082425E-15
1.2006  3.149753E-15
1.20092  3.184970E-15
1.20125  3.229191E-15
1.20157  3.155748E-15
1.2019  3.093139E-15
1.20222  3.079940E-15
1.20254  3.105955E-15
1.20287  3.090801E-15
1.20319  3.087404E-15
1.20351  3.092668E-15
1.20384  3.103270E-15
1.20416  3.105181E-15
1.20449  3.091716E-15
1.20481  3.056798E-15
1.20513  3.043770E-15
1.20546  3.036346E-15
1.20578  3.065282E-15
1.2061  3.095084E-15
1.20643  3.070410E-15
1.20675  3.073969E-15
1.20707  3.083050E-15
1.2074  3.067725E-15
1.20772  3.057001E-15
1.20805  3.068611E-15
1.20837  3.069814E-15
1.20869  3.096239E-15
1.20902  3.099448E-15
1.20934  3.058847E-15
1.20966  3.077284E-15
1.20999  3.075447E-15
1.21031  3.036814E-15
1.21064  3.076225E-15
1.21096  3.037019E-15
1.21128  3.019477E-15
1.21161  3.067970E-15
1.21193  3.027495E-15
1.21225  3.030331E-15
1.21258  3.073973E-15
1.2129  3.017990E-15
1.21322  3.006865E-15
1.21355  3.051404E-15
1.21387  3.018261E-15
1.21419  3.024173E-15
1.21452  3.014493E-15
1.21484  3.033044E-15
1.21517  3.020965E-15
1.21549  2.997547E-15
1.21581  2.994463E-15
1.21614  2.980823E-15
1.21646  3.006339E-15
1.21678  2.992611E-15
1.21711  3.029965E-15
1.21743  3.004184E-15
1.21775  3.027618E-15
1.21808  3.007365E-15
1.2184  3.046474E-15
1.21872  2.998312E-15
1.21905  3.000346E-15
1.21937  3.026638E-15
1.21969  3.020341E-15
1.22002  3.007255E-15
1.22034  3.010969E-15
1.22067  2.981772E-15
1.22099  2.969146E-15
1.22131  2.970262E-15
1.22164  2.973273E-15
1.22196  2.972799E-15
1.22228  3.001208E-15
1.22261  2.964707E-15
1.22293  2.986635E-15
1.22325  2.959489E-15
1.22358  2.998631E-15
1.2239  2.970814E-15
1.22422  2.953603E-15
1.22455  2.984169E-15
1.22487  2.981591E-15
1.22519  2.970243E-15
1.22552  2.974179E-15
1.22584  2.958395E-15
1.22616  3.044765E-15
1.22649  2.993576E-15
1.22681  2.929908E-15
1.22713  3.021588E-15
1.22746  3.015864E-15
1.22778  3.020343E-15
1.2281  2.995260E-15
1.22843  2.993627E-15
1.22875  3.009239E-15
1.22907  2.997120E-15
1.2294  2.978746E-15
1.22972  2.978312E-15
1.23004  3.002212E-15
1.23037  3.007116E-15
1.23069  2.997081E-15
1.23101  2.940422E-15
1.23134  2.973946E-15
1.23166  2.956469E-15
1.23198  2.967016E-15
1.23231  2.973003E-15
1.23263  2.993202E-15
1.23295  3.000023E-15
1.23328  2.980058E-15
1.2336  2.970562E-15
1.23392  2.965773E-15
1.23425  2.999164E-15
1.23457  2.940202E-15
1.23489  2.971521E-15
1.23522  2.978801E-15
1.23554  2.964677E-15
1.23586  2.954324E-15
1.23619  2.974203E-15
1.23651  2.997001E-15
1.23683  2.976007E-15
1.23715  3.003588E-15
1.23748  3.008547E-15
1.2378  2.992235E-15
1.23812  2.970780E-15
1.23845  2.965164E-15
1.23877  2.951246E-15
1.23909  2.970808E-15
1.23942  2.952424E-15
1.23974  2.976203E-15
1.24006  2.952195E-15
1.24039  2.943886E-15
1.24071  2.945546E-15
1.24103  2.972436E-15
1.24136  2.935473E-15
1.24168  2.899770E-15
1.242  3.008892E-15
1.24233  2.986374E-15
1.24265  2.969941E-15
1.24297  2.935839E-15
1.24329  2.987308E-15
1.24362  2.956678E-15
1.24394  2.962398E-15
1.24426  2.936236E-15
1.24459  2.923508E-15
1.24491  2.942664E-15
1.24523  2.977958E-15
1.24556  2.952755E-15
1.24588  2.984894E-15
1.2462  2.953345E-15
1.24653  2.933260E-15
1.24685  2.936418E-15
1.24717  2.989901E-15
1.24749  2.978382E-15
1.24782  2.989450E-15
1.24814  2.933662E-15
1.24846  2.951906E-15
1.24879  2.961502E-15
1.24911  2.920168E-15
1.24943  2.920407E-15
1.24976  2.948555E-15
1.25008  2.975678E-15
1.2504  2.971417E-15
1.25072  2.965398E-15
1.25105  2.950226E-15
1.25137  2.926682E-15
1.25169  2.974038E-15
1.25202  2.949676E-15
1.25234  2.929413E-15
1.25266  2.931971E-15
1.25299  2.945721E-15
1.25331  2.973901E-15
1.25363  2.936076E-15
1.25395  2.930472E-15
1.25428  2.953228E-15
1.2546  2.958890E-15
1.25492  2.956380E-15
1.25525  2.949193E-15
1.25557  2.939458E-15
1.25589  2.937679E-15
1.25622  2.969669E-15
1.25654  2.922472E-15
1.25686  2.931645E-15
1.25718  2.950501E-15
1.25751  2.921768E-15
1.25783  2.944120E-15
1.25815  2.941233E-15
1.25848  2.955409E-15
1.2588  2.982696E-15
1.25912  2.939047E-15
1.25944  2.973050E-15
1.25977  2.996111E-15
1.26009  3.001407E-15
1.26041  2.957198E-15
1.26074  2.973979E-15
1.26106  2.980506E-15
1.26138  3.038243E-15
1.2617  3.058243E-15
1.26203  2.972054E-15
1.26235  3.004198E-15
1.26267  3.038602E-15
1.263  3.073532E-15
1.26332  3.110955E-15
1.26364  3.126530E-15
1.26396  3.131266E-15
1.26429  3.131058E-15
1.26461  3.203871E-15
1.26493  3.215753E-15
1.26526  3.305372E-15
1.26558  3.278975E-15
1.2659  3.295688E-15
1.26622  3.247608E-15
1.26655  3.163878E-15
1.26687  3.113362E-15
1.26719  3.038143E-15
1.26752  3.002324E-15
1.26784  3.051331E-15
1.26816  3.024445E-15
1.26848  3.022218E-15
1.26881  3.089749E-15
1.26913  3.151836E-15
1.26945  3.157959E-15
1.26977  3.188562E-15
1.2701  3.185282E-15
1.27042  3.219165E-15
1.27074  3.120131E-15
1.27107  3.057327E-15
1.27139  3.051981E-15
1.27171  2.970965E-15
1.27203  2.938337E-15
1.27236  2.979131E-15
1.27268  2.946032E-15
1.273  2.894971E-15
1.27332  2.901406E-15
1.27365  2.895878E-15
1.27397  2.902550E-15
1.27429  2.921843E-15
1.27462  2.884176E-15
1.27494  2.910889E-15
1.27526  2.896771E-15
1.27558  2.881168E-15
1.27591  2.911627E-15
1.27623  2.944584E-15
1.27655  2.899485E-15
1.27687  2.883067E-15
1.2772  2.881255E-15
1.27752  2.938788E-15
1.27784  2.845980E-15
1.27816  2.902676E-15
1.27849  2.945238E-15
1.27881  2.930286E-15
1.27913  2.902884E-15
1.27946  2.905017E-15
1.27978  2.905516E-15
1.2801  2.886081E-15
1.28042  2.847190E-15
1.28075  2.849410E-15
1.28107  2.886021E-15
1.28139  2.897710E-15
1.28171  2.882356E-15
1.28204  2.898586E-15
1.28236  2.899644E-15
1.28268  2.899848E-15
1.283  2.889509E-15
1.28333  2.884947E-15
1.28365  2.896654E-15
1.28397  2.863112E-15
1.28429  2.894001E-15
1.28462  2.938647E-15
1.28494  2.921047E-15
1.28526  2.938421E-15
1.28559  2.953449E-15
1.28591  2.919585E-15
1.28623  2.931712E-15
1.28655  2.979025E-15
1.28688  2.939099E-15
1.2872  2.980237E-15
1.28752  2.957568E-15
1.28784  3.007772E-15
1.28817  2.992404E-15
1.28849  3.022985E-15
1.28881  3.036226E-15
1.28913  3.074246E-15
1.28946  3.094328E-15
1.28978  3.115576E-15
1.2901  3.173357E-15
1.29042  3.245899E-15
1.29075  3.258071E-15
1.29107  3.323060E-15
1.29139  3.353150E-15
1.29171  3.461936E-15
1.29204  3.545128E-15
1.29236  3.722728E-15
1.29268  3.871501E-15
1.293  4.033879E-15
1.29333  4.280194E-15
1.29365  4.540545E-15
1.29397  4.898368E-15
1.29429  5.228665E-15
1.29462  5.586062E-15
1.29494  5.871337E-15
1.29526  6.103015E-15
1.29558  6.205253E-15
1.29591  6.078431E-15
1.29623  5.780551E-15
1.29655  5.313728E-15
1.29687  4.848709E-15
1.2972  4.460860E-15
1.29752  4.190274E-15
1.29784  3.979824E-15
1.29816  3.798407E-15
1.29849  3.639362E-15
1.29881  3.504213E-15
1.29913  3.438299E-15
1.29945  3.353335E-15
1.29978  3.277247E-15
1.3001  3.240558E-15
1.30042  3.174207E-15
1.30074  3.075835E-15
1.30106  3.115985E-15
1.30139  3.098185E-15
1.30171  3.009724E-15
1.30203  3.023537E-15
1.30235  2.962549E-15
1.30268  3.031194E-15
1.303  2.965910E-15
1.30332  2.947473E-15
1.30364  2.914900E-15
1.30397  2.916203E-15
1.30429  2.916542E-15
1.30461  2.933888E-15
1.30493  2.887936E-15
1.30526  2.889595E-15
1.30558  2.890055E-15
1.3059  2.880152E-15
1.30622  2.906487E-15
1.30655  2.889951E-15
1.30687  2.876601E-15
1.30719  2.888366E-15
1.30751  2.889393E-15
1.30784  2.883222E-15
1.30816  2.856685E-15
1.30848  2.847995E-15
1.3088  2.885938E-15
1.30912  2.877992E-15
1.30945  2.870867E-15
1.30977  2.903725E-15
1.31009  2.849691E-15
1.31041  2.846023E-15
1.31074  2.850199E-15
1.31106  2.824719E-15
1.31138  2.862409E-15
1.3117  2.857702E-15
1.31203  2.860756E-15
1.31235  2.818362E-15
1.31267  2.863299E-15
1.31299  2.866782E-15
1.31332  2.853011E-15
1.31364  2.866888E-15
1.31396  2.859389E-15
1.31428  2.819513E-15
1.3146  2.802664E-15
1.31493  2.804093E-15
1.31525  2.819845E-15
1.31557  2.820594E-15
1.31589  2.825305E-15
1.31622  2.849807E-15
1.31654  2.813476E-15
1.31686  2.792062E-15
1.31718  2.823652E-15
1.31751  2.799595E-15
1.31783  2.822128E-15
1.31815  2.809005E-15
1.31847  2.834046E-15
1.31879  2.787951E-15
1.31912  2.845213E-15
1.31944  2.820168E-15
1.31976  2.819858E-15
1.32008  2.854068E-15
1.32041  2.781664E-15
1.32073  2.854133E-15
1.32105  2.752496E-15
1.32137  2.783404E-15
1.32169  2.787231E-15
1.32202  2.799990E-15
1.32234  2.787847E-15
1.32266  2.773104E-15
1.32298  2.782888E-15
1.32331  2.802875E-15
1.32363  2.819567E-15
1.32395  2.803625E-15
1.32427  2.816561E-15
1.32459  2.797501E-15
1.32492  2.820659E-15
1.32524  2.810111E-15
1.32556  2.807250E-15
1.32588  2.797117E-15
1.32621  2.776965E-15
1.32653  2.751080E-15
1.32685  2.740588E-15
1.32717  2.789204E-15
1.32749  2.794040E-15
1.32782  2.825055E-15
1.32814  2.799517E-15
1.32846  2.867066E-15
1.32878  2.842363E-15
1.32911  2.830807E-15
1.32943  2.864485E-15
1.32975  2.907249E-15
1.33007  2.920236E-15
1.33039  2.940252E-15
1.33072  2.906120E-15
1.33104  2.863723E-15
1.33136  2.843759E-15
1.33168  2.898193E-15
1.33201  2.920938E-15
1.33233  2.864376E-15
1.33265  2.833782E-15
1.33297  2.854158E-15
1.33329  2.864321E-15
1.33362  2.855395E-15
1.33394  2.863712E-15
1.33426  2.865319E-15
1.33458  2.849317E-15
1.33491  2.866191E-15
1.33523  2.805354E-15
1.33555  2.827074E-15
1.33587  2.777852E-15
1.33619  2.785924E-15
1.33652  2.787308E-15
1.33684  2.801896E-15
1.33716  2.786024E-15
1.33748  2.776763E-15
1.3378  2.779867E-15
1.33813  2.805166E-15
1.33845  2.794638E-15
1.33877  2.815630E-15
1.33909  2.762989E-15
1.33942  2.769328E-15
1.33974  2.808133E-15
1.34006  2.783750E-15
1.34038  2.768289E-15
1.3407  2.778773E-15
1.34103  2.779641E-15
1.34135  2.798946E-15
1.34167  2.760329E-15
1.34199  2.757990E-15
1.34231  2.734161E-15
1.34264  2.710752E-15
1.34296  2.704205E-15
1.34328  2.718982E-15
1.3436  2.697377E-15
1.34393  2.777384E-15
1.34425  2.727296E-15
1.34457  2.746899E-15
1.34489  2.694170E-15
1.34521  2.722413E-15
1.34554  2.720132E-15
1.34586  2.690543E-15
1.34618  2.704164E-15
1.3465  2.757108E-15
1.34682  2.769281E-15
1.34715  2.691056E-15
1.34747  2.720213E-15
1.34779  2.769182E-15
1.34811  2.735573E-15
1.41106  2.682250E-15
1.41147  2.680559E-15
1.41187  2.692103E-15
1.41228  2.688918E-15
1.41268  2.701503E-15
1.41309  2.679020E-15
1.4135  2.644033E-15
1.4139  2.670087E-15
1.41431  2.658127E-15
1.41471  2.635404E-15
1.41512  2.658405E-15
1.41553  2.628456E-15
1.41593  2.644975E-15
1.41634  2.665308E-15
1.41674  2.656171E-15
1.41715  2.629981E-15
1.41756  2.652487E-15
1.41796  2.706613E-15
1.41837  2.686490E-15
1.41877  2.665240E-15
1.41918  2.704828E-15
1.41959  2.684605E-15
1.41999  2.666865E-15
1.4204  2.685507E-15
1.4208  2.674675E-15
1.42121  2.636138E-15
1.42162  2.640910E-15
1.42202  2.630998E-15
1.42243  2.628334E-15
1.42283  2.625640E-15
1.42324  2.619925E-15
1.42364  2.611948E-15
1.42405  2.647382E-15
1.42446  2.613862E-15
1.42486  2.627656E-15
1.42527  2.620069E-15
1.42567  2.616604E-15
1.42608  2.661851E-15
1.42649  2.604835E-15
1.42689  2.606629E-15
1.4273  2.592565E-15
1.4277  2.586041E-15
1.42811  2.594372E-15
1.42851  2.628667E-15
1.42892  2.630155E-15
1.42933  2.628073E-15
1.42973  2.623456E-15
1.43014  2.619793E-15
1.43054  2.621251E-15
1.43095  2.619484E-15
1.43135  2.638853E-15
1.43176  2.636761E-15
1.43217  2.630386E-15
1.43257  2.654877E-15
1.43298  2.674847E-15
1.43338  2.638588E-15
1.43379  2.579727E-15
1.43419  2.583901E-15
1.4346  2.600362E-15
1.435  2.603345E-15
1.43541  2.623265E-15
1.43582  2.610491E-15
1.43622  2.646568E-15
1.43663  2.646786E-15
1.43703  2.584672E-15
1.43744  2.608544E-15
1.43784  2.632845E-15
1.43825  2.658281E-15
1.43865  2.624615E-15
1.43906  2.660243E-15
1.43947  2.631375E-15
1.43987  2.729957E-15
1.44028  2.748172E-15
1.44068  2.757740E-15
1.44109  2.773933E-15
1.44149  2.796134E-15
1.4419  2.830468E-15
1.4423  2.830761E-15
1.44271  2.804711E-15
1.44311  2.884859E-15
1.44352  2.850130E-15
1.44393  2.884807E-15
1.44433  2.924670E-15
1.44474  2.894981E-15
1.44514  2.858929E-15
1.44555  2.842706E-15
1.44595  2.819311E-15
1.44636  2.739225E-15
1.44676  2.695047E-15
1.44717  2.673149E-15
1.44757  2.660311E-15
1.44798  2.642576E-15
1.44838  2.629189E-15
1.44879  2.635629E-15
1.44919  2.659611E-15
1.4496  2.642952E-15
1.45001  2.607354E-15
1.45041  2.620040E-15
1.45082  2.646673E-15
1.45122  2.690297E-15
1.45163  2.661336E-15
1.45203  2.633765E-15
1.45244  2.616378E-15
1.45284  2.629139E-15
1.45325  2.610387E-15
1.45365  2.623791E-15
1.45406  2.632737E-15
1.45446  2.609539E-15
1.45487  2.600434E-15
1.45527  2.618185E-15
1.45568  2.648365E-15
1.45608  2.646498E-15
1.45649  2.667206E-15
1.45689  2.631433E-15
1.4573  2.612773E-15
1.4577  2.628033E-15
1.45811  2.607870E-15
1.45851  2.601857E-15
1.45892  2.626102E-15
1.45932  2.617065E-15
1.45973  2.635305E-15
1.46013  2.624118E-15
1.46054  2.617057E-15
1.46094  2.635838E-15
1.46135  2.612065E-15
1.46176  2.605579E-15
1.46216  2.588228E-15
1.46257  2.592443E-15
1.46297  2.585069E-15
1.46338  2.603509E-15
1.46378  2.619745E-15
1.46419  2.641157E-15
1.46459  2.609783E-15
1.465  2.625645E-15
1.4654  2.665342E-15
1.46581  2.653391E-15
1.46621  2.619889E-15
1.46662  2.629901E-15
1.46702  2.608440E-15
1.46742  2.617490E-15
1.46783  2.637490E-15
1.46823  2.646871E-15
1.46864  2.650358E-15
1.46904  2.622358E-15
1.46945  2.626145E-15
1.46985  2.670006E-15
1.47026  2.620808E-15
1.47066  2.637027E-15
1.47107  2.663031E-15
1.47147  2.631622E-15
1.47188  2.644059E-15
1.47228  2.616028E-15
1.47269  2.642177E-15
1.47309  2.626644E-15
1.4735  2.632597E-15
1.4739  2.617365E-15
1.47431  2.608647E-15
1.47471  2.605153E-15
1.47512  2.569942E-15
1.47552  2.581957E-15
1.47593  2.557268E-15
1.47633  2.608868E-15
1.47674  2.584204E-15
1.47714  2.568811E-15
1.47755  2.560227E-15
1.47795  2.570565E-15
1.47836  2.572701E-15
1.47876  2.584790E-15
1.47917  2.599374E-15
1.47957  2.589179E-15
1.47997  2.578824E-15
1.48038  2.577808E-15
1.48078  2.548926E-15
1.48119  2.545024E-15
1.48159  2.566220E-15
1.482  2.578336E-15
1.4824  2.570083E-15
1.48281  2.579482E-15
1.48321  2.555216E-15
1.48362  2.581133E-15
1.48402  2.581749E-15
1.48443  2.580149E-15
1.48483  2.566380E-15
1.48524  2.587458E-15
1.48564  2.569830E-15
1.48604  2.572748E-15
1.48645  2.559059E-15
1.48685  2.588266E-15
1.48726  2.603864E-15
1.48766  2.617850E-15
1.48807  2.601689E-15
1.48847  2.655830E-15
1.48888  2.602183E-15
1.48928  2.605178E-15
1.48969  2.582522E-15
1.49009  2.610432E-15
1.49049  2.603220E-15
1.4909  2.594860E-15
1.4913  2.593049E-15
1.49171  2.609657E-15
1.49211  2.587241E-15
1.49252  2.591846E-15
1.49292  2.584546E-15
1.49333  2.572565E-15
1.49373  2.553966E-15
1.49414  2.566201E-15
1.49454  2.589361E-15
1.49494  2.596977E-15
1.49535  2.582254E-15
1.49575  2.553403E-15
1.49616  2.560902E-15
1.49656  2.568700E-15
1.49697  2.556281E-15
1.49737  2.557906E-15
1.49778  2.566329E-15
1.49818  2.576366E-15
1.49858  2.580744E-15
1.49899  2.580089E-15
1.49939  2.593142E-15
1.4998  2.568499E-15
1.5002  2.587481E-15
1.50061  2.602961E-15
1.50101  2.583034E-15
1.50141  2.588462E-15
1.50182  2.590892E-15
1.50222  2.609149E-15
1.50263  2.584493E-15
1.50303  2.571414E-15
1.50344  2.565028E-15
1.50384  2.567097E-15
1.50425  2.567850E-15
1.50465  2.582642E-15
1.50505  2.579320E-15
1.50546  2.595191E-15
1.50586  2.568279E-15
1.50627  2.535327E-15
1.50667  2.570211E-15
1.50708  2.555837E-15
1.50748  2.594174E-15
1.50788  2.591984E-15
1.50829  2.597188E-15
1.50869  2.584075E-15
1.5091  2.585192E-15
1.5095  2.589281E-15
1.5099  2.589489E-15
1.51031  2.596003E-15
1.51071  2.579655E-15
1.51112  2.571633E-15
1.51152  2.570542E-15
1.51193  2.573234E-15
1.51233  2.591365E-15
1.51273  2.594802E-15
1.51314  2.582163E-15
1.51354  2.576155E-15
1.51395  2.575848E-15
1.51435  2.587667E-15
1.51476  2.562533E-15
1.51516  2.593031E-15
1.51556  2.587037E-15
1.51597  2.580298E-15
1.51637  2.598351E-15
1.51678  2.605830E-15
1.51718  2.579921E-15
1.51758  2.585785E-15
1.51799  2.573771E-15
1.51839  2.573492E-15
1.5188  2.543917E-15
1.5192  2.547081E-15
1.5196  2.570097E-15
1.52001  2.542943E-15
1.52041  2.551349E-15
1.52082  2.537075E-15
1.52122  2.546221E-15
1.52162  2.561336E-15
1.52203  2.564415E-15
1.52243  2.575460E-15
1.52284  2.580669E-15
1.52324  2.593170E-15
1.52364  2.578175E-15
1.52405  2.592802E-15
1.52445  2.559962E-15
1.52486  2.590919E-15
1.52526  2.577419E-15
1.52566  2.569387E-15
1.52607  2.567000E-15
1.52647  2.572233E-15
1.52688  2.565804E-15
1.52728  2.551411E-15
1.52768  2.558102E-15
1.52809  2.552107E-15
1.52849  2.547347E-15
1.5289  2.563935E-15
1.5293  2.591225E-15
1.5297  2.582468E-15
1.53011  2.579764E-15
1.53051  2.569348E-15
1.53092  2.575327E-15
1.53132  2.576256E-15
1.53172  2.561553E-15
1.53213  2.543788E-15
1.53253  2.553639E-15
1.53294  2.543555E-15
1.53334  2.533532E-15
1.53374  2.529267E-15
1.53415  2.555695E-15
1.53455  2.557991E-15
1.53495  2.566621E-15
1.53536  2.584049E-15
1.53576  2.567012E-15
1.53617  2.600345E-15
1.53657  2.578295E-15
1.53697  2.564411E-15
1.53738  2.589383E-15
1.53778  2.568520E-15
1.53818  2.550922E-15
1.53859  2.561796E-15
1.53899  2.528969E-15
1.5394  2.574498E-15
1.5398  2.582179E-15
1.5402  2.570790E-15
1.54061  2.586922E-15
1.54101  2.587375E-15
1.54142  2.575564E-15
1.54182  2.614568E-15
1.54222  2.579765E-15
1.54263  2.546610E-15
1.54303  2.584145E-15
1.54343  2.549815E-15
1.54384  2.567646E-15
1.54424  2.544441E-15
1.54464  2.541171E-15
1.54505  2.547870E-15
1.54545  2.536128E-15
1.54586  2.555273E-15
1.54626  2.547200E-15
1.54666  2.569729E-15
1.54707  2.584577E-15
1.54747  2.586064E-15
1.54787  2.591786E-15
1.54828  2.571950E-15
1.54868  2.594903E-15
1.54909  2.596511E-15
1.54949  2.590767E-15
1.54989  2.581040E-15
1.5503  2.605745E-15
1.5507  2.597766E-15
1.5511  2.614867E-15
1.55151  2.575725E-15
1.55191  2.603946E-15
1.55231  2.562157E-15
1.55272  2.564142E-15
1.55312  2.567535E-15
1.55353  2.543790E-15
1.55393  2.521219E-15
1.55433  2.509245E-15
1.55474  2.521168E-15
1.55514  2.516681E-15
1.55554  2.516403E-15
1.55595  2.505574E-15
1.55635  2.534554E-15
1.55675  2.516584E-15
1.55716  2.553949E-15
1.55756  2.534302E-15
1.55796  2.547731E-15
1.55837  2.540215E-15
1.55877  2.545094E-15
1.55917  2.557126E-15
1.55958  2.541143E-15
1.55998  2.567105E-15
1.56039  2.597968E-15
1.56079  2.599443E-15
1.56119  2.594923E-15
1.5616  2.596814E-15
1.562  2.566923E-15
1.5624  2.544082E-15
1.56281  2.559698E-15
1.56321  2.532555E-15
1.56361  2.556976E-15
1.56402  2.535939E-15
1.56442  2.522090E-15
1.56482  2.518676E-15
1.56523  2.516663E-15
1.56563  2.537760E-15
1.56603  2.521366E-15
1.56644  2.533182E-15
1.56684  2.519474E-15
1.56724  2.507579E-15
1.56765  2.506372E-15
1.56805  2.518077E-15
1.56845  2.518503E-15
1.56886  2.518371E-15
1.56926  2.515401E-15
1.56966  2.481356E-15
1.57007  2.473755E-15
1.57047  2.481972E-15
1.57087  2.491060E-15
1.57128  2.473601E-15
1.57168  2.521962E-15
1.57209  2.536340E-15
1.57249  2.532522E-15
1.57289  2.538210E-15
1.5733  2.542616E-15
1.5737  2.544637E-15
1.5741  2.540198E-15
1.57451  2.531264E-15
1.57491  2.522561E-15
1.57531  2.525443E-15
1.57572  2.508740E-15
1.57612  2.527640E-15
1.57652  2.543812E-15
1.57693  2.525369E-15
1.57733  2.536371E-15
1.57773  2.521372E-15
1.57813  2.522342E-15
1.57854  2.511798E-15
1.57894  2.511468E-15
1.57934  2.512518E-15
1.57975  2.512367E-15
1.58015  2.512603E-15
1.58055  2.518412E-15
1.58096  2.512236E-15
1.58136  2.532796E-15
1.58176  2.543499E-15
1.58217  2.560708E-15
1.58257  2.517574E-15
1.58297  2.521823E-15
1.58338  2.575319E-15
1.58378  2.588300E-15
1.58418  2.571661E-15
1.58459  2.585531E-15
1.58499  2.574250E-15
1.58539  2.582698E-15
1.5858  2.559293E-15
1.5862  2.600176E-15
1.5866  2.593258E-15
1.58701  2.613448E-15
1.58741  2.605457E-15
1.58781  2.643088E-15
1.58822  2.595472E-15
1.58862  2.605599E-15
1.58902  2.596774E-15
1.58943  2.620155E-15
1.58983  2.614583E-15
1.59023  2.598420E-15
1.59063  2.597897E-15
1.59104  2.600916E-15
1.59144  2.570204E-15
1.59184  2.569028E-15
1.59225  2.553184E-15
1.59265  2.559618E-15
1.59305  2.526882E-15
1.59346  2.531022E-15
1.59386  2.482015E-15
1.59426  2.498213E-15
1.59467  2.491780E-15
1.59507  2.482269E-15
1.59547  2.489776E-15
1.59588  2.513652E-15
1.59628  2.507527E-15
1.59668  2.545767E-15
1.59708  2.551092E-15
1.59749  2.504676E-15
1.59789  2.508841E-15
1.59829  2.496412E-15
1.5987  2.490614E-15
1.5991  2.491836E-15
1.5995  2.492313E-15
1.59991  2.465572E-15
1.60031  2.501621E-15
1.60071  2.505322E-15
1.60112  2.532172E-15
1.60152  2.540902E-15
1.60192  2.545245E-15
1.60232  2.553702E-15
1.60273  2.543699E-15
1.60313  2.552494E-15
1.60353  2.563397E-15
1.60394  2.596210E-15
1.60434  2.571072E-15
1.60474  2.595081E-15
1.60515  2.577675E-15
1.60555  2.551335E-15
1.60595  2.545284E-15
1.60635  2.511951E-15
1.60676  2.509923E-15
1.60716  2.534999E-15
1.60756  2.489186E-15
1.60797  2.508580E-15
1.60837  2.525924E-15
1.60877  2.525960E-15
1.60918  2.534320E-15
1.60958  2.557192E-15
1.60998  2.523422E-15
1.61038  2.543454E-15
1.61079  2.502724E-15
1.61119  2.510072E-15
1.61159  2.518062E-15
1.612  2.556411E-15
1.6124  2.470758E-15
1.6128  2.507341E-15
1.61321  2.501082E-15
1.61361  2.515691E-15
1.61401  2.485194E-15
1.61441  2.509981E-15
1.61482  2.484821E-15
1.61522  2.477668E-15
1.61562  2.481783E-15
1.61603  2.489656E-15
1.61643  2.481771E-15
1.61683  2.525856E-15
1.61723  2.492579E-15
1.61764  2.475836E-15
1.61804  2.456115E-15
1.61844  2.467883E-15
1.61885  2.479794E-15
1.61925  2.495656E-15
1.61965  2.466509E-15
1.62005  2.463704E-15
1.62046  2.465251E-15
1.62086  2.478591E-15
1.62126  2.463816E-15
1.62167  2.469582E-15
1.62207  2.471446E-15
1.62247  2.473659E-15
1.62288  2.475689E-15
1.62328  2.498101E-15
1.62368  2.471814E-15
1.62408  2.466244E-15
1.62449  2.457985E-15
1.62489  2.479967E-15
1.62529  2.503431E-15
1.62569  2.540353E-15
1.6261  2.516171E-15
1.6265  2.538709E-15
1.6269  2.516095E-15
1.62731  2.550038E-15
1.62771  2.572470E-15
1.62811  2.565360E-15
1.62851  2.555451E-15
1.62892  2.560860E-15
1.62932  2.537937E-15
1.62972  2.532065E-15
1.63013  2.517291E-15
1.63053  2.507095E-15
1.63093  2.516070E-15
1.63133  2.508370E-15
1.63174  2.496296E-15
1.63214  2.511372E-15
1.63254  2.514110E-15
1.63295  2.464841E-15
1.63335  2.479669E-15
1.63375  2.488036E-15
1.63415  2.491315E-15
1.63456  2.467913E-15
1.63496  2.447099E-15
1.63536  2.443742E-15
1.63576  2.447864E-15
1.63617  2.473186E-15
1.63657  2.418260E-15
1.63697  2.427066E-15
1.63738  2.421125E-15
1.63778  2.423507E-15
1.63818  2.439946E-15
1.63858  2.456272E-15
1.63899  2.443932E-15
1.63939  2.460671E-15
1.63979  2.458146E-15
1.6402  2.446840E-15
1.6406  2.458190E-15
1.641  2.418614E-15
1.6414  2.435048E-15
1.64181  2.441287E-15
1.64221  2.439594E-15
1.64261  2.428273E-15
1.64301  2.456677E-15
1.64342  2.445039E-15
1.64382  2.466978E-15
1.64422  2.462221E-15
1.64462  2.463535E-15
1.64503  2.494779E-15
1.64543  2.470749E-15
1.64583  2.466262E-15
1.64624  2.458734E-15
1.64664  2.463334E-15
1.64704  2.464559E-15
1.64744  2.477795E-15
1.64785  2.470862E-15
1.64825  2.446123E-15
1.64865  2.462656E-15
1.64905  2.468635E-15
1.64946  2.457073E-15
1.64986  2.445929E-15
1.65026  2.452705E-15
1.65066  2.449411E-15
1.65107  2.478786E-15
1.65147  2.471937E-15
1.65187  2.475717E-15
1.65228  2.477532E-15
1.65268  2.486501E-15
1.65308  2.480002E-15
1.65348  2.439316E-15
1.65389  2.460803E-15
1.65429  2.493174E-15
1.65469  2.476488E-15
1.65509  2.465362E-15
1.6555  2.487303E-15
1.6559  2.500539E-15
1.6563  2.519701E-15
1.6567  2.515108E-15
1.65711  2.523285E-15
1.65751  2.519611E-15
1.65791  2.527913E-15
1.65831  2.553590E-15
1.65872  2.553620E-15
1.65912  2.559176E-15
1.65952  2.603531E-15
1.65993  2.579646E-15
1.66033  2.614253E-15
1.66073  2.608908E-15
1.66113  2.615333E-15
1.66154  2.609504E-15
1.66194  2.538764E-15
1.66234  2.515966E-15
1.66274  2.478592E-15
1.66315  2.454106E-15
1.66355  2.460514E-15
1.66395  2.433582E-15
1.66435  2.458240E-15
1.66476  2.431329E-15
1.66516  2.429219E-15
1.66556  2.424636E-15
1.66596  2.439440E-15
1.66637  2.414438E-15
1.66677  2.420008E-15
1.66717  2.421022E-15
1.66757  2.439348E-15
1.66798  2.451303E-15
1.66838  2.422841E-15
1.66878  2.454436E-15
1.66918  2.423022E-15
1.66959  2.421426E-15
1.66999  2.391818E-15
1.67039  2.432729E-15
1.67079  2.405349E-15
1.6712  2.388004E-15
1.6716  2.402208E-15
1.672  2.414073E-15
1.6724  2.435322E-15
1.67281  2.433033E-15
1.67321  2.423500E-15
1.67361  2.409326E-15
1.67401  2.462198E-15
1.67442  2.434289E-15
1.67482  2.418473E-15
1.67522  2.437445E-15
1.67562  2.446442E-15
1.67603  2.419176E-15
1.67643  2.455823E-15
1.67683  2.429948E-15
1.67724  2.433552E-15
1.67764  2.453727E-15
1.67804  2.440588E-15
1.67844  2.420833E-15
1.67885  2.398315E-15
1.67925  2.390814E-15
1.67965  2.396423E-15
1.68005  2.400277E-15
1.68046  2.394383E-15
1.68086  2.397198E-15
1.68126  2.411053E-15
1.68166  2.441367E-15
1.68207  2.423316E-15
1.68247  2.418040E-15
1.68287  2.402909E-15
1.68327  2.385837E-15
1.68367  2.399332E-15
1.68408  2.412924E-15
1.68448  2.386268E-15
1.68488  2.407749E-15
1.68528  2.398644E-15
1.68569  2.410871E-15
1.68609  2.412947E-15
1.68649  2.394797E-15
1.68689  2.391289E-15
1.6873  2.414738E-15
1.6877  2.427033E-15
1.6881  2.400521E-15
1.6885  2.395942E-15
1.68891  2.435812E-15
1.68931  2.401031E-15
1.68971  2.399612E-15
1.69011  2.393237E-15
1.69052  2.372604E-15
1.69092  2.380810E-15
1.69132  2.391516E-15
1.69172  2.401094E-15
1.69213  2.419441E-15
1.69253  2.422722E-15
1.69293  2.386816E-15
1.69333  2.427787E-15
1.69374  2.420519E-15
1.69414  2.418030E-15
1.69454  2.435047E-15
1.69494  2.455143E-15
1.69535  2.499659E-15
1.69575  2.499065E-15
1.69615  2.513767E-15
1.69655  2.535786E-15
1.69696  2.518742E-15
1.69736  2.538328E-15
1.69776  2.554800E-15
1.69816  2.540349E-15
1.69857  2.525294E-15
1.69897  2.541775E-15
1.69937  2.536238E-15
1.69977  2.532408E-15
1.70018  2.494025E-15
1.70058  2.488892E-15
1.70098  2.471672E-15
1.70138  2.480357E-15
1.70179  2.429817E-15
1.70219  2.393658E-15
1.70259  2.434367E-15
1.70299  2.441046E-15
1.70339  2.433888E-15
1.7038  2.458301E-15
1.7042  2.466728E-15
1.7046  2.494652E-15
1.705  2.469870E-15
1.70541  2.476387E-15
1.70581  2.478504E-15
1.70621  2.486940E-15
1.70661  2.466866E-15
1.70702  2.446557E-15
1.70742  2.424837E-15
1.70782  2.433207E-15
1.70822  2.418332E-15
1.70863  2.400123E-15
1.70903  2.398554E-15
1.70943  2.410356E-15
1.70983  2.414124E-15
1.71024  2.403484E-15
1.71064  2.410929E-15
1.71104  2.425502E-15
1.71144  2.427687E-15
1.71185  2.387841E-15
1.71225  2.373253E-15
1.71265  2.391134E-15
1.71305  2.403178E-15
1.71345  2.392845E-15
1.71386  2.388658E-15
1.71426  2.370320E-15
1.71466  2.387686E-15
1.71506  2.391286E-15
1.71547  2.377569E-15
1.71587  2.384254E-15
1.71627  2.412717E-15
1.71667  2.424711E-15
1.71708  2.401242E-15
1.71748  2.420161E-15
1.71788  2.403443E-15
1.71828  2.407242E-15
1.71869  2.397492E-15
1.71909  2.413425E-15
1.71949  2.394862E-15
1.71989  2.403993E-15
1.7203  2.370961E-15
1.7207  2.401583E-15
1.7211  2.373509E-15
1.7215  2.376006E-15
1.7219  2.370169E-15
1.72231  2.392350E-15
1.72271  2.392989E-15
1.72311  2.410284E-15
1.72351  2.377777E-15
1.72392  2.400878E-15
1.72432  2.347158E-15
1.72472  2.335895E-15
1.72512  2.320339E-15
1.72553  2.347309E-15
1.72593  2.323956E-15
1.72633  2.337723E-15
1.72673  2.338687E-15
1.72714  2.362716E-15
1.72754  2.380350E-15
1.72794  2.370603E-15
1.72834  2.361268E-15
1.72874  2.363276E-15
1.72915  2.343364E-15
1.72955  2.341070E-15
1.72995  2.344069E-15
1.73035  2.354394E-15
1.73076  2.350552E-15
1.73116  2.366636E-15
1.73156  2.347543E-15
1.73196  2.350775E-15
1.73237  2.359662E-15
1.73277  2.369318E-15
1.73317  2.372682E-15
1.73357  2.380436E-15
1.73398  2.371437E-15
1.73438  2.351072E-15
1.73478  2.324562E-15
1.73518  2.339285E-15
1.73558  2.298142E-15
1.73599  2.292860E-15
1.73639  2.292292E-15
1.73679  2.286169E-15
1.73719  2.282791E-15
1.7376  2.313688E-15
1.738  2.331119E-15
1.7384  2.357191E-15
1.7388  2.334803E-15
1.73921  2.320890E-15
1.73961  2.328664E-15
1.74001  2.311212E-15
1.74041  2.334581E-15
1.74082  2.318016E-15
1.74122  2.352324E-15
1.74162  2.325055E-15
1.74202  2.315503E-15
1.74242  2.346531E-15
1.74283  2.327326E-15
1.74323  2.368890E-15
1.74363  2.349899E-15
1.74403  2.330775E-15
1.74444  2.311596E-15
1.74484  2.346082E-15
1.74524  2.363134E-15
1.74564  2.373223E-15
1.74605  2.391380E-15
1.74645  2.384439E-15
1.74685  2.354885E-15
1.74725  2.382313E-15
1.74766  2.339650E-15
1.74806  2.340215E-15
1.74846  2.338472E-15
1.74886  2.370768E-15
1.74926  2.360489E-15
1.74967  2.327979E-15
1.75007  2.365055E-15
1.75047  2.377582E-15
1.75087  2.401481E-15
1.75128  2.392710E-15
1.75168  2.390033E-15
1.75208  2.419078E-15
1.75248  2.438978E-15
1.75289  2.442555E-15
1.75329  2.456774E-15
1.75369  2.463380E-15
1.75409  2.487181E-15
1.7545  2.489769E-15
1.7549  2.487278E-15
1.7553  2.491775E-15
1.7557  2.489595E-15
1.7561  2.485741E-15
1.75651  2.437079E-15
1.75691  2.421094E-15
1.75731  2.405465E-15
1.75771  2.398222E-15
1.75812  2.372624E-15
1.75852  2.372944E-15
1.75892  2.344924E-15
1.75932  2.373863E-15
1.75973  2.322227E-15
1.76013  2.310874E-15
1.76053  2.326752E-15
1.76093  2.342650E-15
1.76134  2.338170E-15
1.76174  2.359886E-15
1.76214  2.342494E-15
1.76254  2.347992E-15
1.76295  2.349952E-15
1.76335  2.341740E-15
1.76375  2.348568E-15
1.76415  2.338183E-15
1.76455  2.363330E-15
1.76496  2.320153E-15
1.76536  2.304885E-15
1.76576  2.295624E-15
1.76616  2.314197E-15
1.76657  2.289123E-15
1.76697  2.317944E-15
1.76737  2.293882E-15
1.76777  2.271229E-15
1.76818  2.275429E-15
1.76858  2.232251E-15
1.76898  2.233254E-15
1.76938  2.241999E-15
1.76979  2.246821E-15
1.77019  2.236735E-15
1.77059  2.265516E-15
1.77099  2.271911E-15
1.77139  2.228711E-15
1.7718  2.233787E-15
1.7722  2.236351E-15
1.7726  2.249745E-15
1.773  2.256295E-15
1.77341  2.255888E-15
1.77381  2.227602E-15
1.77421  2.255211E-15
1.77461  2.218093E-15
1.77502  2.230166E-15
1.77542  2.274533E-15
1.77582  2.254323E-15
1.77622  2.243557E-15
1.77663  2.253889E-15
1.77703  2.276332E-15
1.77743  2.245809E-15
1.77783  2.250784E-15
1.77824  2.259233E-15
1.77864  2.247197E-15
1.77904  2.254596E-15
1.77944  2.246268E-15
1.77984  2.244072E-15
1.78025  2.220506E-15
1.78065  2.206039E-15
1.78105  2.231961E-15
1.78145  2.203012E-15
1.78186  2.228676E-15
1.78226  2.234702E-15
1.78266  2.241447E-15
1.78306  2.267330E-15
1.78347  2.265652E-15
1.78387  2.251023E-15
1.78427  2.234082E-15
1.78467  2.223658E-15
1.78508  2.249757E-15
1.78548  2.254277E-15
1.78588  2.226754E-15
1.78628  2.224660E-15
1.78669  2.193223E-15
1.78709  2.225757E-15
1.78749  2.215580E-15
1.78789  2.240160E-15
1.7883  2.219686E-15
1.7887  2.238857E-15
1.7891  2.227154E-15
1.7895  2.230546E-15
1.7899  2.236668E-15
1.79031  2.228404E-15
1.79071  2.242076E-15
1.79111  2.233339E-15
1.79151  2.241837E-15
1.79192  2.216340E-15
1.79232  2.247609E-15
1.79272  2.248236E-15
1.79312  2.207115E-15
1.79353  2.231902E-15
1.79393  2.213210E-15
1.79433  2.196563E-15
1.79473  2.215880E-15
1.79514  2.236431E-15
1.79554  2.190148E-15
1.79594  2.218645E-15
1.79634  2.209096E-15
1.79675  2.205059E-15
1.79715  2.197324E-15
1.79755  2.220017E-15
1.79795  2.191665E-15
1.79836  2.202975E-15
1.79876  2.243971E-15
1.79916  2.270603E-15
1.79956  2.252660E-15
1.79997  2.301425E-15
1.80037  2.231819E-15
1.80077  2.224007E-15
1.80117  2.287748E-15
1.80158  2.233854E-15
1.80198  2.241451E-15
1.80238  2.237329E-15
1.80278  2.217415E-15
1.80319  2.259155E-15
1.80359  2.222281E-15
1.80399  2.239947E-15
1.80439  2.237527E-15
1.8048  2.210725E-15
1.8052  2.236373E-15
1.8056  2.300177E-15
1.806  2.284252E-15
1.80641  2.279743E-15
1.80681  2.265874E-15
1.80721  2.292807E-15
1.80761  2.242113E-15
1.80802  2.267266E-15
1.80842  2.257837E-15
1.80882  2.213507E-15
1.80922  2.260747E-15
1.80963  2.213747E-15
1.81003  2.264405E-15
1.81043  2.246943E-15
1.81083  2.289341E-15
1.81124  2.233210E-15
1.81164  2.235891E-15
1.81204  2.257473E-15
1.81244  2.246106E-15
1.81284  2.192988E-15
1.81325  2.235642E-15
1.81365  2.250922E-15
1.81405  2.270283E-15
1.81446  2.278896E-15
1.81486  2.259411E-15
1.81526  2.198681E-15
1.81566  2.273153E-15
1.81607  2.266486E-15
1.81647  2.243310E-15
1.81687  2.217951E-15
1.81727  2.257956E-15
1.81768  2.267283E-15
1.81808  2.252768E-15
1.81848  2.249106E-15
1.88238  2.451718E-15
1.88292  2.412298E-15
1.88346  2.406996E-15
1.884  2.412926E-15
1.88454  2.458758E-15
1.88508  2.484252E-15
1.88562  2.493238E-15
1.88616  2.458367E-15
1.8867  2.461597E-15
1.88724  2.495914E-15
1.88778  2.541699E-15
1.88832  2.563466E-15
1.88886  2.586975E-15
1.8894  2.595538E-15
1.88994  2.665300E-15
1.89048  2.802830E-15
1.89102  3.003045E-15
1.89156  3.118646E-15
1.8921  3.243501E-15
1.89263  3.552718E-15
1.89317  3.975232E-15
1.89371  4.448194E-15
1.89425  4.898286E-15
1.89479  5.326706E-15
1.89533  5.447876E-15
1.89587  5.354806E-15
1.89641  5.000185E-15
1.89695  4.582148E-15
1.89749  4.092475E-15
1.89803  3.660542E-15
1.89857  3.435872E-15
1.89911  3.178059E-15
1.89965  2.988562E-15
1.90019  2.935196E-15
1.90073  2.775774E-15
1.90127  2.675396E-15
1.90181  2.564566E-15
1.90235  2.500351E-15
1.90289  2.426207E-15
1.90343  2.447584E-15
1.90397  2.446650E-15
1.90451  2.398800E-15
1.90505  2.360603E-15
1.90559  2.408720E-15
1.90612  2.345715E-15
1.90666  2.428231E-15
1.9072  2.376429E-15
1.90774  2.333041E-15
1.90828  2.286864E-15
1.90882  2.224981E-15
1.90936  2.238880E-15
1.9099  2.246527E-15
1.91044  2.217503E-15
1.91098  2.211195E-15
1.91152  2.209714E-15
1.91206  2.267632E-15
1.9126  2.248987E-15
1.91314  2.209672E-15
1.91368  2.193407E-15
1.91422  2.269733E-15
1.91476  2.296942E-15
1.9153  2.269963E-15
1.91583  2.159447E-15
1.91637  2.155179E-15
1.91691  2.221514E-15
1.91745  2.246499E-15
1.91799  2.216388E-15
1.91853  2.191476E-15
1.91907  2.152279E-15
1.91961  2.158547E-15
1.92015  2.131420E-15
1.92069  2.188319E-15
1.92123  2.288450E-15
1.92177  2.287394E-15
1.92231  2.217133E-15
1.92285  2.174535E-15
1.92339  2.130759E-15
1.92392  2.102429E-15
1.92446  2.132721E-15
1.925  2.198744E-15
1.92554  2.189941E-15
1.92608  2.157304E-15
1.92662  2.132312E-15
1.92716  2.157404E-15
1.9277  2.168511E-15
1.92824  2.196223E-15
1.92878  2.189194E-15
1.92932  2.202715E-15
1.92986  2.211240E-15
1.9304  2.174711E-15
1.93093  2.149247E-15
1.93147  2.198080E-15
1.93201  2.205423E-15
1.93255  2.201587E-15
1.93309  2.177928E-15
1.93363  2.174825E-15
1.93417  2.168870E-15
1.93471  2.207507E-15
1.93525  2.190648E-15
1.93579  2.186573E-15
1.93633  2.156486E-15
1.93686  2.170451E-15
1.9374  2.211243E-15
1.93794  2.210620E-15
1.93848  2.194464E-15
1.93902  2.198037E-15
1.93956  2.229702E-15
1.9401  2.236473E-15
1.94064  2.243997E-15
1.94118  2.213842E-15
1.94172  2.224096E-15
1.94226  2.242846E-15
1.94279  2.184382E-15
1.94333  2.163450E-15
1.94387  2.124722E-15
1.94441  2.154611E-15
1.94495  2.184278E-15
1.94549  2.228257E-15
1.94603  2.216291E-15
1.94657  2.196510E-15
1.94711  2.186337E-15
1.94765  2.180608E-15
1.94818  2.171901E-15
1.94872  2.181804E-15
1.94926  2.183727E-15
1.9498  2.186032E-15
1.95034  2.186645E-15
1.95088  2.171466E-15
1.95142  2.166198E-15
1.95196  2.160079E-15
1.9525  2.159035E-15
1.95303  2.159389E-15
1.95357  2.174941E-15
1.95411  2.182484E-15
1.95465  2.184221E-15
1.95519  2.192046E-15
1.95573  2.187336E-15
1.95627  2.196666E-15
1.95681  2.203235E-15
1.95735  2.207470E-15
1.95788  2.205041E-15
1.95842  2.205894E-15
1.95896  2.209943E-15
1.9595  2.196944E-15
1.96004  2.189454E-15
1.96058  2.209578E-15
1.96112  2.186287E-15
1.96166  2.229496E-15
1.9622  2.244230E-15
1.96273  2.252869E-15
1.96327  2.277207E-15
1.96381  2.329609E-15
1.96435  2.380950E-15
1.96489  2.373892E-15
1.96543  2.367772E-15
1.96597  2.365512E-15
1.96651  2.345538E-15
1.96704  2.300810E-15
1.96758  2.256227E-15
1.96812  2.223593E-15
1.96866  2.204565E-15
1.9692  2.186726E-15
1.96974  2.158088E-15
1.97028  2.162158E-15
1.97082  2.149892E-15
1.97135  2.135841E-15
1.97189  2.148030E-15
1.97243  2.142512E-15
1.97297  2.145068E-15
1.97351  2.144365E-15
1.97405  2.134043E-15
1.97459  2.157583E-15
1.97512  2.156566E-15
1.97566  2.137103E-15
1.9762  2.137470E-15
1.97674  2.155146E-15
1.97728  2.158093E-15
1.97782  2.187531E-15
1.97836  2.193526E-15
1.97889  2.214620E-15
1.97943  2.201282E-15
1.97997  2.204848E-15
1.98051  2.230130E-15
1.98105  2.282711E-15
1.98159  2.318530E-15
1.98213  2.371616E-15
1.98266  2.416643E-15
1.9832  2.455458E-15
1.98374  2.507760E-15
1.98428  2.510432E-15
1.98482  2.447801E-15
1.98536  2.350631E-15
1.9859  2.229320E-15
1.98643  2.173719E-15
1.98697  2.130748E-15
1.98751  2.132084E-15
1.98805  2.111291E-15
1.98859  2.096388E-15
1.98913  2.101698E-15
1.98967  2.089801E-15
1.9902  2.092282E-15
1.99074  2.103654E-15
1.99128  2.103478E-15
1.99182  2.086566E-15
1.99236  2.088654E-15
1.9929  2.086292E-15
1.99343  2.098110E-15
1.99397  2.081146E-15
1.99451  2.090611E-15
1.99505  2.085377E-15
1.99559  2.078740E-15
1.99613  2.091719E-15
1.99666  2.096876E-15
1.9972  2.094961E-15
1.99774  2.097984E-15
1.99828  2.095863E-15
1.99882  2.090423E-15
1.99936  2.109925E-15
1.99989  2.111905E-15
2.00043  2.104671E-15
2.00097  2.130707E-15
2.00151  2.145495E-15
2.00205  2.122722E-15
2.00259  2.123808E-15
2.00312  2.164324E-15
2.00366  2.187047E-15
2.0042  2.162123E-15
2.00474  2.159815E-15
2.00528  2.161890E-15
2.00582  2.130848E-15
2.00635  2.140361E-15
2.00689  2.129369E-15
2.00743  2.108594E-15
2.00797  2.110921E-15
2.00851  2.113268E-15
2.00905  2.112344E-15
2.00958  2.110139E-15
2.01012  2.110367E-15
2.01066  2.106585E-15
2.0112  2.131712E-15
2.01174  2.122702E-15
2.01228  2.101555E-15
2.01281  2.112195E-15
2.01335  2.114521E-15
2.01389  2.104590E-15
2.01443  2.124996E-15
2.01497  2.111501E-15
2.0155  2.109091E-15
2.01604  2.093425E-15
2.01658  2.113568E-15
2.01712  2.107865E-15
2.01766  2.104846E-15
2.0182  2.097352E-15
2.01873  2.090076E-15
2.01927  2.090187E-15
2.01981  2.101224E-15
2.02035  2.090505E-15
2.02089  2.076539E-15
2.02142  2.063260E-15
2.02196  2.073722E-15
2.0225  2.081402E-15
2.02304  2.079254E-15
2.02358  2.077052E-15
2.02412  2.064632E-15
2.02465  2.064474E-15
2.02519  2.072273E-15
2.02573  2.064371E-15
2.02627  2.060792E-15
2.02681  2.053998E-15
2.02734  2.043049E-15
2.02788  2.035888E-15
2.02842  2.070272E-15
2.02896  2.046600E-15
2.0295  2.048178E-15
2.03003  2.042572E-15
2.03057  2.041089E-15
2.03111  2.045847E-15
2.03165  2.042292E-15
2.03219  2.045726E-15
2.03272  2.042845E-15
2.03326  2.049089E-15
2.0338  2.056701E-15
2.03434  2.044735E-15
2.03488  2.046964E-15
2.03541  2.051636E-15
2.03595  2.043893E-15
2.03649  2.036987E-15
2.03703  2.046116E-15
2.03757  2.041434E-15
2.0381  2.053830E-15
2.03864  2.036987E-15
2.03918  2.031134E-15
2.03972  2.040599E-15
2.04026  2.042253E-15
2.04079  2.043615E-15
2.04133  2.007468E-15
2.04187  2.041738E-15
2.04241  2.039293E-15
2.04295  2.039081E-15
2.04348  2.034110E-15
2.04402  2.027728E-15
2.04456  2.044055E-15
2.0451  2.039918E-15
2.04563  2.042343E-15
2.04617  2.048377E-15
2.04671  2.033127E-15
2.04725  2.038403E-15
2.04779  2.045564E-15
2.04832  2.031065E-15
2.04886  2.039224E-15
2.0494  2.045843E-15
2.04994  2.037219E-15
2.05048  2.035741E-15
2.05101  2.038317E-15
2.05155  2.040708E-15
2.05209  2.046004E-15
2.05263  2.048958E-15
2.05316  2.053528E-15
2.0537  2.066237E-15
2.05424  2.078705E-15
2.05478  2.068469E-15
2.05532  2.059382E-15
2.05585  2.068850E-15
2.05639  2.066071E-15
2.05693  2.034891E-15
2.05747  2.060112E-15
2.058  2.065937E-15
2.05854  2.054838E-15
2.05908  2.056729E-15
2.05962  2.054471E-15
2.06016  2.058063E-15
2.06069  2.050022E-15
2.06123  2.039401E-15
2.06177  2.050967E-15
2.06231  2.051028E-15
2.06284  2.052660E-15
2.06338  2.060347E-15
2.06392  2.061891E-15
2.06446  2.063360E-15
2.065  2.048810E-15
2.06553  2.055284E-15
2.06607  2.037433E-15
2.06661  2.046862E-15
2.06715  2.051363E-15
2.06768  2.048794E-15
2.06822  2.048347E-15
2.06876  2.032480E-15
2.0693  2.039483E-15
2.06983  2.046757E-15
2.07037  2.041827E-15
2.07091  2.039994E-15
2.07145  2.032326E-15
2.07199  2.021823E-15
2.07252  2.034271E-15
2.07306  2.026658E-15
2.0736  2.022900E-15
2.07414  2.033321E-15
2.07467  2.044977E-15
2.07521  2.029821E-15
2.07575  2.037233E-15
2.07629  2.051062E-15
2.07682  2.040130E-15
2.07736  2.030344E-15
2.0779  2.030742E-15
2.07844  2.033738E-15
2.07897  2.051873E-15
2.07951  2.050150E-15
2.08005  2.066853E-15
2.08059  2.060218E-15
2.08112  2.064663E-15
2.08166  2.043681E-15
2.0822  2.050462E-15
2.08274  2.046349E-15
2.08328  2.047710E-15
2.08381  2.036912E-15
2.08435  2.026710E-15
2.08489  2.029780E-15
2.08543  2.020325E-15
2.08596  2.020995E-15
2.0865  2.024758E-15
2.08704  2.017272E-15
2.08758  2.009063E-15
2.08811  2.017380E-15
2.08865  2.015627E-15
2.08919  1.998161E-15
2.08973  2.006585E-15
2.09026  2.011819E-15
2.0908  2.001103E-15
2.09134  1.992106E-15
2.09188  2.006055E-15
2.09241  2.010618E-15
2.09295  2.006434E-15
2.09349  2.004369E-15
2.09403  1.995287E-15
2.09456  2.009462E-15
2.0951  1.999397E-15
2.09564  2.001181E-15
2.09618  1.993776E-15
2.09671  2.001755E-15
2.09725  2.004988E-15
2.09779  1.991909E-15
2.09833  1.991229E-15
2.09886  1.992030E-15
2.0994  1.995684E-15
2.09994  1.988628E-15
2.10047  1.990413E-15
2.10101  1.980623E-15
2.10155  1.988016E-15
2.10209  2.007219E-15
2.10262  1.985696E-15
2.10316  2.000555E-15
2.1037  1.990259E-15
2.10424  1.974474E-15
2.10477  2.006901E-15
2.10531  1.988859E-15
2.10585  1.992998E-15
2.10639  1.990190E-15
2.10692  2.016822E-15
2.10746  2.005890E-15
2.108  1.992000E-15
2.10854  1.996775E-15
2.10907  2.004047E-15
2.10961  2.001910E-15
2.11015  1.989695E-15
2.11068  2.002832E-15
2.11122  2.002012E-15
2.11176  1.995210E-15
2.1123  2.010806E-15
2.11283  1.997363E-15
2.11337  1.997916E-15
2.11391  1.983220E-15
2.11445  2.005283E-15
2.11498  1.990407E-15
2.11552  1.985992E-15
2.11606  1.974269E-15
2.1166  1.993403E-15
2.11713  1.987889E-15
2.11767  1.993128E-15
2.11821  1.977174E-15
2.11874  1.977998E-15
2.11928  1.983333E-15
2.11982  1.994066E-15
2.12036  1.982874E-15
2.12089  1.991190E-15
2.12143  1.987349E-15
2.12197  2.000013E-15
2.12251  1.984009E-15
2.12304  1.985222E-15
2.12358  1.982839E-15
2.12412  1.983576E-15
2.12465  1.978799E-15
2.12519  1.974216E-15
2.12573  1.967496E-15
2.12627  1.980848E-15
2.1268  1.982643E-15
2.12734  1.975795E-15
2.12788  1.976338E-15
2.12841  1.972555E-15
2.12895  1.975234E-15
2.12949  1.978928E-15
2.13003  1.970818E-15
2.13056  1.969895E-15
2.1311  1.970514E-15
2.13164  1.975501E-15
2.13218  1.967846E-15
2.13271  1.981594E-15
2.13325  1.986775E-15
2.13379  1.981256E-15
2.13432  1.977917E-15
2.13486  1.980854E-15
2.1354  1.979067E-15
2.13594  1.992099E-15
2.13647  1.982700E-15
2.13701  1.978229E-15
2.13755  1.974631E-15
2.13808  1.972468E-15
2.13862  1.963620E-15
2.13916  1.963743E-15
2.1397  1.968147E-15
2.14023  1.972163E-15
2.14077  1.967790E-15
2.14131  1.971622E-15
2.14184  1.964210E-15
2.14238  1.967417E-15
2.14292  1.973006E-15
2.14346  1.990658E-15
2.14399  2.000332E-15
2.14453  2.005564E-15
2.14507  1.993840E-15
2.1456  1.987583E-15
2.14614  1.960544E-15
2.14668  1.974226E-15
2.14721  1.952116E-15
2.14775  1.975444E-15
2.14829  1.971429E-15
2.14883  1.970270E-15
2.14936  1.988499E-15
2.1499  1.959472E-15
2.15044  1.973444E-15
2.15097  1.968224E-15
2.15151  1.977873E-15
2.15205  1.970066E-15
2.15259  1.962820E-15
2.15312  1.979182E-15
2.15366  1.966624E-15
2.1542  1.966468E-15
2.15473  1.964105E-15
2.15527  1.973892E-15
2.15581  1.962974E-15
2.15634  1.964909E-15
2.15688  1.960563E-15
2.15742  1.964274E-15
2.15796  1.965077E-15
2.15849  1.969393E-15
2.15903  1.970680E-15
2.15957  1.983201E-15
2.1601  1.990144E-15
2.16064  1.966520E-15
2.16118  1.979621E-15
2.16172  1.971959E-15
2.16225  1.970405E-15
2.16279  1.952416E-15
2.16333  1.968683E-15
2.16386  1.957427E-15
2.1644  1.951780E-15
2.16494  1.968595E-15
2.16547  1.974524E-15
2.16601  1.977221E-15
2.16655  1.975462E-15
2.16708  1.973025E-15
2.16762  1.953158E-15
2.16816  1.969463E-15
2.1687  1.955486E-15
2.16923  1.967303E-15
2.16977  1.953208E-15
2.17031  1.953032E-15
2.17084  1.964213E-15
2.17138  1.952692E-15
2.17192  1.957370E-15
2.17245  1.956948E-15
2.17299  1.949012E-15
2.17353  1.964699E-15
2.17407  1.960811E-15
2.1746  1.971581E-15
2.17514  1.955187E-15
2.17568  1.954376E-15
2.17621  1.963962E-15
2.17675  1.961204E-15
2.17729  1.969937E-15
2.17782  1.968374E-15
2.17836  1.957223E-15
2.1789  1.963342E-15
2.17943  1.955647E-15
2.17997  1.969899E-15
2.18051  1.951811E-15
2.18104  1.971646E-15
2.18158  1.986822E-15
2.18212  1.979094E-15
2.18266  2.001400E-15
2.18319  2.003419E-15
2.18373  2.010234E-15
2.18427  2.019523E-15
2.1848  2.039815E-15
2.18534  2.068892E-15
2.18588  2.101280E-15
2.18641  2.129172E-15
2.18695  2.157954E-15
2.18749  2.195079E-15
2.18802  2.223504E-15
2.18856  2.227064E-15
2.1891  2.236279E-15
2.18963  2.214538E-15
2.19017  2.193539E-15
2.19071  2.136629E-15
2.19125  2.082926E-15
2.19178  2.047333E-15
2.19232  2.018783E-15
2.19286  2.017381E-15
2.19339  1.981503E-15
2.19393  1.981091E-15
2.19447  1.978379E-15
2.195  1.953040E-15
2.19554  1.970634E-15
2.19608  1.962248E-15
2.19661  1.936030E-15
2.19715  1.944412E-15
2.19769  1.934468E-15
2.19822  1.935553E-15
2.19876  1.938840E-15
2.1993  1.941494E-15
2.19983  1.949338E-15
2.20037  1.948402E-15
2.20091  1.934376E-15
2.20144  1.939082E-15
2.20198  1.933343E-15
2.20252  1.929183E-15
2.20306  1.941603E-15
2.20359  1.929891E-15
2.20413  1.918619E-15
2.20467  1.932382E-15
2.2052  1.916803E-15
2.20574  1.925344E-15
2.20628  1.912719E-15
2.20681  1.931252E-15
2.20735  1.926611E-15
2.20789  1.915083E-15
2.20842  1.914869E-15
2.20896  1.928683E-15
2.2095  1.912312E-15
2.21003  1.920960E-15
2.21057  1.926523E-15
2.21111  1.914482E-15
2.21164  1.912851E-15
2.21218  1.918811E-15
2.21272  1.913431E-15
2.21325  1.929251E-15
2.21379  1.920219E-15
2.21433  1.917470E-15
2.21486  1.918287E-15
2.2154  1.920209E-15
2.21594  1.907496E-15
2.21647  1.900786E-15
2.21701  1.905199E-15
2.21755  1.903482E-15
2.21808  1.894819E-15
2.21862  1.912761E-15
2.21916  1.906931E-15
2.21969  1.896959E-15
2.22023  1.906558E-15
2.22077  1.914277E-15
2.2213  1.907655E-15
2.22184  1.914870E-15
2.22238  1.915869E-15
2.22291  1.909838E-15
2.22345  1.888306E-15
2.22399  1.906694E-15
2.22452  1.889201E-15
2.22506  1.899581E-15
2.2256  1.900044E-15
2.22613  1.903341E-15
2.22667  1.904855E-15
2.22721  1.909685E-15
2.22774  1.905524E-15
2.22828  1.898249E-15
2.22882  1.901395E-15
2.22935  1.894014E-15
2.22989  1.886129E-15
2.23043  1.886699E-15
2.23096  1.903216E-15
2.2315  1.889183E-15
2.23204  1.895343E-15
2.23257  1.896204E-15
2.23311  1.898695E-15
2.23365  1.902012E-15
2.23418  1.892370E-15
2.23472  1.898561E-15
2.23526  1.893382E-15
2.23579  1.901924E-15
2.23633  1.896787E-15
2.23687  1.897390E-15
2.2374  1.904869E-15
2.23794  1.907155E-15
2.23848  1.893525E-15
2.23901  1.908350E-15
2.23955  1.889090E-15
2.24009  1.900492E-15
2.24062  1.906222E-15
2.24116  1.906460E-15
2.2417  1.897100E-15
2.24223  1.900320E-15
2.24277  1.900269E-15
2.24331  1.898437E-15
2.24384  1.896435E-15
2.24438  1.886766E-15
2.24492  1.892387E-15
2.24545  1.898395E-15
2.24599  1.881221E-15
2.24653  1.884430E-15
2.24706  1.896677E-15
2.2476  1.900754E-15
2.24814  1.902643E-15
2.24867  1.888892E-15
2.24921  1.886108E-15
2.24975  1.881105E-15
2.25028  1.884228E-15
2.25082  1.878603E-15
2.25136  1.875198E-15
2.25189  1.880808E-15
2.25243  1.873244E-15
2.25297  1.890889E-15
2.2535  1.886188E-15
2.25404  1.888571E-15
2.25458  1.883783E-15
2.25511  1.888728E-15
2.25565  1.875421E-15
2.25619  1.885241E-15
2.25672  1.884024E-15
2.25726  1.888453E-15
2.2578  1.875908E-15
2.25833  1.875817E-15
2.25887  1.881853E-15
2.25941  1.886453E-15
2.25994  1.875968E-15
2.26048  1.880954E-15
2.26101  1.881998E-15
2.26155  1.883394E-15
2.26209  1.879273E-15
2.26262  1.881838E-15
2.26316  1.877771E-15
2.2637  1.878632E-15
2.26423  1.877726E-15
2.26477  1.876670E-15
2.26531  1.884483E-15
2.26584  1.896548E-15
2.26638  1.876812E-15
2.26692  1.875113E-15
2.26745  1.878941E-15
2.26799  1.878903E-15
2.26853  1.879635E-15
2.26906  1.865129E-15
2.2696  1.874269E-15
2.27014  1.878514E-15
2.27067  1.864426E-15
2.27121  1.866487E-15
2.27175  1.874448E-15
2.27228  1.870052E-15
2.27282  1.867658E-15
2.27336  1.863273E-15
2.27389  1.864960E-15
2.27443  1.870361E-15
2.27497  1.871297E-15
2.2755  1.873797E-15
2.27604  1.880504E-15
2.27657  1.869161E-15
2.27711  1.868385E-15
2.27765  1.871879E-15
2.27818  1.869583E-15
2.27872  1.863990E-15
2.27926  1.863225E-15
2.27979  1.858703E-15
2.28033  1.874196E-15
2.28087  1.859581E-15
2.2814  1.879141E-15
2.28194  1.878162E-15
2.28248  1.856355E-15
2.28301  1.862708E-15
2.28355  1.849143E-15
2.28409  1.863425E-15
2.28462  1.857663E-15
2.28516  1.848883E-15
2.2857  1.853415E-15
2.28623  1.850821E-15
2.28677  1.831535E-15
2.2873  1.835137E-15
2.28784  1.836641E-15
2.28838  1.838424E-15
2.28891  1.844177E-15
2.28945  1.848505E-15
2.28999  1.843825E-15
2.29052  1.862201E-15
2.29106  1.845839E-15
2.2916  1.848210E-15
2.29213  1.855395E-15
2.29267  1.853807E-15
2.29321  1.847469E-15
2.29374  1.847498E-15
2.29428  1.845205E-15
2.29482  1.865983E-15
2.29535  1.867616E-15
2.29589  1.856733E-15
2.29643  1.857938E-15
2.29696  1.866212E-15
2.2975  1.865608E-15
2.29803  1.866685E-15
2.29857  1.855451E-15
2.29911  1.843320E-15
2.29964  1.852684E-15
2.30018  1.857995E-15
2.30072  1.843031E-15
2.30125  1.863109E-15
2.30179  1.852369E-15
2.30233  1.850291E-15
2.30286  1.855110E-15
2.3034  1.843109E-15
2.30394  1.840529E-15
2.30447  1.839286E-15
2.30501  1.822241E-15
2.30555  1.851146E-15
2.30608  1.828885E-15
2.30662  1.840074E-15
2.30715  1.844893E-15
2.30769  1.832478E-15
2.30823  1.830209E-15
2.30876  1.843878E-15
2.3093  1.837109E-15
2.30984  1.831729E-15
2.31037  1.836707E-15
2.31091  1.848985E-15
2.31145  1.837812E-15
2.31198  1.827037E-15
2.31252  1.838950E-15
2.31306  1.830151E-15
2.31359  1.833762E-15
2.31413  1.835372E-15
2.31467  1.826980E-15
2.3152  1.850306E-15
2.31574  1.847813E-15
2.31627  1.843462E-15
2.31681  1.834868E-15
2.31735  1.835751E-15
2.31788  1.806858E-15
2.31842  1.812241E-15
2.31896  1.794193E-15
2.31949  1.792322E-15
2.32003  1.789019E-15
2.32057  1.794925E-15
2.3211  1.793878E-15
2.32164  1.798780E-15
2.32218  1.814321E-15
2.32271  1.816018E-15
2.32325  1.814307E-15
2.32378  1.812223E-15
2.32432  1.818705E-15
2.32486  1.809506E-15
2.32539  1.816298E-15
2.32593  1.808819E-15
2.32647  1.816807E-15
2.327  1.824357E-15
2.32754  1.811528E-15
2.32808  1.810287E-15
2.32861  1.803259E-15
2.32915  1.806899E-15
2.32969  1.806278E-15
2.33022  1.814938E-15
2.33076  1.798918E-15
2.3313  1.810289E-15
2.33183  1.810566E-15
2.33237  1.806123E-15
2.3329  1.816127E-15
2.33344  1.816691E-15
2.33398  1.810625E-15
2.33451  1.808575E-15
2.33505  1.812192E-15
2.33559  1.811657E-15
2.33612  1.811069E-15
2.33666  1.808901E-15
2.3372  1.819970E-15
2.33773  1.810116E-15
2.33827  1.822391E-15
2.33881  1.812857E-15
2.33934  1.823157E-15
2.33988  1.828717E-15
2.34041  1.826315E-15
2.34095  1.821232E-15
2.34149  1.818072E-15
2.34202  1.827164E-15
2.34256  1.830643E-15
2.3431  1.835465E-15
2.34363  1.855539E-15
2.34417  1.869293E-15
2.34471  1.875587E-15
2.34524  1.880996E-15
2.34578  1.874910E-15
2.34632  1.873094E-15
2.34685  1.871961E-15
2.34739  1.849722E-15
2.34792  1.811030E-15
2.34846  1.811542E-15
2.349  1.801618E-15
2.34953  1.795579E-15
2.35007  1.784824E-15
2.35061  1.787406E-15
2.35114  1.787780E-15
2.35168  1.785583E-15
2.35222  1.782617E-15
2.35275  1.796134E-15
2.35329  1.782394E-15
2.35383  1.777572E-15
2.35436  1.786096E-15
2.3549  1.777146E-15
2.35543  1.786374E-15
2.35597  1.786033E-15
2.35651  1.798225E-15
2.35704  1.795324E-15
2.35758  1.780222E-15
2.35812  1.794716E-15
2.35865  1.792339E-15
2.35919  1.790537E-15
2.35973  1.791475E-15
2.36026  1.776557E-15
2.3608  1.790506E-15
2.36134  1.775257E-15
2.36187  1.779567E-15
2.36241  1.777584E-15
2.36295  1.781690E-15
2.36348  1.772542E-15
2.36402  1.774644E-15
2.36455  1.768578E-15
2.36509  1.786609E-15
2.36563  1.780020E-15
2.36616  1.778188E-15
2.3667  1.792219E-15
2.36724  1.776164E-15
2.36777  1.791997E-15
2.36831  1.782499E-15
2.36885  1.791732E-15
2.36938  1.806242E-15
2.36992  1.783856E-15
2.37046  1.780446E-15
2.37099  1.786481E-15
2.37153  1.777443E-15
2.37206  1.793252E-15
2.3726  1.785653E-15
2.37314  1.788510E-15
2.37367  1.765820E-15
2.37421  1.763680E-15
2.37475  1.771824E-15
2.37528  1.769129E-15
2.37582  1.772967E-15
2.37636  1.750514E-15
2.37689  1.759085E-15
2.37743  1.768955E-15
2.37797  1.749690E-15
2.3785  1.738280E-15
2.37904  1.738964E-15
2.37957  1.740810E-15
2.38011  1.750637E-15
2.38065  1.755338E-15
2.38118  1.761233E-15
2.38172  1.750591E-15
2.38226  1.751924E-15
2.38279  1.763444E-15
2.38333  1.756521E-15
2.38387  1.757780E-15
2.3844  1.761107E-15
2.38494  1.749306E-15
2.38548  1.768334E-15
2.38601  1.766398E-15
2.38655  1.753350E-15
2.38709  1.759850E-15
2.38762  1.763251E-15
2.38816  1.746658E-15
2.38869  1.756162E-15
2.38923  1.754588E-15
2.38977  1.758585E-15
2.3903  1.749684E-15
2.39084  1.771807E-15
2.39138  1.753938E-15
2.39191  1.749341E-15
2.39245  1.748598E-15
2.39299  1.754820E-15
2.39352  1.733407E-15
2.39406  1.752397E-15
2.3946  1.746117E-15
2.39513  1.741329E-15
2.39567  1.749052E-15
2.3962  1.753783E-15
2.39674  1.748856E-15
2.39728  1.742885E-15
2.39781  1.760947E-15
2.39835  1.746320E-15
2.39889  1.739169E-15
2.39942  1.741483E-15
2.39996  1.732916E-15
2.4005  1.713745E-15
2.40103  1.742249E-15
2.40157  1.719311E-15
2.40211  1.740243E-15
2.40264  1.731348E-15
2.40318  1.733320E-15
2.40372  1.717910E-15
2.40425  1.735276E-15
2.40479  1.732703E-15
2.40533  1.731781E-15
2.40586  1.743844E-15
2.4064  1.751521E-15
2.40693  1.744799E-15
2.40747  1.728944E-15
2.40801  1.723924E-15
2.40854  1.716288E-15
2.40908  1.730382E-15
2.40962  1.730439E-15
2.41015  1.710575E-15
2.41069  1.703705E-15
2.41123  1.716330E-15
2.41176  1.723932E-15
2.4123  1.724245E-15
2.41284  1.719291E-15
2.41337  1.715401E-15
2.41391  1.720938E-15
2.41445  1.747691E-15
2.41498  1.750163E-15
2.41552  1.734208E-15
2.41605  1.732287E-15
2.41659  1.716183E-15
2.41713  1.739710E-15
2.41766  1.743023E-15
2.4182  1.748537E-15
2.41874  1.730797E-15
2.41927  1.722313E-15
2.41981  1.735412E-15
2.42035  1.729938E-15
2.42088  1.720263E-15
2.42142  1.720714E-15
2.42196  1.717219E-15
2.42249  1.722117E-15
2.42303  1.722515E-15
2.42357  1.723657E-15
2.4241  1.736819E-15
2.42464  1.734058E-15
2.42518  1.741751E-15
2.42571  1.737704E-15
