0.809677  3.183255E-15
0.809879  3.277360E-15
0.810082  3.374170E-15
0.810284  3.395617E-15
0.810486  3.282612E-15
0.810688  3.339681E-15
0.81089  3.180177E-15
0.811092  3.510998E-15
0.811294  3.196849E-15
0.811496  3.180723E-15
0.811698  3.171649E-15
0.8119  3.206472E-15
0.812102  2.986348E-15
0.812304  3.068649E-15
0.812506  3.049082E-15
0.812708  3.137350E-15
0.81291  3.301297E-15
0.813112  3.196889E-15
0.813227  3.138444E-15
0.813461  3.197529E-15
0.813695  3.058050E-15
0.813928  3.098051E-15
0.814162  3.168937E-15
0.814395  3.159688E-15
0.814629  3.086150E-15
0.814862  3.067181E-15
0.815096  3.080940E-15
0.815329  3.015503E-15
0.815563  3.051266E-15
0.815797  3.056591E-15
0.81603  3.034702E-15
0.816264  2.944656E-15
0.816497  3.066691E-15
0.816731  2.924115E-15
0.816964  3.004195E-15
0.817198  3.096651E-15
0.817431  3.103989E-15
0.817664  3.082885E-15
0.817898  3.036929E-15
0.818131  3.043467E-15
0.818365  2.975157E-15
0.818598  3.013708E-15
0.818832  3.069284E-15
0.819065  3.128333E-15
0.819298  3.122844E-15
0.819532  3.061575E-15
0.819765  3.045183E-15
0.819998  3.246170E-15
0.820232  3.044587E-15
0.820465  3.081022E-15
0.820698  3.097821E-15
0.820932  3.144862E-15
0.821165  3.092566E-15
0.821398  3.028085E-15
0.821632  3.018759E-15
0.821865  3.023032E-15
0.822098  3.161640E-15
0.822332  3.145891E-15
0.822565  3.083218E-15
0.822798  3.108520E-15
0.823031  3.059774E-15
0.823265  3.021758E-15
0.823498  3.111292E-15
0.823731  3.063852E-15
0.823964  3.015203E-15
0.824197  3.073366E-15
0.824431  3.089083E-15
0.824664  3.008759E-15
0.824897  3.088717E-15
0.82513  2.928714E-15
0.825363  2.898033E-15
0.825597  3.026442E-15
0.82583  3.004446E-15
0.826063  3.009043E-15
0.826296  3.009713E-15
0.826529  3.016452E-15
0.826762  3.111449E-15
0.826995  2.995965E-15
0.827228  3.036230E-15
0.827462  2.992287E-15
0.827695  3.034961E-15
0.827928  3.023811E-15
0.828161  3.025865E-15
0.828394  3.118185E-15
0.828627  3.068865E-15
0.82886  2.997503E-15
0.829093  2.955242E-15
0.829326  2.984975E-15
0.829559  3.020371E-15
0.829792  2.990935E-15
0.830025  3.042618E-15
0.830258  3.035256E-15
0.830491  3.002354E-15
0.830724  2.984511E-15
0.830957  3.020201E-15
0.83119  3.089099E-15
0.831423  3.046864E-15
0.831656  3.142003E-15
0.831889  3.044746E-15
0.832122  3.060274E-15
0.832355  3.111619E-15
0.832587  3.136771E-15
0.83282  3.025614E-15
0.833053  3.064487E-15
0.833286  3.055553E-15
0.833519  3.038193E-15
0.833752  3.055662E-15
0.833985  3.041793E-15
0.834218  3.027148E-15
0.83445  3.145907E-15
0.834683  3.100196E-15
0.834916  3.137651E-15
0.835149  3.119613E-15
0.835382  3.112635E-15
0.835615  3.050207E-15
0.835847  3.073771E-15
0.83608  3.140082E-15
0.836313  3.178173E-15
0.836546  2.965709E-15
0.836779  3.002260E-15
0.837011  3.003172E-15
0.837244  3.083323E-15
0.837477  2.908843E-15
0.83771  2.940264E-15
0.837942  3.068529E-15
0.838175  3.024125E-15
0.838408  2.998506E-15
0.83864  3.013061E-15
0.838873  3.072467E-15
0.839106  3.066318E-15
0.839339  3.099052E-15
0.839571  3.029851E-15
0.839804  3.154098E-15
0.840037  3.141150E-15
0.840269  3.144140E-15
0.840502  3.161025E-15
0.840735  3.138304E-15
0.840967  3.181405E-15
0.8412  3.081507E-15
0.841432  3.099763E-15
0.841665  3.151523E-15
0.841898  3.081755E-15
0.84213  3.188467E-15
0.842363  3.089551E-15
0.842595  3.158203E-15
0.842828  3.080370E-15
0.843061  3.088355E-15
0.843293  3.070770E-15
0.843526  3.083133E-15
0.843758  3.153186E-15
0.843991  3.147548E-15
0.844223  3.144510E-15
0.844456  3.180427E-15
0.844688  3.107352E-15
0.844921  3.319849E-15
0.845153  3.216762E-15
0.845386  3.234646E-15
0.845618  3.282271E-15
0.845851  3.274734E-15
0.846083  3.145430E-15
0.846316  3.212367E-15
0.846548  3.104125E-15
0.846781  3.126192E-15
0.847013  3.091204E-15
0.847246  3.089809E-15
0.847478  3.075397E-15
0.84771  3.096180E-15
0.847943  3.101768E-15
0.848175  2.984748E-15
0.848408  3.063564E-15
0.84864  3.013613E-15
0.848872  3.026100E-15
0.849105  2.892779E-15
0.849337  2.986432E-15
0.849569  2.966515E-15
0.849802  3.055300E-15
0.850034  3.004284E-15
0.850267  3.069913E-15
0.850499  3.063826E-15
0.850731  3.096911E-15
0.850964  3.020582E-15
0.851196  2.989772E-15
0.851428  2.973750E-15
0.85166  3.022448E-15
0.851893  3.009763E-15
0.852125  3.015224E-15
0.852357  2.886546E-15
0.85259  2.917937E-15
0.852822  2.988636E-15
0.853054  3.007857E-15
0.853286  2.892892E-15
0.853519  2.894546E-15
0.853751  2.935696E-15
0.853983  2.958878E-15
0.854215  3.031324E-15
0.854448  3.039409E-15
0.85468  2.962046E-15
0.854912  3.032267E-15
0.855144  2.948420E-15
0.855376  3.029496E-15
0.855609  2.911035E-15
0.855841  2.933964E-15
0.856073  2.847906E-15
0.856305  2.818099E-15
0.856537  2.844160E-15
0.856769  2.838264E-15
0.857002  2.833573E-15
0.857234  2.858491E-15
0.857466  2.890690E-15
0.857698  2.845215E-15
0.85793  2.930899E-15
0.858162  2.883715E-15
0.858394  2.856715E-15
0.858626  3.016845E-15
0.858859  3.020356E-15
0.859091  2.990450E-15
0.859323  3.070603E-15
0.859555  3.024308E-15
0.859787  2.969800E-15
0.860019  2.916264E-15
0.860251  2.937717E-15
0.860483  2.895531E-15
0.860715  2.987649E-15
0.860947  2.953776E-15
0.861179  2.935679E-15
0.861411  2.925077E-15
0.861643  2.965447E-15
0.861875  3.047000E-15
0.862107  2.940428E-15
0.862339  2.979922E-15
0.862571  3.017415E-15
0.862803  3.093053E-15
0.863035  3.074355E-15
0.863267  3.066106E-15
0.863499  3.087587E-15
0.863731  3.136752E-15
0.863963  3.223356E-15
0.864195  3.195641E-15
0.864427  3.187669E-15
0.864659  3.343274E-15
0.864891  3.274263E-15
0.865123  3.423374E-15
0.865355  3.514075E-15
0.865586  3.508716E-15
0.865818  3.513715E-15
0.86605  3.555274E-15
0.866282  3.567458E-15
0.866514  3.680528E-15
0.866746  3.691890E-15
0.866978  3.681059E-15
0.86721  3.758386E-15
0.867442  3.623137E-15
0.867673  3.768784E-15
0.867905  3.795577E-15
0.868137  3.901726E-15
0.868369  3.893029E-15
0.868601  3.764705E-15
0.868833  3.814411E-15
0.869064  3.685123E-15
0.869296  3.596188E-15
0.869528  3.632140E-15
0.86976  3.452911E-15
0.869992  3.548071E-15
0.870223  3.468011E-15
0.870455  3.435874E-15
0.870687  3.370532E-15
0.870919  3.344091E-15
0.87115  3.355107E-15
0.871382  3.264935E-15
0.871614  3.246466E-15
0.871846  3.165621E-15
0.872077  3.182911E-15
0.872309  3.166776E-15
0.872541  3.125301E-15
0.872773  3.080782E-15
0.873004  3.090797E-15
0.873236  3.126095E-15
0.873468  3.060697E-15
0.8737  3.061193E-15
0.873931  3.098710E-15
0.874163  3.038546E-15
0.874395  3.056855E-15
0.874626  3.086215E-15
0.874858  2.922122E-15
0.87509  3.015709E-15
0.875321  2.976415E-15
0.875553  2.972430E-15
0.875785  2.909260E-15
0.876016  2.913732E-15
0.876248  2.900150E-15
0.87648  2.875155E-15
0.876711  2.892811E-15
0.876943  2.845294E-15
0.877174  2.809343E-15
0.877406  2.826484E-15
0.877638  2.844140E-15
0.877869  2.768822E-15
0.878101  2.749920E-15
0.878332  2.736230E-15
0.878564  2.840920E-15
0.878796  2.752026E-15
0.879027  2.798891E-15
0.879259  2.768046E-15
0.87949  2.828632E-15
0.879722  2.746956E-15
0.879953  2.788863E-15
0.880185  2.755332E-15
0.880416  2.793933E-15
0.880648  2.807617E-15
0.88088  2.772921E-15
0.881111  2.720722E-15
0.881343  2.772183E-15
0.881574  2.739036E-15
0.881806  2.734027E-15
0.882037  2.678118E-15
0.882269  2.722253E-15
0.8825  2.706207E-15
0.882732  2.706527E-15
0.882963  2.721369E-15
0.883195  2.733317E-15
0.883426  2.777412E-15
0.883657  2.791962E-15
0.883889  2.695614E-15
0.88412  2.739129E-15
0.884352  2.791641E-15
0.884583  2.786303E-15
0.884815  2.733425E-15
0.885046  2.778251E-15
0.885278  2.726696E-15
0.885509  2.849105E-15
0.88574  2.756274E-15
0.885972  2.772598E-15
0.886203  2.741232E-15
0.886435  2.701791E-15
0.886666  2.751558E-15
0.886898  2.745902E-15
0.887129  2.698893E-15
0.88736  2.718677E-15
0.887592  2.790062E-15
0.887823  2.723435E-15
0.888054  2.832535E-15
0.888286  2.845191E-15
0.888517  2.717957E-15
0.888748  2.779105E-15
0.88898  2.786569E-15
0.889211  2.895661E-15
0.889443  2.729027E-15
0.889674  2.720260E-15
0.889905  2.717918E-15
0.890137  2.759977E-15
0.890368  2.561003E-15
0.890599  2.754028E-15
0.89083  2.716829E-15
0.891062  2.752021E-15
0.891293  2.780531E-15
0.891524  2.788690E-15
0.891756  2.721297E-15
0.891987  2.665641E-15
0.892218  2.651186E-15
0.89245  2.670319E-15
0.892681  2.577691E-15
0.892912  2.607689E-15
0.893143  2.520055E-15
0.893375  2.576316E-15
0.893606  2.557673E-15
0.893837  2.502121E-15
0.894068  2.604275E-15
0.8943  2.441942E-15
0.894531  2.497588E-15
0.894762  2.493642E-15
0.894993  2.523850E-15
0.895225  2.493047E-15
0.895456  2.489304E-15
0.895687  2.568201E-15
0.895918  2.571262E-15
0.896149  2.566170E-15
0.896381  2.612536E-15
0.896612  2.506735E-15
0.896843  2.493045E-15
0.897074  2.625704E-15
0.897305  2.550281E-15
0.897537  2.482360E-15
0.897768  2.470588E-15
0.897999  2.595253E-15
0.89823  2.519562E-15
0.898461  2.575983E-15
0.898692  2.618283E-15
0.898924  2.581152E-15
0.899155  2.614019E-15
0.899386  2.580804E-15
0.899617  2.636137E-15
0.899848  2.556653E-15
0.900079  2.632471E-15
0.90031  2.691263E-15
0.900541  2.640248E-15
0.900773  2.548702E-15
0.901004  2.466154E-15
0.901235  2.530995E-15
0.901466  2.469354E-15
0.901697  2.528279E-15
0.901928  2.515467E-15
0.902159  2.470423E-15
0.90239  2.425039E-15
0.902621  2.446257E-15
0.902852  2.468842E-15
0.903084  2.461474E-15
0.903315  2.494202E-15
0.903546  2.451807E-15
0.903777  2.483154E-15
0.904008  2.503459E-15
0.904239  2.496531E-15
0.90447  2.438494E-15
0.904701  2.457474E-15
0.904932  2.459578E-15
0.905163  2.456841E-15
0.905394  2.468082E-15
0.905625  2.516554E-15
0.905856  2.479033E-15
0.906087  2.539545E-15
0.906318  2.523578E-15
0.906549  2.594109E-15
0.90678  2.584296E-15
0.907011  2.555712E-15
0.907242  2.480578E-15
0.907473  2.512843E-15
0.907704  2.490898E-15
0.907935  2.583993E-15
0.908166  2.745670E-15
0.908397  2.645853E-15
0.908628  2.633158E-15
0.908859  2.571539E-15
0.90909  2.629915E-15
0.909321  2.691717E-15
0.909552  2.738630E-15
0.909783  2.588833E-15
0.910014  2.581778E-15
0.910245  2.586344E-15
0.910476  2.550188E-15
0.910707  2.543732E-15
0.910938  2.593088E-15
0.911169  2.632264E-15
0.9114  2.602389E-15
0.911631  2.554352E-15
0.911862  2.591038E-15
0.912093  2.564871E-15
0.912323  2.506034E-15
0.912554  2.512982E-15
0.912785  2.522513E-15
0.913016  2.482824E-15
0.913247  2.514361E-15
0.913478  2.390706E-15
0.913709  2.460815E-15
0.91394  2.522455E-15
0.914171  2.506129E-15
0.914402  2.358395E-15
0.914632  2.423662E-15
0.914863  2.348823E-15
0.915094  2.376877E-15
0.915325  2.350502E-15
0.915556  2.297435E-15
0.915787  2.431079E-15
0.916018  2.312789E-15
0.916249  2.353220E-15
0.916479  2.361750E-15
0.91671  2.334196E-15
0.916941  2.321093E-15
0.917172  2.331458E-15
0.917403  2.334640E-15
0.917634  2.411262E-15
0.917865  2.357353E-15
0.918095  2.354688E-15
0.918326  2.308947E-15
0.918557  2.355994E-15
0.918788  2.376781E-15
0.919019  2.337679E-15
0.91925  2.331760E-15
0.91948  2.317830E-15
0.919711  2.458637E-15
0.919942  2.281383E-15
0.920173  2.405371E-15
0.920404  2.320980E-15
0.920634  2.407593E-15
0.920865  2.472333E-15
0.921096  2.392374E-15
0.921327  2.410434E-15
0.921558  2.448002E-15
0.921788  2.471468E-15
0.922019  2.556975E-15
0.92225  2.558008E-15
0.922481  2.431579E-15
0.922711  2.483935E-15
0.922942  2.516515E-15
0.923173  2.564311E-15
0.923404  2.551267E-15
0.923635  2.530801E-15
0.923865  2.535897E-15
0.924096  2.582355E-15
0.924327  2.589539E-15
0.924558  2.569459E-15
0.924788  2.689026E-15
0.925019  2.689862E-15
0.92525  2.560389E-15
0.92548  2.668518E-15
0.925711  2.640612E-15
0.925942  2.569264E-15
0.926173  2.632097E-15
0.926403  2.719948E-15
0.926634  2.726594E-15
0.926865  2.697859E-15
0.927096  2.706894E-15
0.927326  2.604067E-15
0.927557  2.602753E-15
0.927788  2.704000E-15
0.928018  2.637336E-15
0.928249  2.615621E-15
0.92848  2.613956E-15
0.928711  2.500660E-15
0.928941  2.578759E-15
0.929172  2.445051E-15
0.929403  2.572670E-15
0.929633  2.601059E-15
0.929864  2.579861E-15
0.930095  2.571984E-15
0.930325  2.555051E-15
0.930556  2.708865E-15
0.930787  2.660196E-15
0.931017  2.704497E-15
0.931248  2.773344E-15
0.931479  2.849390E-15
0.931709  2.999950E-15
0.93194  2.959058E-15
0.932171  2.888221E-15
0.932401  2.735877E-15
0.932632  2.717932E-15
0.932863  2.529029E-15
0.933093  2.500640E-15
0.933324  2.430782E-15
0.933555  2.548076E-15
0.933785  2.377528E-15
0.934016  2.397579E-15
0.934247  2.368334E-15
0.934477  2.400238E-15
0.934708  2.357053E-15
0.934938  2.459612E-15
0.935169  2.396458E-15
0.9354  2.417964E-15
0.93563  2.438512E-15
0.935861  2.308335E-15
0.936092  2.284423E-15
0.936322  2.381123E-15
0.936553  2.400891E-15
0.936783  2.377895E-15
0.937014  2.321869E-15
0.937245  2.362411E-15
0.937475  2.442412E-15
0.937706  2.493853E-15
0.937936  2.508218E-15
0.938167  2.604627E-15
0.938398  2.372733E-15
0.938628  2.551692E-15
0.938859  2.618060E-15
0.939089  2.567268E-15
0.93932  2.582971E-15
0.939551  2.514309E-15
0.939617  2.535549E-15
0.939889  2.582175E-15
0.94016  2.627520E-15
0.940432  2.535818E-15
0.940703  2.660545E-15
0.940975  2.668142E-15
0.941247  2.714544E-15
0.941518  2.727450E-15
0.94179  2.736598E-15
0.942061  2.810644E-15
0.942333  2.761524E-15
0.942604  2.810918E-15
0.942876  2.812444E-15
0.943147  2.820780E-15
0.943419  2.837096E-15
0.94369  2.904327E-15
0.943962  2.911798E-15
0.944233  2.908618E-15
0.944505  2.918929E-15
0.944776  2.971341E-15
0.945048  2.998874E-15
0.945319  2.947360E-15
0.945591  2.973181E-15
0.945862  2.940405E-15
0.946134  2.976489E-15
0.946405  2.891006E-15
0.946677  2.976788E-15
0.946948  3.000221E-15
0.947219  2.970194E-15
0.947491  2.929223E-15
0.947762  2.967993E-15
0.948034  2.925110E-15
0.948305  2.932674E-15
0.948576  2.894454E-15
0.948848  2.884907E-15
0.949119  2.871457E-15
0.94939  2.884881E-15
0.949662  2.818200E-15
0.949933  2.809985E-15
0.950204  2.752465E-15
0.950476  2.723848E-15
0.950747  2.697009E-15
0.951018  2.653521E-15
0.95129  2.625590E-15
0.951561  2.510108E-15
0.951832  2.469903E-15
0.952104  2.455439E-15
0.952375  2.440327E-15
0.952646  2.436294E-15
0.952917  2.475866E-15
0.953189  2.515021E-15
0.95346  2.427989E-15
0.953731  2.366143E-15
0.954002  2.398528E-15
0.954274  2.345784E-15
0.954545  2.308498E-15
0.954816  2.317754E-15
0.955087  2.231146E-15
0.955359  2.280949E-15
0.95563  2.239715E-15
0.955901  2.242639E-15
0.956172  2.246073E-15
0.956443  2.180913E-15
0.956714  2.267658E-15
0.956986  2.218811E-15
0.957257  2.143680E-15
0.957528  2.182520E-15
0.957799  2.180898E-15
0.95807  2.203819E-15
0.958341  2.173128E-15
0.958612  2.183183E-15
0.958883  2.194745E-15
0.959154  2.204724E-15
0.959426  2.194061E-15
0.959697  2.165159E-15
0.959968  2.188151E-15
0.960239  2.216750E-15
0.96051  2.220333E-15
0.960781  2.209745E-15
0.961052  2.154623E-15
0.961323  2.113715E-15
0.961594  2.148865E-15
0.961865  2.146768E-15
0.962136  2.198366E-15
0.962407  2.156931E-15
0.962678  2.169849E-15
0.962949  2.147107E-15
0.96322  2.180775E-15
0.963491  2.108093E-15
0.963762  2.102323E-15
0.964033  2.055598E-15
0.964304  2.119187E-15
0.964575  2.132604E-15
0.964846  2.166160E-15
0.965117  2.167079E-15
0.965388  2.082043E-15
0.965659  2.134867E-15
0.96593  2.173474E-15
0.966201  2.127023E-15
0.966472  2.136499E-15
0.966742  2.149626E-15
0.967013  2.130111E-15
0.967284  2.120882E-15
0.967555  2.145323E-15
0.967826  2.120810E-15
0.968097  2.155376E-15
0.968368  2.118277E-15
0.968639  2.139107E-15
0.968909  2.136344E-15
0.96918  2.120505E-15
0.969451  2.139858E-15
0.969722  2.108516E-15
0.969993  2.134841E-15
0.970264  2.112171E-15
0.970534  2.101705E-15
0.970805  2.117035E-15
0.971076  2.103630E-15
0.971347  2.101834E-15
0.971618  2.183796E-15
0.971888  2.136269E-15
0.972159  2.104680E-15
0.97243  2.141025E-15
0.972701  2.161147E-15
0.972971  2.204427E-15
0.973242  2.186408E-15
0.973513  2.201266E-15
0.973784  2.226094E-15
0.974054  2.257912E-15
0.974325  2.299678E-15
0.974596  2.316366E-15
0.974867  2.321025E-15
0.975137  2.376002E-15
0.975408  2.404980E-15
0.975679  2.405362E-15
0.975949  2.421706E-15
0.97622  2.472178E-15
0.976491  2.467128E-15
0.976761  2.496853E-15
0.977032  2.612888E-15
0.977303  2.650275E-15
0.977573  2.742229E-15
0.977844  2.862723E-15
0.978115  3.011226E-15
0.978385  3.281088E-15
0.978656  3.522667E-15
0.978926  3.812190E-15
0.979197  4.092888E-15
0.979468  3.967728E-15
0.979738  3.760071E-15
0.980009  3.369597E-15
0.980279  3.011903E-15
0.98055  2.808326E-15
0.980821  2.828723E-15
0.981091  2.737962E-15
0.981362  2.780302E-15
0.981632  2.757239E-15
0.981903  2.701615E-15
0.982173  2.726379E-15
0.982444  2.653153E-15
0.982714  2.675438E-15
0.982985  2.596229E-15
0.983255  2.580943E-15
0.983526  2.534308E-15
0.983796  2.491809E-15
0.984067  2.458956E-15
0.984337  2.395627E-15
0.984608  2.412680E-15
0.984878  2.384897E-15
0.985149  2.336516E-15
0.985419  2.341966E-15
0.98569  2.308073E-15
0.98596  2.277414E-15
0.986231  2.208083E-15
0.986501  2.211979E-15
0.986772  2.185636E-15
0.987042  2.177910E-15
0.987312  2.194689E-15
0.987583  2.198574E-15
0.987853  2.171695E-15
0.988124  2.151300E-15
0.988394  2.133205E-15
0.988664  2.094275E-15
0.988935  2.143647E-15
0.989205  2.129865E-15
0.989476  2.125098E-15
0.989746  2.108415E-15
0.990016  2.079552E-15
0.990287  2.066885E-15
0.990557  2.068729E-15
0.990827  2.060765E-15
0.991098  2.034375E-15
0.991368  2.052422E-15
0.991638  2.032175E-15
0.991909  2.043783E-15
0.992179  1.998176E-15
0.992449  2.017377E-15
0.99272  2.016914E-15
0.99299  2.038263E-15
0.99326  2.004615E-15
0.993531  2.031013E-15
0.993801  2.043128E-15
0.994071  2.058853E-15
0.994341  2.060760E-15
0.994612  2.028788E-15
0.994882  2.011132E-15
0.995152  2.008520E-15
0.995422  2.007200E-15
0.995693  2.013946E-15
0.995963  2.073430E-15
0.996233  2.003906E-15
0.996503  2.067770E-15
0.996773  1.984732E-15
0.997044  2.021729E-15
0.997314  1.955018E-15
0.997584  1.969555E-15
0.997854  1.966956E-15
0.998125  2.008935E-15
0.998395  2.042530E-15
0.998665  1.982271E-15
0.998935  1.987832E-15
0.999205  2.004175E-15
0.999475  2.016602E-15
0.999746  2.016097E-15
1.00002  2.014333E-15
1.00029  1.975661E-15
1.00056  1.993854E-15
1.00083  1.962009E-15
1.0011  1.970161E-15
1.00137  2.000172E-15
1.00164  1.991987E-15
1.00191  2.000466E-15
1.00218  2.025703E-15
1.00245  2.009932E-15
1.00272  2.021795E-15
1.00299  2.023037E-15
1.00326  2.022130E-15
1.00353  2.052240E-15
1.0038  2.011982E-15
1.00407  2.034443E-15
1.00434  2.000746E-15
1.00461  2.015644E-15
1.00488  2.023464E-15
1.00515  2.020411E-15
1.00542  2.018173E-15
1.00569  2.020800E-15
1.00596  1.947669E-15
1.00623  1.989968E-15
1.0065  2.011463E-15
1.00677  2.020752E-15
1.00704  2.027345E-15
1.00731  2.007658E-15
1.00758  2.016249E-15
1.00785  2.064578E-15
1.00812  2.030406E-15
1.00839  2.024901E-15
1.00866  2.060644E-15
1.00893  2.112203E-15
1.0092  2.061825E-15
1.00947  2.057768E-15
1.00974  2.050000E-15
1.01001  2.048460E-15
1.01028  2.051625E-15
1.01055  2.131278E-15
1.01082  2.110253E-15
1.01109  2.094208E-15
1.01136  2.106388E-15
1.01163  2.119150E-15
1.0119  2.106763E-15
1.01217  2.089315E-15
1.01244  2.118238E-15
1.01271  2.088539E-15
1.01298  2.086375E-15
1.01325  2.077141E-15
1.01352  2.084722E-15
1.01379  2.066801E-15
1.01406  2.108667E-15
1.01433  2.073266E-15
1.0146  2.113206E-15
1.01487  2.084200E-15
1.01514  2.112599E-15
1.01541  2.127259E-15
1.01568  2.110227E-15
1.01595  2.115292E-15
1.01621  2.123148E-15
1.01648  2.135027E-15
1.01675  2.169296E-15
1.01702  2.156714E-15
1.01729  2.168105E-15
1.01756  2.199169E-15
1.01783  2.219667E-15
1.0181  2.221506E-15
1.01837  2.219531E-15
1.01864  2.131921E-15
1.01891  2.137037E-15
1.01918  2.145101E-15
1.01945  2.133462E-15
1.01972  2.162472E-15
1.01999  2.166309E-15
1.02026  2.156128E-15
1.02053  2.210412E-15
1.0208  2.170963E-15
1.02107  2.220396E-15
1.02134  2.183906E-15
1.02161  2.227316E-15
1.02188  2.295671E-15
1.02215  2.226653E-15
1.02242  2.267103E-15
1.02269  2.262984E-15
1.02296  2.293177E-15
1.02323  2.330433E-15
1.0235  2.327823E-15
1.02377  2.365035E-15
1.02404  2.373132E-15
1.02431  2.414015E-15
1.02458  2.457483E-15
1.02485  2.488649E-15
1.02512  2.519390E-15
1.02539  2.553752E-15
1.02566  2.553947E-15
1.02593  2.537165E-15
1.0262  2.535153E-15
1.02647  2.615119E-15
1.02673  2.631963E-15
1.027  2.636812E-15
1.02727  2.667101E-15
1.02754  2.686221E-15
1.02781  2.724119E-15
1.02808  2.772403E-15
1.02835  2.730518E-15
1.02862  2.773627E-15
1.02889  2.823172E-15
1.02916  2.792309E-15
1.02943  2.790039E-15
1.0297  2.819180E-15
1.02997  2.822197E-15
1.03024  2.857130E-15
1.03051  2.899807E-15
1.03078  2.873284E-15
1.03105  2.899570E-15
1.03132  2.946592E-15
1.03159  2.938715E-15
1.03186  2.954583E-15
1.03213  3.015097E-15
1.0324  2.997934E-15
1.03267  2.990965E-15
1.03294  2.968919E-15
1.03321  2.953384E-15
1.03347  2.828669E-15
1.03374  2.862801E-15
1.03401  2.736341E-15
1.03428  2.734992E-15
1.03455  2.691907E-15
1.03482  2.704253E-15
1.03509  2.641349E-15
1.03536  2.617395E-15
1.03563  2.638223E-15
1.0359  2.546378E-15
1.03617  2.512207E-15
1.03644  2.468322E-15
1.03671  2.472433E-15
1.03698  2.412159E-15
1.03725  2.431112E-15
1.03752  2.349526E-15
1.03779  2.326533E-15
1.03806  2.362299E-15
1.03833  2.354009E-15
1.03859  2.351597E-15
1.03886  2.337834E-15
1.03913  2.345069E-15
1.0394  2.358126E-15
1.03967  2.375516E-15
1.03994  2.398979E-15
1.04021  2.310747E-15
1.04048  2.294320E-15
1.04075  2.263141E-15
1.04102  2.246642E-15
1.04129  2.243945E-15
1.04156  2.181401E-15
1.04183  2.191760E-15
1.0421  2.143749E-15
1.04237  2.104070E-15
1.04264  2.120439E-15
1.04291  2.084220E-15
1.04317  2.118734E-15
1.04344  2.073830E-15
1.04371  2.056959E-15
1.04398  2.127945E-15
1.04425  2.121931E-15
1.04452  2.075492E-15
1.04479  2.093957E-15
1.04506  2.069741E-15
1.04533  2.052988E-15
1.0456  2.072116E-15
1.04587  2.056745E-15
1.04614  2.121648E-15
1.04641  2.077135E-15
1.04668  2.070723E-15
1.04695  2.020100E-15
1.04722  1.985161E-15
1.04748  2.045781E-15
1.04775  1.998913E-15
1.04802  2.040918E-15
1.04829  2.023001E-15
1.04856  1.973302E-15
1.04883  1.990952E-15
1.0491  1.996957E-15
1.04937  1.947199E-15
1.04964  1.927389E-15
1.04991  1.994109E-15
1.05018  1.952962E-15
1.05045  2.012630E-15
1.05072  1.970505E-15
1.05099  2.005104E-15
1.05125  1.965048E-15
1.05152  1.987341E-15
1.05179  1.954481E-15
1.05206  1.989247E-15
1.05233  1.944294E-15
1.0526  1.959748E-15
1.05287  1.972537E-15
1.05314  1.973875E-15
1.05341  2.009173E-15
1.05368  1.947982E-15
1.05395  1.952196E-15
1.05422  1.958927E-15
1.05449  1.957516E-15
1.05475  1.960288E-15
1.05502  1.959393E-15
1.05529  1.963732E-15
1.05556  1.971948E-15
1.05583  1.939404E-15
1.0561  1.940332E-15
1.05637  1.975529E-15
1.05664  1.989082E-15
1.05691  1.995285E-15
1.05718  1.964303E-15
1.05745  1.956363E-15
1.05772  1.978583E-15
1.05799  1.976751E-15
1.05825  1.998855E-15
1.05852  1.985724E-15
1.05879  1.976563E-15
1.05906  2.000549E-15
1.05933  2.012352E-15
1.0596  1.991189E-15
1.05987  2.018816E-15
1.06014  2.020668E-15
1.06041  2.029416E-15
1.06068  1.994358E-15
1.06095  1.975650E-15
1.06121  1.977863E-15
1.06148  1.989380E-15
1.06175  1.962126E-15
1.06202  2.006508E-15
1.06229  1.977097E-15
1.06256  1.997108E-15
1.06283  1.948593E-15
1.0631  1.961531E-15
1.06337  1.948333E-15
1.06364  1.918494E-15
1.06391  1.936863E-15
1.06418  1.983932E-15
1.06444  1.966242E-15
1.06471  1.970516E-15
1.06498  1.938839E-15
1.06525  1.918298E-15
1.06552  1.984105E-15
1.06579  1.983875E-15
1.06606  1.935952E-15
1.06633  1.922820E-15
1.0666  1.932588E-15
1.06687  1.961633E-15
1.06714  1.969800E-15
1.0674  1.958943E-15
1.06767  1.964711E-15
1.06794  1.979664E-15
1.06821  1.983674E-15
1.06848  1.985085E-15
1.06875  2.010748E-15
1.06902  1.997313E-15
1.06929  1.983321E-15
1.06956  2.020134E-15
1.06983  1.990961E-15
1.07009  1.915291E-15
1.07036  1.951325E-15
1.07063  1.983213E-15
1.0709  1.965446E-15
1.07117  1.997406E-15
1.07144  2.014353E-15
1.07171  1.972836E-15
1.07198  2.006539E-15
1.07225  2.023664E-15
1.07252  1.965425E-15
1.07278  1.987874E-15
1.07305  2.013466E-15
1.07332  2.048701E-15
1.07359  2.016191E-15
1.07386  2.030054E-15
1.07413  1.971012E-15
1.0744  2.024976E-15
1.07467  1.989262E-15
1.07494  2.035483E-15
1.07521  2.078842E-15
1.07547  1.998480E-15
1.07574  2.040986E-15
1.07601  2.068012E-15
1.07628  2.048958E-15
1.07655  2.041934E-15
1.07682  2.151427E-15
1.07709  2.135474E-15
1.07736  2.114055E-15
1.07763  2.131035E-15
1.0779  2.122455E-15
1.07816  2.121057E-15
1.07843  2.161134E-15
1.0787  2.127048E-15
1.07897  2.158114E-15
1.07924  2.163936E-15
1.07951  2.102950E-15
1.07978  2.150404E-15
1.08005  2.131091E-15
1.08032  2.079003E-15
1.08058  2.128947E-15
1.08085  2.110057E-15
1.08112  2.089464E-15
1.08139  2.045380E-15
1.08166  2.055588E-15
1.08193  2.055851E-15
1.0822  2.035314E-15
1.08247  2.018688E-15
1.08274  1.991794E-15
1.083  1.987310E-15
1.08327  1.972830E-15
1.08354  1.958466E-15
1.08381  1.952825E-15
1.08408  1.952272E-15
1.08435  1.980008E-15
1.08462  1.957774E-15
1.08489  1.904908E-15
1.08516  1.945674E-15
1.08542  1.899086E-15
1.08569  1.970250E-15
1.08596  1.907911E-15
1.08623  1.920598E-15
1.0865  1.917408E-15
1.08677  1.917979E-15
1.08704  1.912940E-15
1.08731  1.929902E-15
1.08758  1.920019E-15
1.08784  1.908762E-15
1.08811  1.906182E-15
1.08838  1.891562E-15
1.08865  1.890275E-15
1.08892  1.922500E-15
1.08919  1.919205E-15
1.08946  1.916856E-15
1.08973  1.908373E-15
1.08999  1.868450E-15
1.09026  1.969351E-15
1.09053  1.953136E-15
1.0908  1.960345E-15
1.09107  1.916233E-15
1.09134  1.966907E-15
1.09161  1.986552E-15
1.09188  1.948575E-15
1.09215  1.930220E-15
1.09241  2.010194E-15
1.09268  1.973616E-15
1.09295  1.956701E-15
1.09322  1.973823E-15
1.09349  1.959292E-15
1.09376  1.980005E-15
1.09403  2.003007E-15
1.0943  2.031700E-15
1.09456  2.007457E-15
1.09483  2.015629E-15
1.0951  2.007746E-15
1.09537  1.993301E-15
1.09564  2.034812E-15
1.09591  1.999166E-15
1.09618  1.991400E-15
1.09645  2.001903E-15
1.09671  2.005656E-15
1.09698  2.044822E-15
1.09725  1.987163E-15
1.09752  2.046675E-15
1.09779  2.067213E-15
1.09806  2.075016E-15
1.09833  2.084245E-15
1.0986  2.066348E-15
1.09886  2.078802E-15
1.09913  2.047343E-15
1.0994  2.146432E-15
1.09967  2.101063E-15
1.09994  2.122174E-15
1.10021  2.146602E-15
1.10048  2.146834E-15
1.10075  2.170189E-15
1.10101  2.178714E-15
1.10128  2.207443E-15
1.10155  2.228676E-15
1.10182  2.238636E-15
1.10209  2.340956E-15
1.10236  2.360433E-15
1.10263  2.347258E-15
1.1029  2.375707E-15
1.10316  2.428316E-15
1.10343  2.426685E-15
1.1037  2.503678E-15
1.10397  2.524493E-15
1.10424  2.508746E-15
1.10451  2.554461E-15
1.10478  2.591581E-15
1.10505  2.646895E-15
1.10531  2.720792E-15
1.10558  2.681969E-15
1.10585  2.750982E-15
1.10612  2.784023E-15
1.10639  2.838573E-15
1.10666  2.897894E-15
1.10693  2.916841E-15
1.10719  3.044556E-15
1.10746  3.062828E-15
1.10773  3.171041E-15
1.108  3.189310E-15
1.10827  3.288348E-15
1.10854  3.471056E-15
1.10881  3.549922E-15
1.10908  3.663089E-15
1.10934  3.772845E-15
1.10961  4.022080E-15
1.10988  4.170635E-15
1.11015  4.263673E-15
1.11042  4.597639E-15
1.11069  4.770017E-15
1.11096  5.020186E-15
1.11122  5.302151E-15
1.11149  5.734258E-15
1.11176  6.009944E-15
1.11203  6.468274E-15
1.1123  6.869898E-15
1.11257  6.853178E-15
1.11284  6.938264E-15
1.11311  6.565714E-15
1.11337  5.962536E-15
1.11364  5.482231E-15
1.11391  4.991930E-15
1.11418  4.802028E-15
1.11445  4.530014E-15
1.11472  4.445463E-15
1.11499  4.327045E-15
1.11525  4.112583E-15
1.11552  4.039620E-15
1.11579  3.910227E-15
1.11606  3.828642E-15
1.11633  3.729498E-15
1.1166  3.631645E-15
1.11687  3.376788E-15
1.11714  3.405558E-15
1.1174  3.343231E-15
1.11767  3.284941E-15
1.11794  3.280802E-15
1.11821  3.284212E-15
1.11848  3.116173E-15
1.11875  3.064872E-15
1.11902  3.055150E-15
1.11928  3.078159E-15
1.11955  2.997804E-15
1.11982  3.107021E-15
1.12009  3.082833E-15
1.12036  3.052095E-15
1.12063  3.103045E-15
1.1209  3.039510E-15
1.12116  3.200100E-15
1.12143  3.137288E-15
1.1217  3.108324E-15
1.12197  3.132227E-15
1.12224  3.178999E-15
1.12251  3.098721E-15
1.12278  3.174544E-15
1.12304  3.138971E-15
1.12331  3.262758E-15
1.12358  3.304954E-15
1.12385  3.211111E-15
1.12412  3.207364E-15
1.12439  3.197308E-15
1.12466  3.118352E-15
1.12492  3.019407E-15
1.12519  2.996351E-15
1.12546  2.885411E-15
1.12573  2.757532E-15
1.126  2.726110E-15
1.12627  2.737545E-15
1.12654  2.616612E-15
1.1268  2.619972E-15
1.12707  2.523154E-15
1.12734  2.483210E-15
1.12761  2.373323E-15
1.12788  2.290973E-15
1.12815  2.341284E-15
1.12832  2.343918E-15
1.12865  2.342191E-15
1.12897  2.332786E-15
1.1293  2.258481E-15
1.12962  2.182431E-15
1.12995  2.114742E-15
1.13027  2.116751E-15
1.1306  2.076596E-15
1.13092  2.089918E-15
1.13125  2.039122E-15
1.13157  1.989996E-15
1.1319  2.004952E-15
1.13222  2.002260E-15
1.13255  1.991983E-15
1.13288  1.982566E-15
1.1332  1.996360E-15
1.13353  2.002957E-15
1.13385  1.962322E-15
1.13418  1.921645E-15
1.1345  1.981895E-15
1.13483  1.912380E-15
1.13515  1.932058E-15
1.13548  1.916173E-15
1.1358  2.011308E-15
1.13613  1.949579E-15
1.13645  1.889591E-15
1.13678  1.894000E-15
1.1371  1.947393E-15
1.13743  1.959455E-15
1.13775  1.905430E-15
1.13808  1.935071E-15
1.1384  1.953269E-15
1.13873  1.958504E-15
1.13905  1.904745E-15
1.13938  1.962065E-15
1.13971  1.976533E-15
1.14003  1.982616E-15
1.14036  1.958820E-15
1.14068  1.965574E-15
1.14101  1.988520E-15
1.14133  1.960844E-15
1.14166  1.960394E-15
1.14198  1.978619E-15
1.14231  1.965064E-15
1.14263  1.970508E-15
1.14296  1.968917E-15
1.14328  1.958117E-15
1.14361  1.953921E-15
1.14393  1.986608E-15
1.14426  1.952175E-15
1.14458  1.932575E-15
1.14491  1.952942E-15
1.14523  1.954440E-15
1.14556  1.915522E-15
1.14588  1.881127E-15
1.14621  1.888936E-15
1.14653  1.886134E-15
1.14686  1.885593E-15
1.14718  1.856224E-15
1.14751  1.891552E-15
1.14783  1.859872E-15
1.14816  1.863694E-15
1.14848  1.887826E-15
1.14881  1.855687E-15
1.14913  1.859384E-15
1.14946  1.842093E-15
1.14978  1.861599E-15
1.15011  1.858829E-15
1.15043  1.847974E-15
1.15075  1.892200E-15
1.15108  1.898301E-15
1.1514  1.886180E-15
1.15173  1.894750E-15
1.15205  1.925675E-15
1.15238  1.934098E-15
1.1527  1.917615E-15
1.15303  1.915766E-15
1.15335  1.929723E-15
1.15368  2.004186E-15
1.154  1.979159E-15
1.15433  1.987255E-15
1.15465  1.960754E-15
1.15498  2.020224E-15
1.1553  2.015373E-15
1.15563  2.026302E-15
1.15595  2.050064E-15
1.15628  2.070425E-15
1.1566  2.097229E-15
1.15693  2.098858E-15
1.15725  2.138052E-15
1.15758  2.173217E-15
1.1579  2.190553E-15
1.15822  2.152646E-15
1.15855  2.215947E-15
1.15887  2.242284E-15
1.1592  2.215805E-15
1.15952  2.250464E-15
1.15985  2.246717E-15
1.16017  2.243306E-15
1.1605  2.203102E-15
1.16082  2.184616E-15
1.16115  2.184153E-15
1.16147  2.174137E-15
1.1618  2.144089E-15
1.16212  2.108105E-15
1.16244  2.077623E-15
1.16277  2.043000E-15
1.16309  2.022251E-15
1.16342  2.008987E-15
1.16374  2.001003E-15
1.16407  1.944016E-15
1.16439  1.909108E-15
1.16472  1.908526E-15
1.16504  1.906575E-15
1.16537  1.880919E-15
1.16569  1.902340E-15
1.16601  1.883302E-15
1.16634  1.883473E-15
1.16666  1.849428E-15
1.16699  1.874035E-15
1.16731  1.876193E-15
1.16764  1.868954E-15
1.16796  1.870360E-15
1.16829  1.859998E-15
1.16861  1.841779E-15
1.16894  1.831972E-15
1.16926  1.827924E-15
1.16958  1.788808E-15
1.16991  1.832209E-15
1.17023  1.815685E-15
1.17056  1.796340E-15
1.17088  1.819072E-15
1.17121  1.811534E-15
1.17153  1.821467E-15
1.17185  1.797569E-15
1.17218  1.814344E-15
1.1725  1.802116E-15
1.17283  1.784749E-15
1.17315  1.828268E-15
1.17348  1.806409E-15
1.1738  1.842404E-15
1.17413  1.831222E-15
1.17445  1.833652E-15
1.17477  1.829825E-15
1.1751  1.853051E-15
1.17542  1.831738E-15
1.17575  1.855393E-15
1.17607  1.844421E-15
1.1764  1.835882E-15
1.17672  1.816921E-15
1.17704  1.818976E-15
1.17737  1.865397E-15
1.17769  1.847335E-15
1.17802  1.840029E-15
1.17834  1.843201E-15
1.17867  1.837149E-15
1.17899  1.842190E-15
1.17931  1.834824E-15
1.17964  1.800514E-15
1.17996  1.820352E-15
1.18029  1.812245E-15
1.18061  1.826861E-15
1.18093  1.820269E-15
1.18126  1.821100E-15
1.18158  1.844194E-15
1.18191  1.811027E-15
1.18223  1.844260E-15
1.18256  1.848526E-15
1.18288  1.842832E-15
1.1832  1.820809E-15
1.18353  1.827863E-15
1.18385  1.832067E-15
1.18418  1.840040E-15
1.1845  1.833386E-15
1.18482  1.837455E-15
1.18515  1.860366E-15
1.18547  1.857063E-15
1.1858  1.852121E-15
1.18612  1.853287E-15
1.18644  1.844358E-15
1.18677  1.838394E-15
1.18709  1.838735E-15
1.18742  1.855996E-15
1.18774  1.839752E-15
1.18806  1.842922E-15
1.18839  1.836018E-15
1.18871  1.826632E-15
1.18904  1.854392E-15
1.18936  1.862331E-15
1.18968  1.880697E-15
1.19001  1.869306E-15
1.19033  1.831961E-15
1.19066  1.844606E-15
1.19098  1.814537E-15
1.1913  1.828602E-15
1.19163  1.830623E-15
1.19195  1.836674E-15
1.19228  1.821518E-15
1.1926  1.840121E-15
1.19292  1.816546E-15
1.19325  1.839573E-15
1.19357  1.848899E-15
1.1939  1.859643E-15
1.19422  1.856176E-15
1.19454  1.849057E-15
1.19487  1.876891E-15
1.19519  1.846348E-15
1.19552  1.848943E-15
1.19584  1.835753E-15
1.19616  1.852631E-15
1.19649  1.830823E-15
1.19681  1.836058E-15
1.19714  1.863450E-15
1.19746  1.852233E-15
1.19778  1.833870E-15
1.19811  1.833502E-15
1.19843  1.845100E-15
1.19875  1.854006E-15
1.19908  1.842602E-15
1.1994  1.844727E-15
1.19973  1.810229E-15
1.20005  1.853130E-15
1.20037  1.813147E-15
1.2007  1.825410E-15
1.20102  1.846039E-15
1.20134  1.817887E-15
1.20167  1.828095E-15
1.20199  1.826498E-15
1.20232  1.839313E-15
1.20264  1.847487E-15
1.20296  1.833406E-15
1.20329  1.835521E-15
1.20361  1.843236E-15
1.20393  1.844965E-15
1.20426  1.830426E-15
1.20458  1.839716E-15
1.20491  1.841434E-15
1.20523  1.818741E-15
1.20555  1.823818E-15
1.20588  1.830604E-15
1.2062  1.813189E-15
1.20652  1.844792E-15
1.20685  1.829139E-15
1.20717  1.820004E-15
1.2075  1.810795E-15
1.20782  1.837923E-15
1.20814  1.837077E-15
1.20847  1.822917E-15
1.20879  1.846529E-15
1.20911  1.806911E-15
1.20944  1.810746E-15
1.20976  1.802812E-15
1.21008  1.809671E-15
1.21041  1.821626E-15
1.21073  1.838388E-15
1.21106  1.815713E-15
1.21138  1.807883E-15
1.2117  1.844783E-15
1.21203  1.803242E-15
1.21235  1.822254E-15
1.21267  1.809797E-15
1.213  1.820136E-15
1.21332  1.822460E-15
1.21364  1.833434E-15
1.21397  1.832911E-15
1.21429  1.818944E-15
1.21461  1.795034E-15
1.21494  1.779077E-15
1.21526  1.791688E-15
1.21559  1.804839E-15
1.21591  1.792093E-15
1.21623  1.773960E-15
1.21656  1.787361E-15
1.21688  1.808077E-15
1.2172  1.808338E-15
1.21753  1.808722E-15
1.21785  1.821987E-15
1.21817  1.814922E-15
1.2185  1.828352E-15
1.21882  1.822902E-15
1.21914  1.809408E-15
1.21947  1.807937E-15
1.21979  1.816606E-15
1.22011  1.798706E-15
1.22044  1.813406E-15
1.22076  1.811645E-15
1.22108  1.791360E-15
1.22141  1.791151E-15
1.22173  1.799715E-15
1.22205  1.805508E-15
1.22238  1.782275E-15
1.2227  1.789234E-15
1.22302  1.817768E-15
1.22335  1.792068E-15
1.22367  1.824122E-15
1.22399  1.821059E-15
1.22432  1.809964E-15
1.22464  1.846860E-15
1.22496  1.801465E-15
1.22529  1.815432E-15
1.22561  1.825807E-15
1.22593  1.804652E-15
1.22626  1.834680E-15
1.22658  1.838002E-15
1.2269  1.804403E-15
1.22723  1.817202E-15
1.22755  1.820347E-15
1.22787  1.819692E-15
1.2282  1.795071E-15
1.22852  1.783251E-15
1.22884  1.798217E-15
1.22917  1.825356E-15
1.22949  1.828814E-15
1.22981  1.797395E-15
1.23014  1.802914E-15
1.23046  1.787889E-15
1.23078  1.801698E-15
1.23111  1.768313E-15
1.23143  1.764597E-15
1.23175  1.797742E-15
1.23208  1.797950E-15
1.2324  1.796837E-15
1.23272  1.805188E-15
1.23305  1.807708E-15
1.23337  1.804543E-15
1.23369  1.797964E-15
1.23402  1.793716E-15
1.23434  1.809834E-15
1.23466  1.798518E-15
1.23499  1.799434E-15
1.23531  1.790711E-15
1.23563  1.803111E-15
1.23596  1.787756E-15
1.23628  1.778450E-15
1.2366  1.789008E-15
1.23693  1.794400E-15
1.23725  1.795692E-15
1.23757  1.776228E-15
1.23789  1.824351E-15
1.23822  1.777687E-15
1.23854  1.797892E-15
1.23886  1.798945E-15
1.23919  1.787590E-15
1.23951  1.782991E-15
1.23983  1.789477E-15
1.24016  1.780922E-15
1.24048  1.779060E-15
1.2408  1.772401E-15
1.24113  1.772693E-15
1.24145  1.758687E-15
1.24177  1.768753E-15
1.24209  1.812860E-15
1.24242  1.773054E-15
1.24274  1.778145E-15
1.24306  1.777949E-15
1.24339  1.785931E-15
1.24371  1.767181E-15
1.24403  1.781876E-15
1.24436  1.794593E-15
1.24468  1.771432E-15
1.245  1.773973E-15
1.24533  1.822317E-15
1.24565  1.800114E-15
1.24597  1.815754E-15
1.24629  1.804081E-15
1.24662  1.775844E-15
1.24694  1.793586E-15
1.24726  1.783131E-15
1.24759  1.776297E-15
1.24791  1.780159E-15
1.24823  1.775001E-15
1.24856  1.795705E-15
1.24888  1.799078E-15
1.2492  1.791277E-15
1.24952  1.793266E-15
1.24985  1.795837E-15
1.25017  1.783522E-15
1.25049  1.761981E-15
1.25082  1.760484E-15
1.25114  1.768268E-15
1.25146  1.778350E-15
1.25179  1.770165E-15
1.25211  1.781506E-15
1.25243  1.775610E-15
1.25275  1.773772E-15
1.25308  1.784850E-15
1.2534  1.776532E-15
1.25372  1.783534E-15
1.25405  1.775829E-15
1.25437  1.794407E-15
1.25469  1.764747E-15
1.25501  1.784230E-15
1.25534  1.788412E-15
1.25566  1.766408E-15
1.25598  1.802186E-15
1.25631  1.781399E-15
1.25663  1.787766E-15
1.25695  1.796108E-15
1.25727  1.798388E-15
1.2576  1.780098E-15
1.25792  1.797414E-15
1.25824  1.780218E-15
1.25857  1.768314E-15
1.25889  1.793126E-15
1.25921  1.780204E-15
1.25953  1.769820E-15
1.25986  1.787487E-15
1.26018  1.788894E-15
1.2605  1.795187E-15
1.26083  1.783866E-15
1.26115  1.780812E-15
1.26147  1.790630E-15
1.26179  1.783615E-15
1.26212  1.779292E-15
1.26244  1.753054E-15
1.26276  1.779703E-15
1.26309  1.785808E-15
1.26341  1.787037E-15
1.26373  1.784878E-15
1.26405  1.798644E-15
1.26438  1.811329E-15
1.2647  1.805520E-15
1.26502  1.774421E-15
1.26534  1.786389E-15
1.26567  1.794478E-15
1.26599  1.789304E-15
1.26631  1.780046E-15
1.26664  1.814838E-15
1.26696  1.776382E-15
1.26728  1.763414E-15
1.2676  1.787064E-15
1.26793  1.782867E-15
1.26825  1.783629E-15
1.26857  1.742361E-15
1.2689  1.749950E-15
1.26922  1.751066E-15
1.26954  1.756714E-15
1.26986  1.770945E-15
1.27019  1.789591E-15
1.27051  1.804465E-15
1.27083  1.781772E-15
1.27115  1.765616E-15
1.27148  1.785374E-15
1.2718  1.769416E-15
1.27212  1.781266E-15
1.27244  1.783347E-15
1.27277  1.779869E-15
1.27309  1.765959E-15
1.27341  1.765443E-15
1.27374  1.759939E-15
1.27406  1.773274E-15
1.27438  1.774379E-15
1.2747  1.786841E-15
1.27503  1.750094E-15
1.27535  1.771855E-15
1.27567  1.775287E-15
1.27599  1.771997E-15
1.27632  1.777018E-15
1.27664  1.777812E-15
1.27696  1.737288E-15
1.27728  1.761665E-15
1.27761  1.772430E-15
1.27793  1.747190E-15
1.27825  1.768356E-15
1.27857  1.785936E-15
1.2789  1.768166E-15
1.27922  1.813668E-15
1.27954  1.800884E-15
1.27987  1.803806E-15
1.28019  1.810790E-15
1.28051  1.766835E-15
1.28083  1.784071E-15
1.28116  1.759374E-15
1.28148  1.799481E-15
1.2818  1.795320E-15
1.28212  1.801836E-15
1.28245  1.810969E-15
1.28277  1.812935E-15
1.28309  1.795657E-15
1.28341  1.798163E-15
1.28374  1.787095E-15
1.28406  1.825152E-15
1.28438  1.809120E-15
1.2847  1.842408E-15
1.28503  1.843532E-15
1.28535  1.862508E-15
1.28567  1.854785E-15
1.28599  1.841070E-15
1.28632  1.836338E-15
1.28664  1.858553E-15
1.28696  1.826345E-15
1.28728  1.815404E-15
1.28761  1.813247E-15
1.28793  1.820592E-15
1.28825  1.815913E-15
1.28857  1.826103E-15
1.2889  1.828244E-15
1.28922  1.809019E-15
1.28954  1.788829E-15
1.28986  1.831962E-15
1.29019  1.818104E-15
1.29051  1.844967E-15
1.29083  1.865496E-15
1.29115  1.874179E-15
1.29148  1.866727E-15
1.2918  1.847503E-15
1.29212  1.845991E-15
1.29244  1.789520E-15
1.29277  1.794901E-15
1.29309  1.768798E-15
1.29341  1.787675E-15
1.29373  1.767333E-15
1.29406  1.752887E-15
1.29438  1.753121E-15
1.2947  1.788907E-15
1.29502  1.778313E-15
1.29535  1.798350E-15
1.29567  1.778176E-15
1.29599  1.782219E-15
1.29631  1.794887E-15
1.29664  1.779757E-15
1.29696  1.787837E-15
1.29728  1.774100E-15
1.2976  1.780249E-15
1.29792  1.792024E-15
1.29825  1.802738E-15
1.29857  1.816193E-15
1.29889  1.764618E-15
1.29921  1.824442E-15
1.29954  1.785487E-15
1.29986  1.786384E-15
1.30018  1.819411E-15
1.3005  1.823255E-15
1.30083  1.823995E-15
1.30115  1.847089E-15
1.30147  1.824959E-15
1.30179  1.838764E-15
1.30212  1.801453E-15
1.30244  1.840805E-15
1.30276  1.843954E-15
1.30308  1.826215E-15
1.30341  1.858550E-15
1.30373  1.832096E-15
1.30405  1.881561E-15
1.30437  1.878764E-15
1.30469  1.932958E-15
1.30502  1.925044E-15
1.30534  1.950186E-15
1.30566  1.957981E-15
1.30598  1.969261E-15
1.30631  1.998820E-15
1.30663  1.997961E-15
1.30695  2.009935E-15
1.30727  2.050936E-15
1.3076  2.034120E-15
1.30792  2.083564E-15
1.30824  2.075474E-15
1.30856  2.132862E-15
1.30889  2.144179E-15
1.30921  2.181730E-15
1.30953  2.182560E-15
1.30985  2.228419E-15
1.31017  2.256850E-15
1.3105  2.291565E-15
1.31082  2.330014E-15
1.31114  2.387257E-15
1.31146  2.441501E-15
1.31179  2.499964E-15
1.31211  2.566682E-15
1.31243  2.597273E-15
1.31275  2.713389E-15
1.31308  2.771242E-15
1.3134  2.848366E-15
1.31372  2.938223E-15
1.31404  2.985919E-15
1.31436  3.016263E-15
1.31469  3.077044E-15
1.31501  3.169039E-15
1.31533  3.225275E-15
1.31565  3.294005E-15
1.31598  3.384550E-15
1.3163  3.399000E-15
1.31662  3.472080E-15
1.31694  3.460271E-15
1.31726  3.426977E-15
1.31759  3.353926E-15
1.31791  3.271774E-15
1.31823  3.194965E-15
1.31855  3.102014E-15
1.31888  3.005663E-15
1.3192  2.940370E-15
1.31952  2.856477E-15
1.31984  2.789540E-15
1.32016  2.720717E-15
1.32049  2.638137E-15
1.32081  2.564301E-15
1.32113  2.505178E-15
1.32145  2.468058E-15
1.32178  2.378353E-15
1.3221  2.325115E-15
1.32242  2.285945E-15
1.32274  2.217708E-15
1.32306  2.167698E-15
1.32339  2.114962E-15
1.32371  2.097889E-15
1.32403  2.054901E-15
1.32435  2.026904E-15
1.32468  2.010807E-15
1.325  1.952304E-15
1.32532  1.936303E-15
1.32564  1.882384E-15
1.32596  1.910926E-15
1.32629  1.891639E-15
1.32661  1.894785E-15
1.32693  1.864875E-15
1.32725  1.856619E-15
1.32758  1.853338E-15
1.3279  1.841258E-15
1.32822  1.836382E-15
1.32854  1.851364E-15
1.32886  1.812317E-15
1.32919  1.805316E-15
1.32951  1.813126E-15
1.32983  1.842949E-15
1.33015  1.816838E-15
1.33047  1.805361E-15
1.3308  1.814621E-15
1.33112  1.805093E-15
1.33144  1.804570E-15
1.33176  1.786058E-15
1.33209  1.793462E-15
1.33241  1.785904E-15
1.33273  1.759476E-15
1.33305  1.775026E-15
1.33337  1.776173E-15
1.3337  1.759983E-15
1.33402  1.765036E-15
1.33434  1.743179E-15
1.33466  1.781048E-15
1.33498  1.770102E-15
1.33531  1.776242E-15
1.33563  1.745476E-15
1.33595  1.751026E-15
1.33627  1.751655E-15
1.3366  1.728961E-15
1.33692  1.722628E-15
1.33724  1.748081E-15
1.33756  1.739002E-15
1.33788  1.711378E-15
1.33821  1.713105E-15
1.33853  1.747384E-15
1.33885  1.740181E-15
1.33917  1.763684E-15
1.33949  1.733255E-15
1.33982  1.745206E-15
1.34014  1.748559E-15
1.34046  1.733349E-15
1.34078  1.706185E-15
1.3411  1.720592E-15
1.34143  1.757383E-15
1.34175  1.762373E-15
1.34207  1.722727E-15
1.34239  1.769969E-15
1.34272  1.739202E-15
1.34304  1.743342E-15
1.34336  1.743660E-15
1.34368  1.753259E-15
1.344  1.724244E-15
1.34433  1.727908E-15
1.34465  1.735912E-15
1.34497  1.742745E-15
1.34529  1.720744E-15
1.34561  1.734164E-15
1.34594  1.715850E-15
1.41155  1.702348E-15
1.41196  1.701052E-15
1.41237  1.698444E-15
1.41277  1.688048E-15
1.41318  1.687144E-15
1.41358  1.719140E-15
1.41399  1.715819E-15
1.4144  1.684279E-15
1.4148  1.647247E-15
1.41521  1.640271E-15
1.41562  1.693582E-15
1.41602  1.708358E-15
1.41643  1.700627E-15
1.41683  1.695748E-15
1.41724  1.695423E-15
1.41765  1.661512E-15
1.41805  1.689837E-15
1.41846  1.648533E-15
1.41887  1.730269E-15
1.41927  1.653514E-15
1.41968  1.625792E-15
1.42008  1.657234E-15
1.42049  1.722412E-15
1.4209  1.693895E-15
1.4213  1.681427E-15
1.42171  1.693277E-15
1.42211  1.697848E-15
1.42252  1.695592E-15
1.42293  1.697818E-15
1.42333  1.687674E-15
1.42374  1.653606E-15
1.42414  1.645074E-15
1.42455  1.667858E-15
1.42496  1.686966E-15
1.42536  1.705299E-15
1.42577  1.675322E-15
1.42617  1.639461E-15
1.42658  1.670854E-15
1.42699  1.719095E-15
1.42739  1.704059E-15
1.4278  1.674270E-15
1.4282  1.649562E-15
1.42861  1.686754E-15
1.42902  1.656471E-15
1.42942  1.676433E-15
1.42983  1.668181E-15
1.43023  1.685149E-15
1.43064  1.660814E-15
1.43104  1.678876E-15
1.43145  1.706763E-15
1.43186  1.668607E-15
1.43226  1.656486E-15
1.43267  1.673813E-15
1.43307  1.662125E-15
1.43348  1.685614E-15
1.43388  1.698379E-15
1.43429  1.676762E-15
1.4347  1.664331E-15
1.4351  1.668962E-15
1.43551  1.692532E-15
1.43591  1.693705E-15
1.43632  1.651118E-15
1.43673  1.664149E-15
1.43713  1.679317E-15
1.43754  1.692472E-15
1.43794  1.638267E-15
1.43835  1.623465E-15
1.43875  1.668262E-15
1.43916  1.683150E-15
1.43956  1.685427E-15
1.43997  1.678014E-15
1.44038  1.682892E-15
1.44078  1.710946E-15
1.44119  1.709890E-15
1.44159  1.679766E-15
1.442  1.675253E-15
1.4424  1.709931E-15
1.44281  1.717707E-15
1.44322  1.655082E-15
1.44362  1.661363E-15
1.44403  1.692819E-15
1.44443  1.706983E-15
1.44484  1.693153E-15
1.44524  1.679149E-15
1.44565  1.666693E-15
1.44605  1.590147E-15
1.44646  1.596097E-15
1.44686  1.681892E-15
1.44727  1.676978E-15
1.44768  1.661489E-15
1.44808  1.656958E-15
1.44849  1.677454E-15
1.44889  1.662441E-15
1.4493  1.661283E-15
1.4497  1.675351E-15
1.45011  1.674987E-15
1.45051  1.639396E-15
1.45092  1.610984E-15
1.45132  1.615253E-15
1.45173  1.627794E-15
1.45214  1.672239E-15
1.45254  1.659725E-15
1.45295  1.627767E-15
1.45335  1.655254E-15
1.45376  1.647959E-15
1.45416  1.659849E-15
1.45457  1.663302E-15
1.45497  1.670994E-15
1.45538  1.639090E-15
1.45578  1.633282E-15
1.45619  1.646914E-15
1.45659  1.684289E-15
1.457  1.654511E-15
1.4574  1.649517E-15
1.45781  1.639419E-15
1.45821  1.638272E-15
1.45862  1.654100E-15
1.45902  1.671444E-15
1.45943  1.678959E-15
1.45984  1.679678E-15
1.46024  1.688782E-15
1.46065  1.650078E-15
1.46105  1.641744E-15
1.46146  1.674554E-15
1.46186  1.667695E-15
1.46227  1.661464E-15
1.46267  1.683054E-15
1.46308  1.659388E-15
1.46348  1.640970E-15
1.46389  1.636184E-15
1.46429  1.668032E-15
1.4647  1.702323E-15
1.4651  1.685092E-15
1.46551  1.679017E-15
1.46591  1.690985E-15
1.46632  1.739997E-15
1.46672  1.742973E-15
1.46713  1.735743E-15
1.46753  1.741514E-15
1.46794  1.744882E-15
1.46834  1.738559E-15
1.46875  1.739474E-15
1.46915  1.745626E-15
1.46956  1.711056E-15
1.46996  1.694859E-15
1.47037  1.710031E-15
1.47077  1.661063E-15
1.47118  1.662484E-15
1.47158  1.643401E-15
1.47199  1.697538E-15
1.47239  1.707246E-15
1.4728  1.659683E-15
1.4732  1.662444E-15
1.47361  1.688304E-15
1.47401  1.677933E-15
1.47442  1.658646E-15
1.47482  1.675105E-15
1.47523  1.680607E-15
1.47563  1.662249E-15
1.47604  1.639655E-15
1.47644  1.636675E-15
1.47685  1.663800E-15
1.47725  1.683721E-15
1.47766  1.650760E-15
1.47806  1.656396E-15
1.47847  1.638709E-15
1.47887  1.674480E-15
1.47927  1.673726E-15
1.47968  1.637531E-15
1.48008  1.664819E-15
1.48049  1.640033E-15
1.48089  1.656603E-15
1.4813  1.657302E-15
1.4817  1.673387E-15
1.48211  1.665214E-15
1.48251  1.647448E-15
1.48292  1.658101E-15
1.48332  1.667868E-15
1.48373  1.686682E-15
1.48413  1.664064E-15
1.48454  1.664969E-15
1.48494  1.655818E-15
1.48535  1.668109E-15
1.48575  1.661132E-15
1.48616  1.667354E-15
1.48656  1.672350E-15
1.48696  1.665662E-15
1.48737  1.666156E-15
1.48777  1.693900E-15
1.48818  1.692312E-15
1.48858  1.691744E-15
1.48899  1.667387E-15
1.48939  1.704124E-15
1.4898  1.682951E-15
1.4902  1.651086E-15
1.49061  1.665704E-15
1.49101  1.678539E-15
1.49142  1.662096E-15
1.49182  1.662033E-15
1.49222  1.642583E-15
1.49263  1.659291E-15
1.49303  1.666831E-15
1.49344  1.667231E-15
1.49384  1.662853E-15
1.49425  1.665983E-15
1.49465  1.646514E-15
1.49506  1.653219E-15
1.49546  1.656865E-15
1.49586  1.646575E-15
1.49627  1.651178E-15
1.49667  1.650333E-15
1.49708  1.658242E-15
1.49748  1.652989E-15
1.49789  1.664132E-15
1.49829  1.667777E-15
1.4987  1.654830E-15
1.4991  1.656148E-15
1.4995  1.648073E-15
1.49991  1.643016E-15
1.50031  1.632872E-15
1.50072  1.635930E-15
1.50112  1.626177E-15
1.50153  1.638030E-15
1.50193  1.654486E-15
1.50234  1.640614E-15
1.50274  1.652797E-15
1.50314  1.670550E-15
1.50355  1.655504E-15
1.50395  1.660920E-15
1.50436  1.651106E-15
1.50476  1.661702E-15
1.50517  1.662216E-15
1.50557  1.665027E-15
1.50597  1.635289E-15
1.50638  1.642373E-15
1.50678  1.637523E-15
1.50719  1.647696E-15
1.50759  1.655799E-15
1.508  1.660236E-15
1.5084  1.653647E-15
1.5088  1.657899E-15
1.50921  1.637440E-15
1.50961  1.653955E-15
1.51002  1.650557E-15
1.51042  1.664569E-15
1.51083  1.641332E-15
1.51123  1.649682E-15
1.51163  1.649538E-15
1.51204  1.667533E-15
1.51244  1.663343E-15
1.51285  1.652214E-15
1.51325  1.665895E-15
1.51366  1.661664E-15
1.51406  1.663321E-15
1.51446  1.650402E-15
1.51487  1.652131E-15
1.51527  1.650721E-15
1.51568  1.652142E-15
1.51608  1.659574E-15
1.51648  1.652266E-15
1.51689  1.654921E-15
1.51729  1.652081E-15
1.5177  1.643650E-15
1.5181  1.661036E-15
1.5185  1.656147E-15
1.51891  1.659224E-15
1.51931  1.652153E-15
1.51972  1.649807E-15
1.52012  1.654706E-15
1.52052  1.663414E-15
1.52093  1.642716E-15
1.52133  1.653719E-15
1.52174  1.648192E-15
1.52214  1.654141E-15
1.52255  1.641812E-15
1.52295  1.662056E-15
1.52335  1.668365E-15
1.52376  1.643974E-15
1.52416  1.651765E-15
1.52457  1.655645E-15
1.52497  1.667614E-15
1.52537  1.653465E-15
1.52578  1.666112E-15
1.52618  1.682402E-15
1.52659  1.664949E-15
1.52699  1.653065E-15
1.52739  1.649773E-15
1.5278  1.631261E-15
1.5282  1.610137E-15
1.5286  1.627250E-15
1.52901  1.608945E-15
1.52941  1.629258E-15
1.52982  1.636471E-15
1.53022  1.660868E-15
1.53062  1.654006E-15
1.53103  1.662309E-15
1.53143  1.648862E-15
1.53184  1.641362E-15
1.53224  1.652969E-15
1.53264  1.672199E-15
1.53305  1.651591E-15
1.53345  1.630974E-15
1.53386  1.663321E-15
1.53426  1.681171E-15
1.53466  1.669742E-15
1.53507  1.661286E-15
1.53547  1.670741E-15
1.53587  1.657862E-15
1.53628  1.660907E-15
1.53668  1.661381E-15
1.53709  1.669889E-15
1.53749  1.662874E-15
1.53789  1.648154E-15
1.5383  1.650809E-15
1.5387  1.648279E-15
1.5391  1.649947E-15
1.53951  1.653959E-15
1.53991  1.647778E-15
1.54032  1.663311E-15
1.54072  1.661059E-15
1.54112  1.662572E-15
1.54153  1.659014E-15
1.54193  1.670247E-15
1.54233  1.651281E-15
1.54274  1.637160E-15
1.54314  1.648290E-15
1.54355  1.652775E-15
1.54395  1.626128E-15
1.54435  1.635406E-15
1.54476  1.636765E-15
1.54516  1.626975E-15
1.54556  1.625342E-15
1.54597  1.623440E-15
1.54637  1.616057E-15
1.54678  1.626076E-15
1.54718  1.649319E-15
1.54758  1.644312E-15
1.54799  1.653528E-15
1.54839  1.644788E-15
1.54879  1.652461E-15
1.5492  1.640111E-15
1.5496  1.641048E-15
1.55  1.633903E-15
1.55041  1.625194E-15
1.55081  1.636497E-15
1.55121  1.658134E-15
1.55162  1.634988E-15
1.55202  1.651956E-15
1.55243  1.659741E-15
1.55283  1.641388E-15
1.55323  1.651940E-15
1.55364  1.653236E-15
1.55404  1.628468E-15
1.55444  1.644027E-15
1.55485  1.628831E-15
1.55525  1.667801E-15
1.55565  1.642952E-15
1.55606  1.658077E-15
1.55646  1.660649E-15
1.55686  1.637764E-15
1.55727  1.644962E-15
1.55767  1.644419E-15
1.55808  1.626501E-15
1.55848  1.639672E-15
1.55888  1.629435E-15
1.55929  1.643778E-15
1.55969  1.630292E-15
1.56009  1.631270E-15
1.5605  1.640041E-15
1.5609  1.646396E-15
1.5613  1.637042E-15
1.56171  1.644384E-15
1.56211  1.631402E-15
1.56251  1.646197E-15
1.56292  1.641069E-15
1.56332  1.638233E-15
1.56372  1.626969E-15
1.56413  1.625974E-15
1.56453  1.639637E-15
1.56493  1.613407E-15
1.56534  1.619957E-15
1.56574  1.649633E-15
1.56614  1.644845E-15
1.56655  1.641866E-15
1.56695  1.635784E-15
1.56735  1.648798E-15
1.56776  1.655274E-15
1.56816  1.656849E-15
1.56856  1.644415E-15
1.56897  1.656462E-15
1.56937  1.646926E-15
1.56977  1.650217E-15
1.57018  1.642110E-15
1.57058  1.637980E-15
1.57098  1.628939E-15
1.57139  1.623278E-15
1.57179  1.653916E-15
1.57219  1.638955E-15
1.5726  1.662377E-15
1.573  1.657683E-15
1.5734  1.654293E-15
1.57381  1.663133E-15
1.57421  1.664060E-15
1.57461  1.659520E-15
1.57502  1.662511E-15
1.57542  1.671114E-15
1.57582  1.660203E-15
1.57623  1.675403E-15
1.57663  1.668294E-15
1.57703  1.654209E-15
1.57744  1.658012E-15
1.57784  1.645848E-15
1.57824  1.660811E-15
1.57865  1.628837E-15
1.57905  1.642917E-15
1.57945  1.643011E-15
1.57986  1.630263E-15
1.58026  1.636615E-15
1.58066  1.624339E-15
1.58107  1.618722E-15
1.58147  1.616300E-15
1.58187  1.623823E-15
1.58228  1.638764E-15
1.58268  1.628461E-15
1.58308  1.634731E-15
1.58349  1.637825E-15
1.58389  1.630760E-15
1.58429  1.626622E-15
1.58469  1.632163E-15
1.5851  1.648971E-15
1.5855  1.661630E-15
1.5859  1.646891E-15
1.58631  1.667213E-15
1.58671  1.665469E-15
1.58711  1.661917E-15
1.58752  1.658673E-15
1.58792  1.657802E-15
1.58832  1.672689E-15
1.58873  1.666004E-15
1.58913  1.654491E-15
1.58953  1.663317E-15
1.58994  1.672492E-15
1.59034  1.664421E-15
1.59074  1.673154E-15
1.59114  1.684537E-15
1.59155  1.655461E-15
1.59195  1.656049E-15
1.59235  1.647116E-15
1.59276  1.640781E-15
1.59316  1.636634E-15
1.59356  1.643231E-15
1.59397  1.641939E-15
1.59437  1.654185E-15
1.59477  1.642304E-15
1.59518  1.639801E-15
1.59558  1.648616E-15
1.59598  1.638595E-15
1.59638  1.625001E-15
1.59679  1.623678E-15
1.59719  1.626187E-15
1.59759  1.617841E-15
1.598  1.622147E-15
1.5984  1.618545E-15
1.5988  1.616803E-15
1.59921  1.618911E-15
1.59961  1.599043E-15
1.60001  1.605947E-15
1.60041  1.617462E-15
1.60082  1.605800E-15
1.60122  1.613597E-15
1.60162  1.616075E-15
1.60203  1.613809E-15
1.60243  1.614295E-15
1.60283  1.627524E-15
1.60324  1.621386E-15
1.60364  1.615352E-15
1.60404  1.618312E-15
1.60444  1.620718E-15
1.60485  1.634377E-15
1.60525  1.637358E-15
1.60565  1.635472E-15
1.60606  1.631943E-15
1.60646  1.647172E-15
1.60686  1.630368E-15
1.60726  1.642795E-15
1.60767  1.647377E-15
1.60807  1.658037E-15
1.60847  1.639447E-15
1.60888  1.657970E-15
1.60928  1.659298E-15
1.60968  1.649846E-15
1.61009  1.648586E-15
1.61049  1.648938E-15
1.61089  1.647062E-15
1.61129  1.641604E-15
1.6117  1.643075E-15
1.6121  1.617989E-15
1.6125  1.639858E-15
1.61291  1.656152E-15
1.61331  1.644032E-15
1.61371  1.644333E-15
1.61411  1.645507E-15
1.61452  1.665670E-15
1.61492  1.657318E-15
1.61532  1.660924E-15
1.61573  1.646012E-15
1.61613  1.645564E-15
1.61653  1.653646E-15
1.61693  1.638499E-15
1.61734  1.637414E-15
1.61774  1.627400E-15
1.61814  1.637339E-15
1.61855  1.620355E-15
1.61895  1.609715E-15
1.61935  1.617766E-15
1.61975  1.593969E-15
1.62016  1.581748E-15
1.62056  1.579566E-15
1.62096  1.586714E-15
1.62136  1.581176E-15
1.62177  1.572199E-15
1.62217  1.578844E-15
1.62257  1.584318E-15
1.62298  1.605864E-15
1.62338  1.588790E-15
1.62378  1.603039E-15
1.62418  1.588984E-15
1.62459  1.614592E-15
1.62499  1.585379E-15
1.62539  1.598529E-15
1.6258  1.609124E-15
1.6262  1.588717E-15
1.6266  1.610609E-15
1.627  1.589833E-15
1.62741  1.604347E-15
1.62781  1.617147E-15
1.62821  1.607752E-15
1.62861  1.614693E-15
1.62902  1.613096E-15
1.62942  1.620570E-15
1.62982  1.629644E-15
1.63023  1.617930E-15
1.63063  1.628482E-15
1.63103  1.615599E-15
1.63143  1.620046E-15
1.63184  1.608548E-15
1.63224  1.601554E-15
1.63264  1.607745E-15
1.63304  1.582715E-15
1.63345  1.588772E-15
1.63385  1.603767E-15
1.63425  1.602088E-15
1.63466  1.610567E-15
1.63506  1.593355E-15
1.63546  1.576298E-15
1.63586  1.632350E-15
1.63627  1.618083E-15
1.63667  1.627731E-15
1.63707  1.630536E-15
1.63747  1.627770E-15
1.63788  1.631877E-15
1.63828  1.627316E-15
1.63868  1.629977E-15
1.63908  1.628248E-15
1.63949  1.600615E-15
1.63989  1.586022E-15
1.64029  1.590858E-15
1.6407  1.579127E-15
1.6411  1.572988E-15
1.6415  1.579291E-15
1.6419  1.574413E-15
1.64231  1.567852E-15
1.64271  1.598958E-15
1.64311  1.597291E-15
1.64351  1.589335E-15
1.64392  1.598458E-15
1.64432  1.597079E-15
1.64472  1.593503E-15
1.64512  1.589436E-15
1.64553  1.605492E-15
1.64593  1.589055E-15
1.64633  1.606004E-15
1.64673  1.619137E-15
1.64714  1.609839E-15
1.64754  1.613607E-15
1.64794  1.635632E-15
1.64835  1.607431E-15
1.64875  1.606072E-15
1.64915  1.622302E-15
1.64955  1.615220E-15
1.64996  1.622157E-15
1.65036  1.619084E-15
1.65076  1.614423E-15
1.65116  1.621698E-15
1.65157  1.625538E-15
1.65197  1.615185E-15
1.65237  1.621753E-15
1.65277  1.634720E-15
1.65318  1.635647E-15
1.65358  1.635569E-15
1.65398  1.633102E-15
1.65438  1.639126E-15
1.65479  1.627881E-15
1.65519  1.638345E-15
1.65559  1.646604E-15
1.65599  1.632396E-15
1.6564  1.638184E-15
1.6568  1.623730E-15
1.6572  1.618126E-15
1.6576  1.610676E-15
1.65801  1.611788E-15
1.65841  1.616766E-15
1.65881  1.606312E-15
1.65921  1.612295E-15
1.65962  1.612658E-15
1.66002  1.599672E-15
1.66042  1.591116E-15
1.66082  1.591192E-15
1.66123  1.595206E-15
1.66163  1.595826E-15
1.66203  1.577284E-15
1.66243  1.578222E-15
1.66284  1.567862E-15
1.66324  1.550233E-15
1.66364  1.552074E-15
1.66404  1.523435E-15
1.66445  1.533590E-15
1.66485  1.536548E-15
1.66525  1.537066E-15
1.66565  1.539451E-15
1.66606  1.545904E-15
1.66646  1.555874E-15
1.66686  1.565968E-15
1.66726  1.558213E-15
1.66767  1.566983E-15
1.66807  1.568362E-15
1.66847  1.564636E-15
1.66887  1.574124E-15
1.66928  1.542750E-15
1.66968  1.532270E-15
1.67008  1.539841E-15
1.67048  1.561557E-15
1.67089  1.568964E-15
1.67129  1.569656E-15
1.67169  1.585601E-15
1.67209  1.582839E-15
1.6725  1.606983E-15
1.6729  1.595036E-15
1.6733  1.588553E-15
1.6737  1.600941E-15
1.67411  1.607444E-15
1.67451  1.594104E-15
1.67491  1.594027E-15
1.67531  1.595437E-15
1.67572  1.608787E-15
1.67612  1.601741E-15
1.67652  1.600270E-15
1.67692  1.623387E-15
1.67733  1.598989E-15
1.67773  1.616776E-15
1.67813  1.612487E-15
1.67853  1.623254E-15
1.67894  1.607609E-15
1.67934  1.601977E-15
1.67974  1.598857E-15
1.68014  1.600205E-15
1.68055  1.634347E-15
1.68095  1.622710E-15
1.68135  1.613001E-15
1.68175  1.621871E-15
1.68216  1.623156E-15
1.68256  1.632641E-15
1.68296  1.619314E-15
1.68336  1.627097E-15
1.68377  1.623864E-15
1.68417  1.617270E-15
1.68457  1.634132E-15
1.68497  1.640624E-15
1.68537  1.625688E-15
1.68578  1.617711E-15
1.68618  1.638548E-15
1.68658  1.639783E-15
1.68698  1.642473E-15
1.68739  1.636023E-15
1.68779  1.650332E-15
1.68819  1.658534E-15
1.68859  1.684780E-15
1.689  1.664087E-15
1.6894  1.661162E-15
1.6898  1.643995E-15
1.6902  1.613078E-15
1.69061  1.609271E-15
1.69101  1.600620E-15
1.69141  1.565575E-15
1.69181  1.589648E-15
1.69222  1.590657E-15
1.69262  1.582651E-15
1.69302  1.559462E-15
1.69342  1.572940E-15
1.69383  1.563787E-15
1.69423  1.560054E-15
1.69463  1.561719E-15
1.69503  1.583608E-15
1.69543  1.583788E-15
1.69584  1.566901E-15
1.69624  1.579753E-15
1.69664  1.568255E-15
1.69704  1.566294E-15
1.69745  1.561536E-15
1.69785  1.568929E-15
1.69825  1.556837E-15
1.69865  1.544571E-15
1.69906  1.537724E-15
1.69946  1.552092E-15
1.69986  1.536405E-15
1.70026  1.539249E-15
1.70067  1.542471E-15
1.70107  1.596327E-15
1.70147  1.563995E-15
1.70187  1.554495E-15
1.70228  1.563157E-15
1.70268  1.555542E-15
1.70308  1.556727E-15
1.70348  1.553988E-15
1.70388  1.550707E-15
1.70429  1.548521E-15
1.70469  1.556772E-15
1.70509  1.551217E-15
1.70549  1.554358E-15
1.7059  1.548055E-15
1.7063  1.540902E-15
1.7067  1.537979E-15
1.7071  1.521097E-15
1.70751  1.529655E-15
1.70791  1.509875E-15
1.70831  1.525039E-15
1.70871  1.535738E-15
1.70912  1.525657E-15
1.70952  1.547293E-15
1.70992  1.550229E-15
1.71032  1.544091E-15
1.71072  1.556151E-15
1.71113  1.546091E-15
1.71153  1.558233E-15
1.71193  1.551357E-15
1.71233  1.540222E-15
1.71274  1.543188E-15
1.71314  1.537675E-15
1.71354  1.558818E-15
1.71394  1.566392E-15
1.71435  1.575850E-15
1.71475  1.564777E-15
1.71515  1.560882E-15
1.71555  1.557622E-15
1.71596  1.574411E-15
1.71636  1.556652E-15
1.71676  1.572878E-15
1.71716  1.571594E-15
1.71756  1.579281E-15
1.71797  1.588953E-15
1.71837  1.571890E-15
1.71877  1.590379E-15
1.71917  1.597614E-15
1.71958  1.604736E-15
1.71998  1.583138E-15
1.72038  1.578353E-15
1.72078  1.605267E-15
1.72119  1.603532E-15
1.72159  1.611033E-15
1.72199  1.615278E-15
1.72239  1.610749E-15
1.72279  1.646948E-15
1.7232  1.653895E-15
1.7236  1.666463E-15
1.724  1.654961E-15
1.7244  1.667212E-15
1.72481  1.640118E-15
1.72521  1.665002E-15
1.72561  1.653275E-15
1.72601  1.662782E-15
1.72642  1.654392E-15
1.72682  1.674607E-15
1.72722  1.654292E-15
1.72762  1.663501E-15
1.72803  1.687083E-15
1.72843  1.664710E-15
1.72883  1.662259E-15
1.72923  1.655058E-15
1.72963  1.656897E-15
1.73004  1.646246E-15
1.73044  1.640612E-15
1.73084  1.635705E-15
1.73124  1.643818E-15
1.73165  1.639392E-15
1.73205  1.644823E-15
1.73245  1.641758E-15
1.73285  1.651223E-15
1.73326  1.665426E-15
1.73366  1.652095E-15
1.73406  1.639193E-15
1.73446  1.635740E-15
1.73486  1.642829E-15
1.73527  1.618567E-15
1.73567  1.615246E-15
1.73607  1.617443E-15
1.73647  1.643397E-15
1.73688  1.628111E-15
1.73728  1.625405E-15
1.73768  1.615504E-15
1.73808  1.614661E-15
1.73849  1.618618E-15
1.73889  1.616291E-15
1.73929  1.603146E-15
1.73969  1.614155E-15
1.7401  1.604919E-15
1.7405  1.604558E-15
1.7409  1.581957E-15
1.7413  1.604980E-15
1.7417  1.589820E-15
1.74211  1.601176E-15
1.74251  1.591901E-15
1.74291  1.595868E-15
1.74331  1.587453E-15
1.74372  1.598696E-15
1.74412  1.610891E-15
1.74452  1.576339E-15
1.74492  1.599433E-15
1.74533  1.589482E-15
1.74573  1.614161E-15
1.74613  1.587286E-15
1.74653  1.581715E-15
1.74694  1.574180E-15
1.74734  1.561263E-15
1.74774  1.553657E-15
1.74814  1.578346E-15
1.74854  1.577053E-15
1.74895  1.570348E-15
1.74935  1.571849E-15
1.74975  1.583245E-15
1.75015  1.561140E-15
1.75056  1.584712E-15
1.75096  1.567733E-15
1.75136  1.563330E-15
1.75176  1.558078E-15
1.75217  1.549562E-15
1.75257  1.555504E-15
1.75297  1.555645E-15
1.75337  1.539046E-15
1.75378  1.544455E-15
1.75418  1.531080E-15
1.75458  1.540623E-15
1.75498  1.522726E-15
1.75538  1.543769E-15
1.75579  1.522588E-15
1.75619  1.538065E-15
1.75659  1.536732E-15
1.75699  1.515316E-15
1.7574  1.502760E-15
1.7578  1.513367E-15
1.7582  1.494786E-15
1.7586  1.516933E-15
1.75901  1.513237E-15
1.75941  1.527444E-15
1.75981  1.527115E-15
1.76021  1.541915E-15
1.76062  1.536040E-15
1.76102  1.524089E-15
1.76142  1.545344E-15
1.76182  1.543275E-15
1.76222  1.566719E-15
1.76263  1.547802E-15
1.76303  1.553077E-15
1.76343  1.539817E-15
1.76383  1.545594E-15
1.76424  1.516131E-15
1.76464  1.539349E-15
1.76504  1.535061E-15
1.76544  1.551813E-15
1.76585  1.528713E-15
1.76625  1.479029E-15
1.76665  1.516485E-15
1.76705  1.542617E-15
1.76746  1.505791E-15
1.76786  1.509666E-15
1.76826  1.511535E-15
1.76866  1.509170E-15
1.76907  1.502111E-15
1.76947  1.535391E-15
1.76987  1.541577E-15
1.77027  1.527685E-15
1.77067  1.528817E-15
1.77108  1.523466E-15
1.77148  1.523065E-15
1.77188  1.526969E-15
1.77228  1.547576E-15
1.77269  1.550580E-15
1.77309  1.545065E-15
1.77349  1.549000E-15
1.77389  1.554295E-15
1.7743  1.556021E-15
1.7747  1.554413E-15
1.7751  1.564627E-15
1.7755  1.597433E-15
1.77591  1.565072E-15
1.77631  1.570480E-15
1.77671  1.575191E-15
1.77711  1.587819E-15
1.77752  1.575963E-15
1.77792  1.574519E-15
1.77832  1.592269E-15
1.77872  1.570740E-15
1.77913  1.584083E-15
1.77953  1.583548E-15
1.77993  1.585356E-15
1.78033  1.608965E-15
1.78074  1.591956E-15
1.78114  1.608059E-15
1.78154  1.609784E-15
1.78194  1.602665E-15
1.78235  1.620045E-15
1.78275  1.619879E-15
1.78315  1.632923E-15
1.78355  1.628033E-15
1.78395  1.633940E-15
1.78436  1.610583E-15
1.78476  1.610539E-15
1.78516  1.575127E-15
1.78556  1.595892E-15
1.78597  1.606880E-15
1.78637  1.604792E-15
1.78677  1.582152E-15
1.78717  1.602374E-15
1.78758  1.590357E-15
1.78798  1.552401E-15
1.78838  1.598992E-15
1.78878  1.588335E-15
1.78919  1.562874E-15
1.78959  1.559825E-15
1.78999  1.558065E-15
1.79039  1.572703E-15
1.7908  1.560841E-15
1.7912  1.562771E-15
1.7916  1.549417E-15
1.792  1.546092E-15
1.79241  1.567313E-15
1.79281  1.559265E-15
1.79321  1.548641E-15
1.79361  1.538252E-15
1.79402  1.517456E-15
1.79442  1.534517E-15
1.79482  1.518567E-15
1.79522  1.527664E-15
1.79563  1.514791E-15
1.79603  1.523100E-15
1.79643  1.536991E-15
1.79683  1.527114E-15
1.79724  1.519087E-15
1.79764  1.521028E-15
1.79804  1.510241E-15
1.79844  1.493485E-15
1.79885  1.493576E-15
1.79925  1.507313E-15
1.79965  1.528736E-15
1.80005  1.506727E-15
1.80046  1.483337E-15
1.80086  1.488906E-15
1.80126  1.492391E-15
1.80166  1.470924E-15
1.80207  1.469900E-15
1.80247  1.532597E-15
1.80287  1.489972E-15
1.80327  1.469334E-15
1.80368  1.511331E-15
1.80408  1.509970E-15
1.80448  1.481595E-15
1.80488  1.509661E-15
1.80529  1.521280E-15
1.80569  1.559637E-15
1.80609  1.531978E-15
1.8065  1.478777E-15
1.8069  1.479124E-15
1.8073  1.530368E-15
1.8077  1.535538E-15
1.80811  1.487286E-15
1.80851  1.512518E-15
1.80891  1.503921E-15
1.80931  1.494190E-15
1.80972  1.466349E-15
1.88304  1.591728E-15
1.88358  1.535415E-15
1.88412  1.470654E-15
1.88466  1.432184E-15
1.8852  1.442233E-15
1.88574  1.599573E-15
1.88628  1.594822E-15
1.88682  1.530093E-15
1.88736  1.527650E-15
1.8879  1.518880E-15
1.88844  1.554696E-15
1.88898  1.550273E-15
1.88952  1.481252E-15
1.89006  1.439428E-15
1.8906  1.382134E-15
1.89114  1.377141E-15
1.89168  1.526260E-15
1.89222  1.577157E-15
1.89276  1.493455E-15
1.8933  1.435092E-15
1.89384  1.519959E-15
1.89438  1.591680E-15
1.89492  1.569145E-15
1.89546  1.581100E-15
1.896  1.553749E-15
1.89654  1.504909E-15
1.89708  1.463427E-15
1.89762  1.448547E-15
1.89816  1.441380E-15
1.8987  1.381381E-15
1.89923  1.395745E-15
1.89977  1.484256E-15
1.90031  1.341448E-15
1.90085  1.643010E-15
1.90139  1.808773E-15
1.90193  1.690066E-15
1.90247  1.626313E-15
1.90301  1.546033E-15
1.90355  1.452379E-15
1.90409  1.479668E-15
1.90463  1.615562E-15
1.90517  1.602488E-15
1.90571  1.476791E-15
1.90625  1.346700E-15
1.90679  1.637529E-15
1.90733  1.998032E-15
1.90787  1.803708E-15
1.90841  1.730229E-15
1.90895  1.700291E-15
1.90949  1.612644E-15
1.91002  1.581719E-15
1.91056  1.630937E-15
1.9111  1.627790E-15
1.91164  1.565415E-15
1.91218  1.612734E-15
1.91272  1.695103E-15
1.91326  1.807371E-15
1.9138  1.777700E-15
1.91434  1.687131E-15
1.91488  1.888356E-15
1.91542  1.995170E-15
1.91596  1.939488E-15
1.9165  1.937889E-15
1.91704  1.872916E-15
1.91758  1.983551E-15
1.91812  2.168820E-15
1.91865  2.158835E-15
1.91919  2.082459E-15
1.91973  2.066110E-15
1.92027  2.021824E-15
1.92081  1.850625E-15
1.92135  2.526251E-15
1.92189  2.954343E-15
1.92243  2.882421E-15
1.92297  2.786929E-15
1.92351  2.716785E-15
1.92405  2.707601E-15
1.92459  2.719694E-15
1.92513  2.909462E-15
1.92567  3.300972E-15
1.9262  3.374925E-15
1.92674  3.194592E-15
1.92728  3.028112E-15
1.92782  2.875464E-15
1.92836  2.785407E-15
1.9289  2.893842E-15
1.92944  2.642133E-15
1.92998  2.573273E-15
1.93052  2.580062E-15
1.93106  2.353848E-15
1.9316  2.211719E-15
1.93214  2.257916E-15
1.93267  2.218483E-15
1.93321  2.152760E-15
1.93375  2.030809E-15
1.93429  1.928409E-15
1.93483  1.848343E-15
1.93537  1.803754E-15
1.93591  1.816271E-15
1.93645  1.746109E-15
1.93699  1.650323E-15
1.93753  1.625469E-15
1.93807  1.655882E-15
1.93861  1.634720E-15
1.93914  1.584039E-15
1.93968  1.598484E-15
1.94022  1.561151E-15
1.94076  1.599934E-15
1.9413  1.625707E-15
1.94184  1.586774E-15
1.94238  1.560383E-15
1.94292  1.574439E-15
1.94346  1.562374E-15
1.944  1.499840E-15
1.94453  1.502672E-15
1.94507  1.529453E-15
1.94561  1.568662E-15
1.94615  1.579884E-15
1.94669  1.575140E-15
1.94723  1.548404E-15
1.94777  1.534933E-15
1.94831  1.514825E-15
1.94885  1.518268E-15
1.94939  1.520365E-15
1.94992  1.519975E-15
1.95046  1.527761E-15
1.951  1.515841E-15
1.95154  1.516154E-15
1.95208  1.511176E-15
1.95262  1.504893E-15
1.95316  1.486592E-15
1.9537  1.480279E-15
1.95424  1.480746E-15
1.95477  1.499266E-15
1.95531  1.496440E-15
1.95585  1.502197E-15
1.95639  1.498106E-15
1.95693  1.508338E-15
1.95747  1.510966E-15
1.95801  1.520351E-15
1.95855  1.510216E-15
1.95908  1.511172E-15
1.95962  1.507265E-15
1.96016  1.510728E-15
1.9607  1.535546E-15
1.96124  1.527379E-15
1.96178  1.489407E-15
1.96232  1.489690E-15
1.96286  1.484387E-15
1.9634  1.456386E-15
1.96393  1.468747E-15
1.96447  1.498426E-15
1.96501  1.519675E-15
1.96555  1.509714E-15
1.96609  1.502322E-15
1.96663  1.510056E-15
1.96717  1.495876E-15
1.96771  1.520253E-15
1.96824  1.494322E-15
1.96878  1.495115E-15
1.96932  1.497650E-15
1.96986  1.508390E-15
1.9704  1.507857E-15
1.97094  1.497103E-15
1.97148  1.490955E-15
1.97201  1.492421E-15
1.97255  1.494620E-15
1.97309  1.499815E-15
1.97363  1.503002E-15
1.97417  1.497466E-15
1.97471  1.482320E-15
1.97525  1.486120E-15
1.97579  1.482877E-15
1.97632  1.490090E-15
1.97686  1.487030E-15
1.9774  1.484827E-15
1.97794  1.475409E-15
1.97848  1.481592E-15
1.97902  1.470177E-15
1.97956  1.472091E-15
1.98009  1.462439E-15
1.98063  1.459615E-15
1.98117  1.477078E-15
1.98171  1.491373E-15
1.98225  1.481670E-15
1.98279  1.475636E-15
1.98333  1.468858E-15
1.98386  1.475550E-15
1.9844  1.468498E-15
1.98494  1.479806E-15
1.98548  1.481434E-15
1.98602  1.489003E-15
1.98656  1.497193E-15
1.9871  1.500522E-15
1.98763  1.502344E-15
1.98817  1.514844E-15
1.98871  1.529615E-15
1.98925  1.530927E-15
1.98979  1.518699E-15
1.99033  1.530291E-15
1.99086  1.525674E-15
1.9914  1.546812E-15
1.99194  1.558190E-15
1.99248  1.558096E-15
1.99302  1.548945E-15
1.99356  1.546813E-15
1.9941  1.552944E-15
1.99463  1.558840E-15
1.99517  1.567762E-15
1.99571  1.564092E-15
1.99625  1.570885E-15
1.99679  1.580224E-15
1.99733  1.574659E-15
1.99786  1.589123E-15
1.9984  1.571119E-15
1.99894  1.577728E-15
1.99948  1.589288E-15
2.00002  1.586678E-15
2.00056  1.568604E-15
2.00109  1.590483E-15
2.00163  1.579580E-15
2.00217  1.558665E-15
2.00271  1.562227E-15
2.00325  1.549910E-15
2.00379  1.559584E-15
2.00432  1.564625E-15
2.00486  1.563135E-15
2.0054  1.562226E-15
2.00594  1.553474E-15
2.00648  1.578774E-15
2.00702  1.596037E-15
2.00755  1.590666E-15
2.00809  1.572910E-15
2.00863  1.566002E-15
2.00917  1.555631E-15
2.00971  1.553632E-15
2.01025  1.536926E-15
2.01078  1.531485E-15
2.01132  1.546557E-15
2.01186  1.559857E-15
2.0124  1.580795E-15
2.01294  1.577096E-15
2.01347  1.575403E-15
2.01401  1.598826E-15
2.01455  1.603081E-15
2.01509  1.621931E-15
2.01563  1.618679E-15
2.01617  1.634737E-15
2.0167  1.610333E-15
2.01724  1.582374E-15
2.01778  1.559600E-15
2.01832  1.550747E-15
2.01886  1.512545E-15
2.0194  1.503082E-15
2.01993  1.506492E-15
2.02047  1.493710E-15
2.02101  1.486651E-15
2.02155  1.484959E-15
2.02209  1.479142E-15
2.02262  1.476799E-15
2.02316  1.479995E-15
2.0237  1.470839E-15
2.02424  1.463108E-15
2.02478  1.474513E-15
2.02531  1.471864E-15
2.02585  1.456924E-15
2.02639  1.455884E-15
2.02693  1.457716E-15
2.02747  1.440424E-15
2.02801  1.436829E-15
2.02854  1.441929E-15
2.02908  1.440696E-15
2.02962  1.444402E-15
2.03016  1.457516E-15
2.0307  1.444542E-15
2.03123  1.438422E-15
2.03177  1.433941E-15
2.03231  1.430956E-15
2.03285  1.430019E-15
2.03339  1.435078E-15
2.03392  1.430292E-15
2.03446  1.435871E-15
2.035  1.426096E-15
2.03554  1.437325E-15
2.03608  1.429250E-15
2.03661  1.437324E-15
2.03715  1.437150E-15
2.03769  1.436029E-15
2.03823  1.434521E-15
2.03877  1.438552E-15
2.0393  1.432809E-15
2.03984  1.433888E-15
2.04038  1.420896E-15
2.04092  1.432084E-15
2.04146  1.429793E-15
2.04199  1.442712E-15
2.04253  1.432998E-15
2.04307  1.436154E-15
2.04361  1.433974E-15
2.04415  1.439105E-15
2.04468  1.430237E-15
2.04522  1.441292E-15
2.04576  1.432211E-15
2.0463  1.421480E-15
2.04683  1.425684E-15
2.04737  1.424777E-15
2.04791  1.423280E-15
2.04845  1.431485E-15
2.04899  1.423920E-15
2.04952  1.423747E-15
2.05006  1.422606E-15
2.0506  1.429609E-15
2.05114  1.434647E-15
2.05168  1.439462E-15
2.05221  1.434209E-15
2.05275  1.428976E-15
2.05329  1.446046E-15
2.05383  1.449598E-15
2.05436  1.450554E-15
2.0549  1.450920E-15
2.05544  1.445382E-15
2.05598  1.457199E-15
2.05652  1.438001E-15
2.05705  1.440494E-15
2.05759  1.435038E-15
2.05813  1.446926E-15
2.05867  1.451801E-15
2.05921  1.445571E-15
2.05974  1.447148E-15
2.06028  1.439361E-15
2.06082  1.437040E-15
2.06136  1.439238E-15
2.06189  1.429976E-15
2.06243  1.430107E-15
2.06297  1.424438E-15
2.06351  1.440468E-15
2.06404  1.443307E-15
2.06458  1.442675E-15
2.06512  1.445932E-15
2.06566  1.439601E-15
2.0662  1.435478E-15
2.06673  1.444302E-15
2.06727  1.448138E-15
2.06781  1.442428E-15
2.06835  1.439293E-15
2.06888  1.445491E-15
2.06942  1.433726E-15
2.06996  1.436351E-15
2.0705  1.446833E-15
2.07104  1.450944E-15
2.07157  1.428707E-15
2.07211  1.440023E-15
2.07265  1.435840E-15
2.07319  1.444042E-15
2.07372  1.429714E-15
2.07426  1.436348E-15
2.0748  1.425124E-15
2.07534  1.437284E-15
2.07587  1.426660E-15
2.07641  1.443124E-15
2.07695  1.436734E-15
2.07749  1.433497E-15
2.07802  1.432093E-15
2.07856  1.431869E-15
2.0791  1.429834E-15
2.07964  1.430230E-15
2.08018  1.425224E-15
2.08071  1.430169E-15
2.08125  1.428927E-15
2.08179  1.419739E-15
2.08233  1.425600E-15
2.08286  1.423972E-15
2.0834  1.420431E-15
2.08394  1.431480E-15
2.08448  1.427675E-15
2.08501  1.428173E-15
2.08555  1.427583E-15
2.08609  1.433200E-15
2.08663  1.429293E-15
2.08716  1.425823E-15
2.0877  1.420695E-15
2.08824  1.441857E-15
2.08878  1.436974E-15
2.08931  1.437879E-15
2.08985  1.433504E-15
2.09039  1.431622E-15
2.09093  1.428366E-15
2.09146  1.431225E-15
2.092  1.429770E-15
2.09254  1.434847E-15
2.09308  1.434460E-15
2.09361  1.433880E-15
2.09415  1.433199E-15
2.09469  1.439170E-15
2.09523  1.435396E-15
2.09576  1.438896E-15
2.0963  1.434084E-15
2.09684  1.436759E-15
2.09738  1.440340E-15
2.09791  1.440310E-15
2.09845  1.443606E-15
2.09899  1.443778E-15
2.09953  1.440930E-15
2.10006  1.443707E-15
2.1006  1.439699E-15
2.10114  1.436902E-15
2.10168  1.432589E-15
2.10221  1.446708E-15
2.10275  1.436546E-15
2.10329  1.446393E-15
2.10383  1.439964E-15
2.10436  1.440951E-15
2.1049  1.432274E-15
2.10544  1.441073E-15
2.10598  1.439293E-15
2.10651  1.443423E-15
2.10705  1.436028E-15
2.10759  1.450655E-15
2.10812  1.438012E-15
2.10866  1.448468E-15
2.1092  1.448021E-15
2.10974  1.440951E-15
2.11027  1.442569E-15
2.11081  1.443017E-15
2.11135  1.442590E-15
2.11189  1.450899E-15
2.11242  1.448164E-15
2.11296  1.440556E-15
2.1135  1.448967E-15
2.11404  1.452558E-15
2.11457  1.444533E-15
2.11511  1.449527E-15
2.11565  1.446822E-15
2.11618  1.449263E-15
2.11672  1.448663E-15
2.11726  1.451185E-15
2.1178  1.437161E-15
2.11833  1.435727E-15
2.11887  1.447626E-15
2.11941  1.450657E-15
2.11995  1.443071E-15
2.12048  1.439735E-15
2.12102  1.440874E-15
2.12156  1.437417E-15
2.1221  1.436481E-15
2.12263  1.426556E-15
2.12317  1.440540E-15
2.12371  1.434316E-15
2.12424  1.428256E-15
2.12478  1.429385E-15
2.12532  1.421880E-15
2.12586  1.426528E-15
2.12639  1.424861E-15
2.12693  1.429173E-15
2.12747  1.419055E-15
2.12801  1.420143E-15
2.12854  1.411866E-15
2.12908  1.419412E-15
2.12962  1.430629E-15
2.13015  1.422881E-15
2.13069  1.425607E-15
2.13123  1.420757E-15
2.13177  1.419181E-15
2.1323  1.410396E-15
2.13284  1.418836E-15
2.13338  1.417108E-15
2.13391  1.412238E-15
2.13445  1.427379E-15
2.13499  1.419317E-15
2.13553  1.417731E-15
2.13606  1.413583E-15
2.1366  1.418942E-15
2.13714  1.405704E-15
2.13768  1.415496E-15
2.13821  1.410952E-15
2.13875  1.422229E-15
2.13929  1.413394E-15
2.13982  1.418427E-15
2.14036  1.412002E-15
2.1409  1.417575E-15
2.14144  1.411078E-15
2.14197  1.408232E-15
2.14251  1.415187E-15
2.14305  1.418319E-15
2.14358  1.417720E-15
2.14412  1.419093E-15
2.14466  1.420670E-15
2.1452  1.424321E-15
2.14573  1.418567E-15
2.14627  1.422584E-15
2.14681  1.414939E-15
2.14734  1.422219E-15
2.14788  1.412958E-15
2.14842  1.418428E-15
2.14895  1.411119E-15
2.14949  1.424875E-15
2.15003  1.416336E-15
2.15057  1.411081E-15
2.1511  1.412007E-15
2.15164  1.418677E-15
2.15218  1.407414E-15
2.15271  1.409428E-15
2.15325  1.414379E-15
2.15379  1.415955E-15
2.15433  1.414655E-15
2.15486  1.416577E-15
2.1554  1.415988E-15
2.15594  1.428218E-15
2.15647  1.420890E-15
2.15701  1.413165E-15
2.15755  1.421939E-15
2.15809  1.419154E-15
2.15862  1.421666E-15
2.15916  1.419847E-15
2.1597  1.419594E-15
2.16023  1.422238E-15
2.16077  1.412185E-15
2.16131  1.419200E-15
2.16184  1.422667E-15
2.16238  1.415502E-15
2.16292  1.417271E-15
2.16346  1.418045E-15
2.16399  1.406814E-15
2.16453  1.403186E-15
2.16507  1.411593E-15
2.1656  1.415873E-15
2.16614  1.428427E-15
2.16668  1.426415E-15
2.16721  1.411567E-15
2.16775  1.411039E-15
2.16829  1.414536E-15
2.16883  1.425545E-15
2.16936  1.416266E-15
2.1699  1.421746E-15
2.17044  1.412975E-15
2.17097  1.417601E-15
2.17151  1.421149E-15
2.17205  1.417247E-15
2.17258  1.418844E-15
2.17312  1.416558E-15
2.17366  1.411010E-15
2.1742  1.422810E-15
2.17473  1.421998E-15
2.17527  1.418625E-15
2.17581  1.426513E-15
2.17634  1.410822E-15
2.17688  1.411839E-15
2.17742  1.417877E-15
2.17795  1.426456E-15
2.17849  1.418530E-15
2.17903  1.421620E-15
2.17956  1.432211E-15
2.1801  1.416318E-15
2.18064  1.421105E-15
2.18118  1.422905E-15
2.18171  1.416606E-15
2.18225  1.407298E-15
2.18279  1.414809E-15
2.18332  1.413611E-15
2.18386  1.417596E-15
2.1844  1.408471E-15
2.18493  1.411684E-15
2.18547  1.406259E-15
2.18601  1.412591E-15
2.18654  1.418476E-15
2.18708  1.413772E-15
2.18762  1.417563E-15
2.18815  1.408470E-15
2.18869  1.411205E-15
2.18923  1.416398E-15
2.18977  1.415983E-15
2.1903  1.415751E-15
2.19084  1.412896E-15
2.19138  1.407654E-15
2.19191  1.406985E-15
2.19245  1.425581E-15
2.19299  1.410808E-15
2.19352  1.422048E-15
2.19406  1.409063E-15
2.1946  1.419367E-15
2.19513  1.414329E-15
2.19567  1.415387E-15
2.19621  1.423049E-15
2.19674  1.407210E-15
2.19728  1.415655E-15
2.19782  1.412811E-15
2.19836  1.409460E-15
2.19889  1.419052E-15
2.19943  1.410316E-15
2.19997  1.425639E-15
2.2005  1.410623E-15
2.20104  1.419088E-15
2.20158  1.423905E-15
2.20211  1.421326E-15
2.20265  1.417690E-15
2.20319  1.419236E-15
2.20372  1.409981E-15
2.20426  1.407727E-15
2.2048  1.412006E-15
2.20533  1.418083E-15
2.20587  1.425247E-15
2.20641  1.428113E-15
2.20694  1.425351E-15
2.20748  1.433144E-15
2.20802  1.425607E-15
2.20855  1.430648E-15
2.20909  1.425265E-15
2.20963  1.435791E-15
2.21016  1.431180E-15
2.2107  1.443758E-15
2.21124  1.431112E-15
2.21178  1.443263E-15
2.21231  1.435310E-15
2.21285  1.454247E-15
2.21339  1.447249E-15
2.21392  1.455672E-15
2.21446  1.454698E-15
2.215  1.455014E-15
2.21553  1.457514E-15
2.21607  1.463113E-15
2.21661  1.469889E-15
2.21714  1.471292E-15
2.21768  1.478414E-15
2.21822  1.494099E-15
2.21875  1.496803E-15
2.21929  1.500410E-15
2.21983  1.507105E-15
2.22036  1.511362E-15
2.2209  1.517061E-15
2.22144  1.522832E-15
2.22197  1.529019E-15
2.22251  1.533072E-15
2.22305  1.537949E-15
2.22358  1.548392E-15
2.22412  1.547722E-15
2.22466  1.530658E-15
2.22519  1.556449E-15
2.22573  1.551787E-15
2.22627  1.541590E-15
2.2268  1.536116E-15
2.22734  1.525767E-15
2.22788  1.533111E-15
2.22841  1.507497E-15
2.22895  1.500683E-15
2.22949  1.494935E-15
2.23002  1.494743E-15
2.23056  1.480515E-15
2.2311  1.466480E-15
2.23163  1.461139E-15
2.23217  1.462501E-15
2.23271  1.446983E-15
2.23324  1.456969E-15
2.23378  1.450063E-15
2.23432  1.452360E-15
2.23485  1.444999E-15
2.23539  1.432010E-15
2.23593  1.425116E-15
2.23646  1.424458E-15
2.237  1.407103E-15
2.23754  1.417443E-15
2.23807  1.408071E-15
2.23861  1.411881E-15
2.23915  1.408288E-15
2.23968  1.420314E-15
2.24022  1.411470E-15
2.24076  1.404505E-15
2.24129  1.407330E-15
2.24183  1.400142E-15
2.24237  1.400865E-15
2.2429  1.407295E-15
2.24344  1.402219E-15
2.24398  1.407095E-15
2.24451  1.398699E-15
2.24505  1.400549E-15
2.24559  1.401709E-15
2.24612  1.412434E-15
2.24666  1.395366E-15
2.2472  1.399967E-15
2.24773  1.398040E-15
2.24827  1.397920E-15
2.24881  1.399476E-15
2.24934  1.398919E-15
2.24988  1.388635E-15
2.25042  1.389642E-15
2.25095  1.409719E-15
2.25149  1.390763E-15
2.25203  1.395425E-15
2.25256  1.399834E-15
2.2531  1.387002E-15
2.25364  1.393675E-15
2.25417  1.398002E-15
2.25471  1.390460E-15
2.25525  1.398636E-15
2.25578  1.401288E-15
2.25632  1.404915E-15
2.25686  1.399911E-15
2.25739  1.389099E-15
2.25793  1.401692E-15
2.25847  1.391865E-15
2.259  1.392253E-15
2.25954  1.387422E-15
2.26008  1.400359E-15
2.26061  1.390147E-15
2.26115  1.391398E-15
2.26169  1.382435E-15
2.26222  1.389199E-15
2.26276  1.391912E-15
2.26329  1.396554E-15
2.26383  1.401420E-15
2.26437  1.396426E-15
2.2649  1.392357E-15
2.26544  1.390745E-15
2.26598  1.382615E-15
2.26651  1.389196E-15
2.26705  1.376477E-15
2.26759  1.379657E-15
2.26812  1.385608E-15
2.26866  1.382382E-15
2.2692  1.375958E-15
2.26973  1.372559E-15
2.27027  1.386226E-15
2.27081  1.385376E-15
2.27134  1.383124E-15
2.27188  1.386689E-15
2.27242  1.384793E-15
2.27295  1.386999E-15
2.27349  1.392757E-15
2.27403  1.390251E-15
2.27456  1.379330E-15
2.2751  1.390154E-15
2.27564  1.387223E-15
2.27617  1.376414E-15
2.27671  1.382791E-15
2.27725  1.388590E-15
2.27778  1.393170E-15
2.27832  1.393761E-15
2.27885  1.384912E-15
2.27939  1.389634E-15
2.27993  1.380541E-15
2.28046  1.394968E-15
2.281  1.379439E-15
2.28154  1.375198E-15
2.28207  1.383291E-15
2.28261  1.385628E-15
2.28315  1.387092E-15
2.28368  1.386993E-15
2.28422  1.375839E-15
2.28476  1.396397E-15
2.28529  1.384503E-15
2.28583  1.382495E-15
2.28637  1.376438E-15
2.2869  1.384530E-15
2.28744  1.373438E-15
2.28798  1.369289E-15
2.28851  1.375036E-15
2.28905  1.369974E-15
2.28959  1.377772E-15
2.29012  1.374089E-15
2.29066  1.368458E-15
2.29119  1.385848E-15
2.29173  1.386287E-15
2.29227  1.383569E-15
2.2928  1.377867E-15
2.29334  1.375921E-15
2.29388  1.383404E-15
2.29441  1.389364E-15
2.29495  1.374041E-15
2.29549  1.392535E-15
2.29602  1.380957E-15
2.29656  1.378666E-15
2.2971  1.387265E-15
2.29763  1.383339E-15
2.29817  1.381363E-15
2.29871  1.369420E-15
2.29924  1.373411E-15
2.29978  1.378711E-15
2.30032  1.384042E-15
2.30085  1.386105E-15
2.30139  1.378089E-15
2.30192  1.387744E-15
2.30246  1.372239E-15
2.303  1.375286E-15
2.30353  1.364521E-15
2.30407  1.376092E-15
2.30461  1.366231E-15
2.30514  1.369877E-15
2.30568  1.382088E-15
2.30622  1.383968E-15
2.30675  1.365856E-15
2.30729  1.373926E-15
2.30783  1.374882E-15
2.30836  1.376742E-15
2.3089  1.376735E-15
2.30944  1.387403E-15
2.30997  1.367647E-15
2.31051  1.378204E-15
2.31104  1.375010E-15
2.31158  1.381578E-15
2.31212  1.373635E-15
2.31265  1.374236E-15
2.31319  1.369216E-15
2.31373  1.370071E-15
2.31426  1.376050E-15
2.3148  1.376672E-15
2.31534  1.371489E-15
2.31587  1.369939E-15
2.31641  1.365842E-15
2.31695  1.365591E-15
2.31748  1.367096E-15
2.31802  1.380331E-15
2.31856  1.385599E-15
2.31909  1.390026E-15
2.31963  1.383677E-15
2.32016  1.383588E-15
2.3207  1.383459E-15
2.32124  1.374461E-15
2.32177  1.374423E-15
2.32231  1.369667E-15
2.32285  1.376428E-15
2.32338  1.367907E-15
2.32392  1.364156E-15
2.32446  1.367933E-15
2.32499  1.377605E-15
2.32553  1.369907E-15
2.32607  1.353888E-15
2.3266  1.368624E-15
2.32714  1.356603E-15
2.32767  1.357357E-15
2.32821  1.355868E-15
2.32875  1.356378E-15
2.32928  1.357518E-15
2.32982  1.370061E-15
2.33036  1.367132E-15
2.33089  1.369691E-15
2.33143  1.367868E-15
2.33197  1.369433E-15
2.3325  1.359402E-15
2.33304  1.366730E-15
2.33358  1.364703E-15
2.33411  1.365853E-15
2.33465  1.365054E-15
2.33518  1.370150E-15
2.33572  1.370396E-15
2.33626  1.371972E-15
2.33679  1.366810E-15
2.33733  1.373012E-15
2.33787  1.370925E-15
2.3384  1.374113E-15
2.33894  1.368445E-15
2.33948  1.370081E-15
2.34001  1.370389E-15
2.34055  1.360977E-15
2.34109  1.362583E-15
2.34162  1.361815E-15
2.34216  1.372429E-15
2.34269  1.373822E-15
2.34323  1.377091E-15
2.34377  1.368593E-15
2.3443  1.355002E-15
2.34484  1.368254E-15
2.34538  1.356570E-15
2.34591  1.361706E-15
2.34645  1.365138E-15
2.34699  1.376746E-15
2.34752  1.359149E-15
2.34806  1.368099E-15
2.3486  1.367980E-15
2.34913  1.366888E-15
2.34967  1.368138E-15
2.3502  1.369399E-15
2.35074  1.359867E-15
2.35128  1.363035E-15
2.35181  1.372735E-15
2.35235  1.378023E-15
2.35289  1.364291E-15
2.35342  1.363473E-15
2.35396  1.355635E-15
2.3545  1.366603E-15
2.35503  1.348439E-15
2.35557  1.346555E-15
2.35611  1.332327E-15
2.35664  1.336581E-15
2.35718  1.328003E-15
2.35771  1.336090E-15
2.35825  1.328952E-15
2.35879  1.326440E-15
2.35932  1.333797E-15
2.35986  1.347605E-15
2.3604  1.348643E-15
2.36093  1.342864E-15
2.36147  1.326791E-15
2.36201  1.339798E-15
2.36254  1.343726E-15
2.36308  1.342309E-15
2.36362  1.343540E-15
2.36415  1.341778E-15
2.36469  1.337248E-15
2.36522  1.330465E-15
2.36576  1.342356E-15
2.3663  1.341872E-15
2.36683  1.339248E-15
2.36737  1.341239E-15
2.36791  1.344275E-15
2.36844  1.355080E-15
2.36898  1.349748E-15
2.36952  1.347216E-15
2.37005  1.341144E-15
2.37059  1.337304E-15
2.37113  1.330715E-15
2.37166  1.346438E-15
2.3722  1.371684E-15
2.37273  1.378310E-15
2.37327  1.368009E-15
2.37381  1.360598E-15
2.37434  1.358756E-15
2.37488  1.349591E-15
2.37542  1.342059E-15
2.37595  1.349871E-15
2.37649  1.346437E-15
2.37703  1.340051E-15
2.37756  1.344668E-15
2.3781  1.352115E-15
2.37864  1.364085E-15
2.37917  1.345784E-15
2.37971  1.360613E-15
2.38024  1.359481E-15
2.38078  1.348948E-15
2.38132  1.361951E-15
2.38185  1.365889E-15
2.38239  1.370375E-15
2.38293  1.360988E-15
2.38346  1.361538E-15
2.384  1.353936E-15
2.38454  1.359598E-15
2.38507  1.366933E-15
2.38561  1.369664E-15
2.38615  1.343708E-15
2.38668  1.316565E-15
2.38722  1.316264E-15
2.38775  1.333537E-15
2.38829  1.328653E-15
2.38883  1.319185E-15
2.38936  1.319473E-15
2.3899  1.332577E-15
2.39044  1.323100E-15
2.39097  1.326875E-15
2.39151  1.326737E-15
2.39205  1.326203E-15
2.39258  1.334947E-15
2.39312  1.337617E-15
2.39366  1.335177E-15
2.39419  1.325973E-15
2.39473  1.321404E-15
2.39527  1.328434E-15
2.3958  1.333933E-15
2.39634  1.329019E-15
2.39687  1.328719E-15
2.39741  1.334106E-15
2.39795  1.334272E-15
2.39848  1.337114E-15
2.39902  1.321453E-15
2.39956  1.326658E-15
2.40009  1.322950E-15
2.40063  1.324099E-15
2.40117  1.321933E-15
2.4017  1.325425E-15
2.40224  1.325793E-15
2.40278  1.339819E-15
2.40331  1.320498E-15
2.40385  1.323827E-15
2.40438  1.315213E-15
2.40492  1.310988E-15
2.40546  1.338295E-15
2.40599  1.338238E-15
2.40653  1.324240E-15
2.40707  1.315606E-15
2.4076  1.317191E-15
2.40814  1.325387E-15
2.40868  1.332700E-15
2.40921  1.328202E-15
2.40975  1.308669E-15
2.41029  1.310305E-15
2.41082  1.313949E-15
2.41136  1.332718E-15
2.41189  1.325746E-15
2.41243  1.318217E-15
2.41297  1.312463E-15
2.4135  1.325940E-15
2.41404  1.313129E-15
2.41458  1.301444E-15
2.41511  1.306071E-15
2.41565  1.314286E-15
2.41619  1.310964E-15
2.41672  1.286861E-15
2.41726  1.306329E-15
2.4178  1.325057E-15
2.41833  1.298308E-15
2.41887  1.281615E-15
2.41941  1.294352E-15
2.41994  1.329045E-15
2.42048  1.326251E-15
2.42101  1.322169E-15
2.42155  1.317905E-15
2.42209  1.312101E-15
2.42262  1.301369E-15
2.42316  1.313152E-15
2.4237  1.315579E-15
2.42423  1.308963E-15
2.42477  1.301516E-15
2.42531  1.313887E-15
2.42584  1.320966E-15
2.42638  1.323271E-15
