0.809383  2.220440E-15
0.809585  2.138790E-15
0.809786  2.245120E-15
0.809988  2.080620E-15
0.81019  2.033740E-15
0.810392  2.210090E-15
0.810594  2.193570E-15
0.810796  2.093190E-15
0.810998  2.043880E-15
0.8112  2.084120E-15
0.811402  2.068420E-15
0.811604  2.090510E-15
0.811806  2.174330E-15
0.812008  2.054700E-15
0.81221  2.151120E-15
0.812412  1.990580E-15
0.812614  2.053950E-15
0.812655  2.085880E-15
0.812889  2.087750E-15
0.813122  2.197340E-15
0.813356  2.171170E-15
0.813589  2.121860E-15
0.813823  2.259700E-15
0.814056  2.153810E-15
0.81429  2.236770E-15
0.814523  2.124420E-15
0.814757  2.104670E-15
0.81499  2.141090E-15
0.815224  2.306260E-15
0.815457  2.236580E-15
0.815691  2.273860E-15
0.815924  2.265610E-15
0.816158  2.315010E-15
0.816391  2.395230E-15
0.816624  2.302900E-15
0.816858  2.328450E-15
0.817091  2.405560E-15
0.817325  2.299960E-15
0.817558  2.247980E-15
0.817792  2.192980E-15
0.818025  2.286320E-15
0.818258  2.267740E-15
0.818492  2.267180E-15
0.818725  2.403880E-15
0.818958  2.361450E-15
0.819192  2.280860E-15
0.819425  2.302190E-15
0.819658  2.250940E-15
0.819892  2.380880E-15
0.820125  2.254310E-15
0.820358  2.268500E-15
0.820592  2.199620E-15
0.820825  2.218930E-15
0.821058  2.197920E-15
0.821291  2.111150E-15
0.821525  2.060460E-15
0.821758  2.145980E-15
0.821991  2.151210E-15
0.822224  2.119620E-15
0.822457  2.042310E-15
0.822691  1.997690E-15
0.822924  2.044200E-15
0.823157  2.019400E-15
0.82339  2.096770E-15
0.823623  1.907230E-15
0.823857  2.037570E-15
0.82409  2.155380E-15
0.824323  2.056290E-15
0.824556  2.081210E-15
0.824789  2.106910E-15
0.825022  2.101500E-15
0.825255  2.029090E-15
0.825489  2.105530E-15
0.825722  2.088620E-15
0.825955  1.997290E-15
0.826188  2.115870E-15
0.826421  2.090770E-15
0.826654  2.061330E-15
0.826887  2.012240E-15
0.82712  2.041820E-15
0.827353  1.951950E-15
0.827586  2.094550E-15
0.827819  2.120230E-15
0.828052  2.064120E-15
0.828285  2.028730E-15
0.828518  2.032800E-15
0.828751  2.052750E-15
0.828984  2.056600E-15
0.829217  2.069310E-15
0.82945  2.069950E-15
0.829683  2.057140E-15
0.829916  2.052160E-15
0.830149  2.147940E-15
0.830382  2.112830E-15
0.830615  2.121420E-15
0.830848  2.221510E-15
0.831081  2.271730E-15
0.831314  2.098280E-15
0.831547  2.122440E-15
0.831779  2.110250E-15
0.832012  2.196360E-15
0.832245  2.232630E-15
0.832478  2.192960E-15
0.832711  2.083570E-15
0.832944  2.191710E-15
0.833177  2.153790E-15
0.83341  2.227140E-15
0.833642  2.285510E-15
0.833875  2.316630E-15
0.834108  2.293690E-15
0.834341  2.213870E-15
0.834574  2.303680E-15
0.834806  2.222390E-15
0.835039  2.236870E-15
0.835272  2.192790E-15
0.835505  2.184690E-15
0.835738  2.181030E-15
0.83597  2.288740E-15
0.836203  2.126010E-15
0.836436  2.159740E-15
0.836668  2.159870E-15
0.836901  2.180920E-15
0.837134  2.132270E-15
0.837367  2.132570E-15
0.837599  2.161640E-15
0.837832  2.159450E-15
0.838065  2.103520E-15
0.838297  2.041020E-15
0.83853  2.154850E-15
0.838763  2.201250E-15
0.838995  2.123100E-15
0.839228  2.097760E-15
0.839461  2.173120E-15
0.839693  2.174840E-15
0.839926  2.151950E-15
0.840159  2.178180E-15
0.840391  2.090780E-15
0.840624  2.169370E-15
0.840856  2.133820E-15
0.841089  2.132580E-15
0.841322  2.132140E-15
0.841554  2.000080E-15
0.841787  2.125950E-15
0.842019  2.040620E-15
0.842252  2.138010E-15
0.842484  2.104570E-15
0.842717  2.068440E-15
0.84295  2.049980E-15
0.843182  2.039700E-15
0.843415  2.041840E-15
0.843647  2.015360E-15
0.84388  2.008610E-15
0.844112  2.019000E-15
0.844345  1.957240E-15
0.844577  2.004700E-15
0.84481  2.084540E-15
0.845042  2.043650E-15
0.845274  1.982730E-15
0.845507  1.951650E-15
0.845739  1.961020E-15
0.845972  2.009050E-15
0.846204  1.962060E-15
0.846437  2.029300E-15
0.846669  2.020160E-15
0.846901  2.009490E-15
0.847134  1.984750E-15
0.847366  2.094170E-15
0.847599  2.091020E-15
0.847831  2.053650E-15
0.848063  2.024270E-15
0.848296  2.022450E-15
0.848528  1.827930E-15
0.848761  1.971820E-15
0.848993  2.032650E-15
0.849225  2.017080E-15
0.849458  1.995370E-15
0.84969  2.063460E-15
0.849922  1.972360E-15
0.850155  1.967230E-15
0.850387  1.878480E-15
0.850619  1.975940E-15
0.850851  1.922410E-15
0.851084  1.865780E-15
0.851316  1.859810E-15
0.851548  1.904930E-15
0.851781  2.031350E-15
0.852013  1.925060E-15
0.852245  1.915490E-15
0.852477  1.906740E-15
0.85271  2.054300E-15
0.852942  1.989610E-15
0.853174  1.905550E-15
0.853406  1.946360E-15
0.853638  1.978330E-15
0.853871  2.013290E-15
0.854103  1.902280E-15
0.854335  1.920220E-15
0.854567  1.938800E-15
0.854799  1.905360E-15
0.855032  1.886280E-15
0.855264  1.913090E-15
0.855496  1.941820E-15
0.855728  1.971180E-15
0.85596  1.995460E-15
0.856192  1.899540E-15
0.856425  1.978600E-15
0.856657  1.968390E-15
0.856889  1.944130E-15
0.857121  1.984420E-15
0.857353  1.974050E-15
0.857585  1.973160E-15
0.857817  1.988070E-15
0.858049  2.002560E-15
0.858281  1.964130E-15
0.858513  2.022550E-15
0.858746  2.002930E-15
0.858978  1.996090E-15
0.85921  2.045190E-15
0.859442  2.072830E-15
0.859674  2.053860E-15
0.859906  2.052110E-15
0.860138  2.004680E-15
0.86037  2.045370E-15
0.860602  2.078260E-15
0.860834  2.036140E-15
0.861066  2.139210E-15
0.861298  2.161020E-15
0.86153  2.133550E-15
0.861762  2.169310E-15
0.861994  2.177890E-15
0.862226  2.175420E-15
0.862458  2.153280E-15
0.86269  2.040170E-15
0.862922  2.056460E-15
0.863154  2.037960E-15
0.863386  2.075880E-15
0.863618  2.074000E-15
0.86385  1.998260E-15
0.864082  2.014380E-15
0.864313  1.977430E-15
0.864545  2.047810E-15
0.864777  2.039520E-15
0.865009  1.956910E-15
0.865241  1.968760E-15
0.865473  2.001510E-15
0.865705  1.974820E-15
0.865937  1.959450E-15
0.866169  2.009480E-15
0.8664  1.996890E-15
0.866632  2.066750E-15
0.866864  2.017260E-15
0.867096  1.991250E-15
0.867328  1.999250E-15
0.86756  2.068070E-15
0.867792  2.142460E-15
0.868023  2.059970E-15
0.868255  2.112040E-15
0.868487  2.049890E-15
0.868719  2.147100E-15
0.868951  1.999710E-15
0.869182  1.994400E-15
0.869414  2.047050E-15
0.869646  2.001480E-15
0.869878  2.012710E-15
0.87011  1.967840E-15
0.870341  1.952690E-15
0.870573  1.947270E-15
0.870805  1.971610E-15
0.871037  1.961540E-15
0.871268  1.943630E-15
0.8715  1.867690E-15
0.871732  1.949440E-15
0.871964  1.953160E-15
0.872195  1.859730E-15
0.872427  1.879360E-15
0.872659  1.886610E-15
0.87289  1.980140E-15
0.873122  1.976000E-15
0.873354  1.903070E-15
0.873585  1.913550E-15
0.873817  1.960040E-15
0.874049  1.913310E-15
0.874281  1.919890E-15
0.874512  1.918370E-15
0.874744  1.763600E-15
0.874976  1.891890E-15
0.875207  1.907600E-15
0.875439  1.904030E-15
0.87567  1.876700E-15
0.875902  1.995760E-15
0.876134  1.879610E-15
0.876365  1.893230E-15
0.876597  1.973220E-15
0.876829  1.977410E-15
0.87706  1.986740E-15
0.877292  2.005170E-15
0.877523  1.993990E-15
0.877755  1.943160E-15
0.877987  2.027020E-15
0.878218  1.923450E-15
0.87845  1.958000E-15
0.878681  1.935230E-15
0.878913  1.999130E-15
0.879144  2.024990E-15
0.879376  1.978870E-15
0.879607  1.970510E-15
0.879839  2.007020E-15
0.880071  1.962860E-15
0.880302  1.965770E-15
0.880534  2.052930E-15
0.880765  1.971020E-15
0.880997  1.876500E-15
0.881228  1.961450E-15
0.88146  2.009340E-15
0.881691  1.948340E-15
0.881923  2.029960E-15
0.882154  2.022460E-15
0.882386  2.014140E-15
0.882617  2.013190E-15
0.882849  1.967940E-15
0.88308  2.018090E-15
0.883312  2.046640E-15
0.883543  1.998450E-15
0.883775  1.989290E-15
0.884006  1.947850E-15
0.884237  1.967180E-15
0.884469  1.932830E-15
0.8847  1.915810E-15
0.884932  1.950070E-15
0.885163  1.857610E-15
0.885395  1.893550E-15
0.885626  1.945750E-15
0.885857  1.873460E-15
0.886089  1.822790E-15
0.88632  1.801930E-15
0.886552  1.809230E-15
0.886783  1.828970E-15
0.887014  1.814250E-15
0.887246  1.815700E-15
0.887477  1.825210E-15
0.887709  1.834990E-15
0.88794  1.827090E-15
0.888171  1.863840E-15
0.888403  1.787700E-15
0.888634  1.789970E-15
0.888865  1.772640E-15
0.889097  1.809360E-15
0.889328  1.790980E-15
0.889559  1.784120E-15
0.889791  1.754010E-15
0.890022  1.808280E-15
0.890253  1.652560E-15
0.890485  1.783590E-15
0.890716  1.742170E-15
0.890947  1.751540E-15
0.891179  1.769690E-15
0.89141  1.869450E-15
0.891641  1.764860E-15
0.891872  1.781920E-15
0.892104  1.800460E-15
0.892335  1.744070E-15
0.892566  1.812540E-15
0.892798  1.768940E-15
0.893029  1.724280E-15
0.89326  1.721050E-15
0.893491  1.718350E-15
0.893723  1.809210E-15
0.893954  1.738060E-15
0.894185  1.704000E-15
0.894416  1.706250E-15
0.894648  1.745280E-15
0.894879  1.681680E-15
0.89511  1.748860E-15
0.895341  1.714470E-15
0.895573  1.710610E-15
0.895804  1.709280E-15
0.896035  1.755130E-15
0.896266  1.678290E-15
0.896497  1.630680E-15
0.896729  1.720500E-15
0.89696  1.766580E-15
0.897191  1.793150E-15
0.897422  1.751560E-15
0.897653  1.736930E-15
0.897884  1.706110E-15
0.898116  1.705250E-15
0.898347  1.774140E-15
0.898578  1.692720E-15
0.898809  1.715700E-15
0.89904  1.680400E-15
0.899271  1.787610E-15
0.899503  1.715430E-15
0.899734  1.701520E-15
0.899965  1.719260E-15
0.900196  1.771420E-15
0.900427  1.732160E-15
0.900658  1.687760E-15
0.900889  1.737150E-15
0.90112  1.747440E-15
0.901352  1.610780E-15
0.901583  1.690950E-15
0.901814  1.696330E-15
0.902045  1.715370E-15
0.902276  1.684570E-15
0.902507  1.751130E-15
0.902738  1.767000E-15
0.902969  1.738000E-15
0.9032  1.710160E-15
0.903431  1.787000E-15
0.903663  1.872600E-15
0.903894  1.739820E-15
0.904125  1.779030E-15
0.904356  1.775620E-15
0.904587  1.690980E-15
0.904818  1.741130E-15
0.905049  1.734020E-15
0.90528  1.826480E-15
0.905511  1.861530E-15
0.905742  1.794540E-15
0.905973  1.844010E-15
0.906204  1.847830E-15
0.906435  1.760410E-15
0.906666  1.713090E-15
0.906897  1.806850E-15
0.907128  1.829570E-15
0.907359  1.774380E-15
0.90759  1.799670E-15
0.907821  1.752130E-15
0.908052  1.892250E-15
0.908283  1.769170E-15
0.908514  1.723990E-15
0.908745  1.683760E-15
0.908976  1.729600E-15
0.909207  1.699730E-15
0.909438  1.739110E-15
0.909669  1.720780E-15
0.9099  1.833960E-15
0.910131  1.656640E-15
0.910362  1.678010E-15
0.910593  1.688590E-15
0.910824  1.708110E-15
0.911055  1.760460E-15
0.911286  1.783960E-15
0.911517  1.698510E-15
0.911748  1.771200E-15
0.911979  1.734600E-15
0.91221  1.718190E-15
0.91244  1.754900E-15
0.912671  1.724150E-15
0.912902  1.718130E-15
0.913133  1.736780E-15
0.913364  1.766120E-15
0.913595  1.764530E-15
0.913826  1.703280E-15
0.914057  1.774030E-15
0.914288  1.704230E-15
0.914519  1.710310E-15
0.91475  1.694220E-15
0.914981  1.713570E-15
0.915211  1.687690E-15
0.915442  1.721790E-15
0.915673  1.764900E-15
0.915904  1.715540E-15
0.916135  1.753260E-15
0.916366  1.734510E-15
0.916597  1.745890E-15
0.916828  1.758240E-15
0.917058  1.664480E-15
0.917289  1.661310E-15
0.91752  1.754400E-15
0.917751  1.725080E-15
0.917982  1.796880E-15
0.918213  1.699070E-15
0.918444  1.786950E-15
0.918674  1.838390E-15
0.918905  1.786670E-15
0.919136  1.780090E-15
0.919367  1.808300E-15
0.919598  1.830810E-15
0.919829  1.750030E-15
0.920059  1.782570E-15
0.92029  1.762440E-15
0.920521  1.817370E-15
0.920752  1.853810E-15
0.920983  1.828940E-15
0.921214  1.739680E-15
0.921444  1.863290E-15
0.921675  1.718780E-15
0.921906  1.829300E-15
0.922137  1.844620E-15
0.922368  1.797020E-15
0.922598  1.754470E-15
0.922829  1.805120E-15
0.92306  1.870630E-15
0.923291  1.763670E-15
0.923521  1.841030E-15
0.923752  1.817190E-15
0.923983  1.707240E-15
0.924214  1.769910E-15
0.924445  1.673930E-15
0.924675  1.742180E-15
0.924906  1.763090E-15
0.925137  1.727250E-15
0.925368  1.743090E-15
0.925598  1.789890E-15
0.925829  1.802280E-15
0.92606  1.737020E-15
0.926291  1.743590E-15
0.926521  1.700620E-15
0.926752  1.662150E-15
0.926983  1.757310E-15
0.927214  1.695590E-15
0.927444  1.788630E-15
0.927675  1.743790E-15
0.927906  1.753890E-15
0.928137  1.758480E-15
0.928367  1.779360E-15
0.928598  1.689010E-15
0.928829  1.737680E-15
0.929059  1.657420E-15
0.92929  1.657990E-15
0.929521  1.665660E-15
0.929752  1.742810E-15
0.929982  1.763560E-15
0.930213  1.663710E-15
0.930444  1.712110E-15
0.930674  1.618410E-15
0.930905  1.662800E-15
0.931136  1.645940E-15
0.931366  1.601220E-15
0.931597  1.755910E-15
0.931828  1.652780E-15
0.932059  1.600580E-15
0.932289  1.654280E-15
0.93252  1.692230E-15
0.932751  1.771060E-15
0.932981  1.649270E-15
0.933212  1.659540E-15
0.933443  1.679800E-15
0.933673  1.673630E-15
0.933904  1.680420E-15
0.934135  1.671610E-15
0.934365  1.653010E-15
0.934596  1.603530E-15
0.934827  1.585270E-15
0.935057  1.662900E-15
0.935288  1.629890E-15
0.935519  1.615650E-15
0.935749  1.610210E-15
0.93598  1.585890E-15
0.93621  1.611840E-15
0.936441  1.689600E-15
0.936672  1.636740E-15
0.936902  1.680820E-15
0.937133  1.612580E-15
0.937364  1.603220E-15
0.937594  1.685280E-15
0.937825  1.583330E-15
0.938056  1.676640E-15
0.938286  1.689040E-15
0.938517  1.630350E-15
0.938747  1.676600E-15
0.938978  1.643460E-15
0.939209  1.713420E-15
0.939254  1.728590E-15
0.939525  1.679960E-15
0.939796  1.686290E-15
0.940068  1.732090E-15
0.940339  1.758640E-15
0.94061  1.678200E-15
0.940881  1.737450E-15
0.941153  1.772270E-15
0.941424  1.827700E-15
0.941695  1.840740E-15
0.941966  1.917500E-15
0.942238  1.945490E-15
0.942509  1.986110E-15
0.94278  2.058000E-15
0.943051  2.169630E-15
0.943323  2.207430E-15
0.943594  2.340600E-15
0.943865  2.289150E-15
0.944136  2.381590E-15
0.944407  2.352280E-15
0.944678  2.414010E-15
0.94495  2.313270E-15
0.945221  2.274720E-15
0.945492  2.337960E-15
0.945763  2.237510E-15
0.946034  2.202180E-15
0.946305  2.028800E-15
0.946577  2.028470E-15
0.946848  2.090970E-15
0.947119  2.002950E-15
0.94739  1.986110E-15
0.947661  2.002730E-15
0.947932  2.003250E-15
0.948203  1.971610E-15
0.948474  1.980490E-15
0.948745  1.992580E-15
0.949017  2.048740E-15
0.949288  2.066850E-15
0.949559  2.024680E-15
0.94983  2.114150E-15
0.950101  2.090610E-15
0.950372  2.090230E-15
0.950643  2.018430E-15
0.950914  2.000390E-15
0.951185  1.993560E-15
0.951456  1.961750E-15
0.951727  1.960980E-15
0.951998  1.948340E-15
0.952269  1.865990E-15
0.95254  1.890220E-15
0.952811  1.898710E-15
0.953082  1.934790E-15
0.953353  1.882800E-15
0.953624  1.874880E-15
0.953895  1.913720E-15
0.954166  1.954200E-15
0.954437  1.965740E-15
0.954708  1.986980E-15
0.954979  2.028690E-15
0.95525  2.000450E-15
0.955521  1.954860E-15
0.955792  1.944650E-15
0.956063  1.959400E-15
0.956333  1.940610E-15
0.956604  1.908860E-15
0.956875  1.844040E-15
0.957146  1.856110E-15
0.957417  1.798730E-15
0.957688  1.699570E-15
0.957959  1.766970E-15
0.95823  1.699770E-15
0.958501  1.720350E-15
0.958772  1.622440E-15
0.959042  1.630720E-15
0.959313  1.615100E-15
0.959584  1.627770E-15
0.959855  1.598080E-15
0.960126  1.678220E-15
0.960397  1.705660E-15
0.960667  1.641160E-15
0.960938  1.601610E-15
0.961209  1.586450E-15
0.96148  1.668640E-15
0.961751  1.636660E-15
0.962022  1.688070E-15
0.962292  1.645270E-15
0.962563  1.627310E-15
0.962834  1.638480E-15
0.963105  1.699130E-15
0.963375  1.678250E-15
0.963646  1.599550E-15
0.963917  1.617560E-15
0.964188  1.640390E-15
0.964458  1.646790E-15
0.964729  1.582740E-15
0.965  1.557020E-15
0.965271  1.586700E-15
0.965541  1.622420E-15
0.965812  1.631020E-15
0.966083  1.653870E-15
0.966354  1.683830E-15
0.966624  1.671060E-15
0.966895  1.755530E-15
0.967166  1.765830E-15
0.967436  1.830680E-15
0.967707  1.788230E-15
0.967978  1.852300E-15
0.968248  1.858760E-15
0.968519  1.824420E-15
0.96879  1.807330E-15
0.96906  1.811430E-15
0.969331  1.857950E-15
0.969602  1.779090E-15
0.969872  1.767270E-15
0.970143  1.731510E-15
0.970414  1.729570E-15
0.970684  1.719380E-15
0.970955  1.693900E-15
0.971226  1.711580E-15
0.971496  1.621030E-15
0.971767  1.615920E-15
0.972037  1.584450E-15
0.972308  1.527870E-15
0.972578  1.580020E-15
0.972849  1.557280E-15
0.97312  1.566660E-15
0.97339  1.490640E-15
0.973661  1.528780E-15
0.973931  1.522380E-15
0.974202  1.457460E-15
0.974472  1.504060E-15
0.974743  1.543430E-15
0.975013  1.543480E-15
0.975284  1.491380E-15
0.975555  1.490810E-15
0.975825  1.520450E-15
0.976096  1.471710E-15
0.976366  1.516000E-15
0.976637  1.529030E-15
0.976907  1.490120E-15
0.977178  1.534630E-15
0.977448  1.534910E-15
0.977719  1.578160E-15
0.977989  1.504410E-15
0.97826  1.493380E-15
0.97853  1.546870E-15
0.9788  1.524080E-15
0.979071  1.533990E-15
0.979341  1.524800E-15
0.979612  1.487750E-15
0.979882  1.468480E-15
0.980153  1.471440E-15
0.980423  1.434460E-15
0.980694  1.430780E-15
0.980964  1.405050E-15
0.981234  1.398240E-15
0.981505  1.436330E-15
0.981775  1.416220E-15
0.982046  1.412230E-15
0.982316  1.399820E-15
0.982586  1.442570E-15
0.982857  1.419300E-15
0.983127  1.388190E-15
0.983398  1.421230E-15
0.983668  1.450880E-15
0.983938  1.437520E-15
0.984209  1.407540E-15
0.984479  1.403200E-15
0.984749  1.435910E-15
0.98502  1.438680E-15
0.98529  1.467220E-15
0.98556  1.428110E-15
0.985831  1.410640E-15
0.986101  1.402930E-15
0.986371  1.442430E-15
0.986642  1.454460E-15
0.986912  1.422160E-15
0.987182  1.412190E-15
0.987453  1.427500E-15
0.987723  1.435340E-15
0.987993  1.443470E-15
0.988263  1.469080E-15
0.988534  1.406970E-15
0.988804  1.462590E-15
0.989074  1.465410E-15
0.989345  1.500130E-15
0.989615  1.476520E-15
0.989885  1.470500E-15
0.990155  1.463010E-15
0.990426  1.487470E-15
0.990696  1.494250E-15
0.990966  1.513510E-15
0.991236  1.468300E-15
0.991507  1.496850E-15
0.991777  1.469320E-15
0.992047  1.459730E-15
0.992317  1.467290E-15
0.992587  1.448560E-15
0.992858  1.452540E-15
0.993128  1.439130E-15
0.993398  1.428030E-15
0.993668  1.432010E-15
0.993938  1.409390E-15
0.994209  1.445570E-15
0.994479  1.402170E-15
0.994749  1.404310E-15
0.995019  1.413980E-15
0.995289  1.399390E-15
0.995559  1.439590E-15
0.995829  1.455900E-15
0.9961  1.413140E-15
0.99637  1.449290E-15
0.99664  1.455510E-15
0.99691  1.474580E-15
0.99718  1.452930E-15
0.99745  1.475290E-15
0.99772  1.463230E-15
0.99799  1.431480E-15
0.998261  1.438090E-15
0.998531  1.449510E-15
0.998801  1.441420E-15
0.999071  1.438790E-15
0.999341  1.427290E-15
0.999611  1.421400E-15
0.999881  1.437440E-15
1.00015  1.382200E-15
1.00042  1.358500E-15
1.00069  1.387070E-15
1.00096  1.347900E-15
1.00123  1.346140E-15
1.0015  1.369740E-15
1.00177  1.384650E-15
1.00204  1.342420E-15
1.00231  1.373860E-15
1.00258  1.329300E-15
1.00285  1.397870E-15
1.00312  1.383920E-15
1.00339  1.346450E-15
1.00366  1.368120E-15
1.00393  1.392760E-15
1.0042  1.374050E-15
1.00447  1.420680E-15
1.00474  1.422950E-15
1.00501  1.394150E-15
1.00528  1.434070E-15
1.00555  1.418410E-15
1.00582  1.383860E-15
1.00609  1.482730E-15
1.00636  1.439650E-15
1.00663  1.460440E-15
1.0069  1.501480E-15
1.00717  1.492670E-15
1.00744  1.514550E-15
1.00771  1.531710E-15
1.00798  1.544960E-15
1.00825  1.517400E-15
1.00852  1.537330E-15
1.00879  1.528310E-15
1.00906  1.495120E-15
1.00933  1.543990E-15
1.0096  1.467490E-15
1.00987  1.469050E-15
1.01014  1.445030E-15
1.01041  1.455780E-15
1.01068  1.441530E-15
1.01095  1.411300E-15
1.01122  1.454960E-15
1.01149  1.470930E-15
1.01176  1.475280E-15
1.01203  1.484540E-15
1.0123  1.505660E-15
1.01257  1.489650E-15
1.01284  1.510300E-15
1.01311  1.507680E-15
1.01338  1.558760E-15
1.01365  1.527510E-15
1.01392  1.515300E-15
1.01419  1.488840E-15
1.01446  1.510860E-15
1.01473  1.490320E-15
1.015  1.496480E-15
1.01527  1.509810E-15
1.01554  1.487910E-15
1.01581  1.483300E-15
1.01608  1.470480E-15
1.01635  1.483850E-15
1.01662  1.477120E-15
1.01689  1.444020E-15
1.01716  1.414990E-15
1.01743  1.452450E-15
1.0177  1.412100E-15
1.01797  1.455240E-15
1.01824  1.404880E-15
1.01851  1.448780E-15
1.01878  1.432390E-15
1.01904  1.431770E-15
1.01931  1.441710E-15
1.01958  1.434030E-15
1.01985  1.445400E-15
1.02012  1.447900E-15
1.02039  1.445780E-15
1.02066  1.428660E-15
1.02093  1.433010E-15
1.0212  1.393680E-15
1.02147  1.435570E-15
1.02174  1.492490E-15
1.02201  1.414720E-15
1.02228  1.431190E-15
1.02255  1.420120E-15
1.02282  1.439600E-15
1.02309  1.421430E-15
1.02336  1.435410E-15
1.02363  1.396220E-15
1.0239  1.473960E-15
1.02417  1.503950E-15
1.02444  1.453460E-15
1.02471  1.476680E-15
1.02498  1.491670E-15
1.02525  1.547010E-15
1.02552  1.527830E-15
1.02579  1.524020E-15
1.02606  1.552690E-15
1.02633  1.520700E-15
1.0266  1.566810E-15
1.02687  1.571740E-15
1.02714  1.597400E-15
1.02741  1.576590E-15
1.02767  1.605000E-15
1.02794  1.665390E-15
1.02821  1.633770E-15
1.02848  1.669380E-15
1.02875  1.683670E-15
1.02902  1.719070E-15
1.02929  1.685280E-15
1.02956  1.713990E-15
1.02983  1.700200E-15
1.0301  1.706700E-15
1.03037  1.774900E-15
1.03064  1.751690E-15
1.03091  1.784040E-15
1.03118  1.799510E-15
1.03145  1.833560E-15
1.03172  1.774390E-15
1.03199  1.836680E-15
1.03226  1.793390E-15
1.03253  1.774010E-15
1.0328  1.729470E-15
1.03307  1.746910E-15
1.03334  1.684100E-15
1.03361  1.684860E-15
1.03388  1.639460E-15
1.03414  1.633670E-15
1.03441  1.612790E-15
1.03468  1.544470E-15
1.03495  1.505590E-15
1.03522  1.526610E-15
1.03549  1.519970E-15
1.03576  1.493290E-15
1.03603  1.451750E-15
1.0363  1.455850E-15
1.03657  1.478240E-15
1.03684  1.426260E-15
1.03711  1.440440E-15
1.03738  1.390950E-15
1.03765  1.379350E-15
1.03792  1.385510E-15
1.03819  1.407640E-15
1.03846  1.341920E-15
1.03873  1.323810E-15
1.039  1.336620E-15
1.03927  1.353850E-15
1.03953  1.378930E-15
1.0398  1.377240E-15
1.04007  1.345440E-15
1.04034  1.388880E-15
1.04061  1.306050E-15
1.04088  1.313620E-15
1.04115  1.355500E-15
1.04142  1.293340E-15
1.04169  1.321390E-15
1.04196  1.351980E-15
1.04223  1.323070E-15
1.0425  1.323900E-15
1.04277  1.266220E-15
1.04304  1.262930E-15
1.04331  1.301100E-15
1.04358  1.279500E-15
1.04385  1.316320E-15
1.04411  1.247500E-15
1.04438  1.246720E-15
1.04465  1.264340E-15
1.04492  1.277940E-15
1.04519  1.181040E-15
1.04546  1.266280E-15
1.04573  1.231270E-15
1.046  1.287780E-15
1.04627  1.268320E-15
1.04654  1.258900E-15
1.04681  1.276630E-15
1.04708  1.217430E-15
1.04735  1.272630E-15
1.04762  1.248760E-15
1.04789  1.285480E-15
1.04816  1.278720E-15
1.04842  1.255520E-15
1.04869  1.323850E-15
1.04896  1.308520E-15
1.04923  1.325430E-15
1.0495  1.312410E-15
1.04977  1.326860E-15
1.05004  1.287100E-15
1.05031  1.385310E-15
1.05058  1.360580E-15
1.05085  1.374260E-15
1.05112  1.321310E-15
1.05139  1.359700E-15
1.05166  1.379520E-15
1.05193  1.391080E-15
1.05219  1.349000E-15
1.05246  1.378420E-15
1.05273  1.385480E-15
1.053  1.305550E-15
1.05327  1.352550E-15
1.05354  1.350570E-15
1.05381  1.325750E-15
1.05408  1.339410E-15
1.05435  1.355020E-15
1.05462  1.310340E-15
1.05489  1.334690E-15
1.05516  1.314160E-15
1.05543  1.317760E-15
1.0557  1.295560E-15
1.05596  1.266160E-15
1.05623  1.314280E-15
1.0565  1.287250E-15
1.05677  1.294050E-15
1.05704  1.238100E-15
1.05731  1.330230E-15
1.05758  1.318330E-15
1.05785  1.291270E-15
1.05812  1.260060E-15
1.05839  1.286160E-15
1.05866  1.252100E-15
1.05893  1.273170E-15
1.0592  1.274060E-15
1.05946  1.301220E-15
1.05973  1.273190E-15
1.06  1.286010E-15
1.06027  1.280440E-15
1.06054  1.285510E-15
1.06081  1.280850E-15
1.06108  1.296640E-15
1.06135  1.316020E-15
1.06162  1.336840E-15
1.06189  1.367490E-15
1.06216  1.338280E-15
1.06243  1.340420E-15
1.06269  1.299670E-15
1.06296  1.344150E-15
1.06323  1.369700E-15
1.0635  1.356800E-15
1.06377  1.398680E-15
1.06404  1.432650E-15
1.06431  1.523060E-15
1.06458  1.528760E-15
1.06485  1.515210E-15
1.06512  1.536440E-15
1.06539  1.564140E-15
1.06566  1.529280E-15
1.06592  1.546400E-15
1.06619  1.539670E-15
1.06646  1.517990E-15
1.06673  1.562450E-15
1.067  1.545350E-15
1.06727  1.531540E-15
1.06754  1.576790E-15
1.06781  1.568040E-15
1.06808  1.543280E-15
1.06835  1.490080E-15
1.06862  1.532770E-15
1.06888  1.469950E-15
1.06915  1.442910E-15
1.06942  1.425720E-15
1.06969  1.408890E-15
1.06996  1.373560E-15
1.07023  1.412930E-15
1.0705  1.372980E-15
1.07077  1.355760E-15
1.07104  1.364740E-15
1.07131  1.403910E-15
1.07158  1.336740E-15
1.07184  1.344890E-15
1.07211  1.287520E-15
1.07238  1.271520E-15
1.07265  1.243120E-15
1.07292  1.258090E-15
1.07319  1.267760E-15
1.07346  1.325420E-15
1.07373  1.274870E-15
1.074  1.249290E-15
1.07427  1.271080E-15
1.07453  1.258620E-15
1.0748  1.230940E-15
1.07507  1.229260E-15
1.07534  1.191870E-15
1.07561  1.244380E-15
1.07588  1.223170E-15
1.07615  1.234790E-15
1.07642  1.216710E-15
1.07669  1.276760E-15
1.07696  1.238720E-15
1.07722  1.231010E-15
1.07749  1.219850E-15
1.07776  1.199600E-15
1.07803  1.131990E-15
1.0783  1.201940E-15
1.07857  1.173590E-15
1.07884  1.218810E-15
1.07911  1.200480E-15
1.07938  1.178860E-15
1.07965  1.253000E-15
1.07991  1.237310E-15
1.08018  1.187310E-15
1.08045  1.207000E-15
1.08072  1.197270E-15
1.08099  1.181900E-15
1.08126  1.170160E-15
1.08153  1.189180E-15
1.0818  1.175300E-15
1.08207  1.192170E-15
1.08234  1.144120E-15
1.0826  1.146480E-15
1.08287  1.138160E-15
1.08314  1.160570E-15
1.08341  1.129500E-15
1.08368  1.182810E-15
1.08395  1.181040E-15
1.08422  1.155280E-15
1.08449  1.160250E-15
1.08476  1.108310E-15
1.08502  1.154660E-15
1.08529  1.104690E-15
1.08556  1.113890E-15
1.08583  1.113450E-15
1.0861  1.134590E-15
1.08637  1.095430E-15
1.08664  1.117370E-15
1.08691  1.098210E-15
1.08718  1.136530E-15
1.08744  1.155640E-15
1.08771  1.059160E-15
1.08798  1.102730E-15
1.08825  1.140390E-15
1.08852  1.102380E-15
1.08879  1.143880E-15
1.08906  1.129320E-15
1.08933  1.146990E-15
1.0896  1.150100E-15
1.08986  1.076000E-15
1.09013  1.160920E-15
1.0904  1.105260E-15
1.09067  1.155290E-15
1.09094  1.135610E-15
1.09121  1.131830E-15
1.09148  1.132530E-15
1.09175  1.074140E-15
1.09202  1.092250E-15
1.09228  1.112170E-15
1.09255  1.114900E-15
1.09282  1.122470E-15
1.09309  1.131110E-15
1.09336  1.160980E-15
1.09363  1.149990E-15
1.0939  1.153130E-15
1.09417  1.171780E-15
1.09444  1.129630E-15
1.0947  1.149900E-15
1.09497  1.263150E-15
1.09524  1.147410E-15
1.09551  1.234640E-15
1.09578  1.173460E-15
1.09605  1.137820E-15
1.09632  1.145070E-15
1.09659  1.146890E-15
1.09685  1.174120E-15
1.09712  1.185360E-15
1.09739  1.161960E-15
1.09766  1.225070E-15
1.09793  1.135400E-15
1.0982  1.171540E-15
1.09847  1.144290E-15
1.09874  1.151010E-15
1.099  1.168630E-15
1.09927  1.180830E-15
1.09954  1.202770E-15
1.09981  1.172170E-15
1.10008  1.177730E-15
1.10035  1.199150E-15
1.10062  1.126360E-15
1.10089  1.100940E-15
1.10116  1.176070E-15
1.10142  1.163150E-15
1.10169  1.142860E-15
1.10196  1.201820E-15
1.10223  1.160340E-15
1.1025  1.186720E-15
1.10277  1.132030E-15
1.10304  1.125120E-15
1.10331  1.172110E-15
1.10357  1.191610E-15
1.10384  1.162590E-15
1.10411  1.147930E-15
1.10438  1.167870E-15
1.10465  1.169300E-15
1.10492  1.158970E-15
1.10519  1.200780E-15
1.10546  1.189120E-15
1.10572  1.144250E-15
1.10599  1.164050E-15
1.10626  1.181510E-15
1.10653  1.179800E-15
1.1068  1.202670E-15
1.10707  1.214470E-15
1.10734  1.218440E-15
1.10761  1.213880E-15
1.10787  1.172140E-15
1.10814  1.136160E-15
1.10841  1.238870E-15
1.10868  1.192480E-15
1.10895  1.206840E-15
1.10922  1.190190E-15
1.10949  1.179240E-15
1.10976  1.174970E-15
1.11002  1.154660E-15
1.11029  1.221690E-15
1.11056  1.191330E-15
1.11083  1.241680E-15
1.1111  1.219000E-15
1.11137  1.245240E-15
1.11164  1.244520E-15
1.1119  1.179950E-15
1.11217  1.184380E-15
1.11244  1.205100E-15
1.11271  1.246820E-15
1.11298  1.240930E-15
1.11325  1.269970E-15
1.11352  1.272930E-15
1.11379  1.264930E-15
1.11405  1.248880E-15
1.11432  1.303600E-15
1.11459  1.308440E-15
1.11486  1.307090E-15
1.11513  1.328730E-15
1.1154  1.404810E-15
1.11567  1.443050E-15
1.11593  1.421530E-15
1.1162  1.406150E-15
1.11647  1.490030E-15
1.11674  1.494640E-15
1.11701  1.571270E-15
1.11728  1.551190E-15
1.11755  1.600540E-15
1.11782  1.637480E-15
1.11808  1.669650E-15
1.11835  1.647660E-15
1.11862  1.656590E-15
1.11889  1.564310E-15
1.11916  1.577510E-15
1.11943  1.552170E-15
1.1197  1.592720E-15
1.11996  1.441750E-15
1.12023  1.511570E-15
1.1205  1.495830E-15
1.12077  1.521470E-15
1.12104  1.459170E-15
1.12131  1.513470E-15
1.12158  1.526160E-15
1.12185  1.520700E-15
1.12211  1.538630E-15
1.12238  1.511530E-15
1.12265  1.623610E-15
1.12292  1.562630E-15
1.12319  1.677460E-15
1.12346  1.686370E-15
1.12373  1.612280E-15
1.12399  1.667140E-15
1.12426  1.668810E-15
1.12453  1.610410E-15
1.1248  1.610410E-15
1.12507  1.492570E-15
1.12534  1.521630E-15
1.12561  1.444820E-15
1.12587  1.446440E-15
1.12614  1.319840E-15
1.12641  1.332570E-15
1.12668  1.319560E-15
1.12695  1.362690E-15
1.12722  1.338770E-15
1.12749  1.347010E-15
1.12775  1.238650E-15
1.12785  1.313990E-15
1.12818  1.313360E-15
1.1285  1.259600E-15
1.12883  1.305950E-15
1.12915  1.286400E-15
1.12948  1.273050E-15
1.1298  1.276210E-15
1.13013  1.225090E-15
1.13045  1.248540E-15
1.13078  1.242500E-15
1.1311  1.242880E-15
1.13143  1.216420E-15
1.13176  1.221980E-15
1.13208  1.194880E-15
1.13241  1.212270E-15
1.13273  1.255200E-15
1.13306  1.202140E-15
1.13338  1.229880E-15
1.13371  1.221280E-15
1.13403  1.199590E-15
1.13436  1.212960E-15
1.13468  1.200320E-15
1.13501  1.202230E-15
1.13533  1.158970E-15
1.13566  1.229070E-15
1.13598  1.227290E-15
1.13631  1.211880E-15
1.13663  1.184620E-15
1.13696  1.192620E-15
1.13728  1.203480E-15
1.13761  1.213290E-15
1.13793  1.212230E-15
1.13826  1.184440E-15
1.13858  1.226340E-15
1.13891  1.202740E-15
1.13923  1.191560E-15
1.13956  1.191780E-15
1.13988  1.179890E-15
1.14021  1.176130E-15
1.14053  1.190580E-15
1.14086  1.150470E-15
1.14118  1.173130E-15
1.14151  1.140130E-15
1.14183  1.184040E-15
1.14216  1.152270E-15
1.14248  1.164630E-15
1.14281  1.156920E-15
1.14313  1.162250E-15
1.14346  1.118620E-15
1.14378  1.142750E-15
1.14411  1.114990E-15
1.14443  1.112860E-15
1.14476  1.119790E-15
1.14508  1.157370E-15
1.14541  1.159180E-15
1.14573  1.153890E-15
1.14606  1.140450E-15
1.14638  1.155470E-15
1.14671  1.132670E-15
1.14703  1.106020E-15
1.14736  1.123210E-15
1.14768  1.137990E-15
1.14801  1.147890E-15
1.14833  1.143050E-15
1.14866  1.149690E-15
1.14898  1.134930E-15
1.14931  1.119540E-15
1.14963  1.145450E-15
1.14996  1.124440E-15
1.15028  1.137470E-15
1.15061  1.108630E-15
1.15093  1.155450E-15
1.15126  1.147590E-15
1.15158  1.151730E-15
1.15191  1.131560E-15
1.15223  1.138480E-15
1.15255  1.123990E-15
1.15288  1.143240E-15
1.1532  1.146350E-15
1.15353  1.172120E-15
1.15385  1.151200E-15
1.15418  1.186670E-15
1.1545  1.131250E-15
1.15483  1.166510E-15
1.15515  1.142060E-15
1.15548  1.168250E-15
1.1558  1.154150E-15
1.15613  1.147590E-15
1.15645  1.146200E-15
1.15678  1.154500E-15
1.1571  1.143560E-15
1.15743  1.162580E-15
1.15775  1.146940E-15
1.15807  1.163670E-15
1.1584  1.138090E-15
1.15872  1.139570E-15
1.15905  1.168290E-15
1.15937  1.147450E-15
1.1597  1.126000E-15
1.16002  1.136940E-15
1.16035  1.135510E-15
1.16067  1.147950E-15
1.161  1.143210E-15
1.16132  1.142840E-15
1.16165  1.113280E-15
1.16197  1.133920E-15
1.16229  1.146850E-15
1.16262  1.134210E-15
1.16294  1.135440E-15
1.16327  1.152870E-15
1.16359  1.145740E-15
1.16392  1.143380E-15
1.16424  1.130310E-15
1.16457  1.157770E-15
1.16489  1.153220E-15
1.16521  1.135290E-15
1.16554  1.121140E-15
1.16586  1.139920E-15
1.16619  1.127820E-15
1.16651  1.154440E-15
1.16684  1.140870E-15
1.16716  1.142120E-15
1.16749  1.126570E-15
1.16781  1.160200E-15
1.16813  1.145730E-15
1.16846  1.160640E-15
1.16878  1.157180E-15
1.16911  1.150880E-15
1.16943  1.165270E-15
1.16976  1.169330E-15
1.17008  1.175910E-15
1.17041  1.197730E-15
1.17073  1.193930E-15
1.17105  1.219150E-15
1.17138  1.229740E-15
1.1717  1.274330E-15
1.17203  1.281250E-15
1.17235  1.323020E-15
1.17268  1.321440E-15
1.173  1.351820E-15
1.17332  1.352110E-15
1.17365  1.388810E-15
1.17397  1.388310E-15
1.1743  1.431060E-15
1.17462  1.399490E-15
1.17495  1.373860E-15
1.17527  1.364780E-15
1.17559  1.362650E-15
1.17592  1.323690E-15
1.17624  1.302350E-15
1.17657  1.300790E-15
1.17689  1.254090E-15
1.17722  1.249360E-15
1.17754  1.257830E-15
1.17786  1.223610E-15
1.17819  1.217200E-15
1.17851  1.201140E-15
1.17884  1.203430E-15
1.17916  1.184020E-15
1.17948  1.156650E-15
1.17981  1.172260E-15
1.18013  1.155370E-15
1.18046  1.152690E-15
1.18078  1.164310E-15
1.18111  1.137630E-15
1.18143  1.160310E-15
1.18175  1.138150E-15
1.18208  1.143330E-15
1.1824  1.121640E-15
1.18273  1.119270E-15
1.18305  1.139560E-15
1.18337  1.139240E-15
1.1837  1.123710E-15
1.18402  1.132090E-15
1.18435  1.125500E-15
1.18467  1.116350E-15
1.185  1.132630E-15
1.18532  1.111880E-15
1.18564  1.127050E-15
1.18597  1.139310E-15
1.18629  1.126070E-15
1.18662  1.100810E-15
1.18694  1.121050E-15
1.18726  1.115310E-15
1.18759  1.141420E-15
1.18791  1.115920E-15
1.18824  1.098410E-15
1.18856  1.111370E-15
1.18888  1.145520E-15
1.18921  1.118010E-15
1.18953  1.132580E-15
1.18986  1.120270E-15
1.19018  1.117810E-15
1.1905  1.123290E-15
1.19083  1.123690E-15
1.19115  1.129670E-15
1.19148  1.132090E-15
1.1918  1.159420E-15
1.19212  1.147280E-15
1.19245  1.187010E-15
1.19277  1.137220E-15
1.19309  1.164220E-15
1.19342  1.154780E-15
1.19374  1.181710E-15
1.19407  1.156900E-15
1.19439  1.181610E-15
1.19471  1.166480E-15
1.19504  1.190190E-15
1.19536  1.180380E-15
1.19569  1.194320E-15
1.19601  1.197850E-15
1.19633  1.190450E-15
1.19666  1.199540E-15
1.19698  1.208300E-15
1.1973  1.200510E-15
1.19763  1.204070E-15
1.19795  1.186960E-15
1.19828  1.183600E-15
1.1986  1.191310E-15
1.19892  1.170330E-15
1.19925  1.177530E-15
1.19957  1.195310E-15
1.1999  1.183500E-15
1.20022  1.162570E-15
1.20054  1.196080E-15
1.20087  1.189860E-15
1.20119  1.204380E-15
1.20151  1.197060E-15
1.20184  1.194890E-15
1.20216  1.221270E-15
1.20249  1.222340E-15
1.20281  1.208840E-15
1.20313  1.227850E-15
1.20346  1.232640E-15
1.20378  1.248820E-15
1.2041  1.249270E-15
1.20443  1.272120E-15
1.20475  1.289970E-15
1.20508  1.302440E-15
1.2054  1.322980E-15
1.20572  1.306640E-15
1.20605  1.335280E-15
1.20637  1.360230E-15
1.20669  1.402570E-15
1.20702  1.443020E-15
1.20734  1.450770E-15
1.20766  1.506010E-15
1.20799  1.560750E-15
1.20831  1.597300E-15
1.20864  1.676520E-15
1.20896  1.700000E-15
1.20928  1.779360E-15
1.20961  1.813560E-15
1.20993  1.855770E-15
1.21025  1.860590E-15
1.21058  1.842230E-15
1.2109  1.769980E-15
1.21122  1.758160E-15
1.21155  1.695300E-15
1.21187  1.626240E-15
1.21219  1.625710E-15
1.21252  1.604860E-15
1.21284  1.586580E-15
1.21317  1.593980E-15
1.21349  1.581090E-15
1.21381  1.574180E-15
1.21414  1.580800E-15
1.21446  1.594380E-15
1.21478  1.582130E-15
1.21511  1.588320E-15
1.21543  1.583620E-15
1.21575  1.536960E-15
1.21608  1.527030E-15
1.2164  1.510840E-15
1.21672  1.488970E-15
1.21705  1.480000E-15
1.21737  1.465890E-15
1.21769  1.481930E-15
1.21802  1.493740E-15
1.21834  1.480550E-15
1.21867  1.478330E-15
1.21899  1.490540E-15
1.21931  1.511280E-15
1.21964  1.541580E-15
1.21996  1.569970E-15
1.22028  1.600770E-15
1.22061  1.626830E-15
1.22093  1.677300E-15
1.22125  1.674990E-15
1.22158  1.728520E-15
1.2219  1.761020E-15
1.22222  1.803710E-15
1.22255  1.818570E-15
1.22287  1.829670E-15
1.22319  1.817440E-15
1.22352  1.819620E-15
1.22384  1.743070E-15
1.22416  1.726070E-15
1.22449  1.684840E-15
1.22481  1.639220E-15
1.22513  1.558630E-15
1.22546  1.527730E-15
1.22578  1.451560E-15
1.2261  1.427940E-15
1.22643  1.381010E-15
1.22675  1.342730E-15
1.22707  1.334400E-15
1.2274  1.306800E-15
1.22772  1.272490E-15
1.22804  1.262760E-15
1.22837  1.274570E-15
1.22869  1.254130E-15
1.22901  1.223890E-15
1.22934  1.225600E-15
1.22966  1.235360E-15
1.22998  1.219020E-15
1.23031  1.200050E-15
1.23063  1.203610E-15
1.23095  1.185520E-15
1.23128  1.175820E-15
1.2316  1.165850E-15
1.23192  1.164390E-15
1.23225  1.179550E-15
1.23257  1.157250E-15
1.23289  1.155530E-15
1.23321  1.160590E-15
1.23354  1.150200E-15
1.23386  1.148800E-15
1.23418  1.148360E-15
1.23451  1.138300E-15
1.23483  1.116230E-15
1.23515  1.133550E-15
1.23548  1.136810E-15
1.2358  1.136810E-15
1.23612  1.114780E-15
1.23645  1.116620E-15
1.23677  1.121110E-15
1.23709  1.109140E-15
1.23742  1.113760E-15
1.23774  1.126510E-15
1.23806  1.106790E-15
1.23839  1.119630E-15
1.23871  1.109470E-15
1.23903  1.108610E-15
1.23936  1.127500E-15
1.23968  1.134310E-15
1.24  1.111310E-15
1.24032  1.151250E-15
1.24065  1.135290E-15
1.24097  1.155110E-15
1.24129  1.171160E-15
1.24162  1.157710E-15
1.24194  1.197720E-15
1.24226  1.222890E-15
1.24259  1.193080E-15
1.24291  1.236760E-15
1.24323  1.235120E-15
1.24356  1.227300E-15
1.24388  1.222510E-15
1.2442  1.217040E-15
1.24452  1.217310E-15
1.24485  1.217460E-15
1.24517  1.220260E-15
1.24549  1.206260E-15
1.24582  1.182650E-15
1.24614  1.177220E-15
1.24646  1.158610E-15
1.24679  1.169380E-15
1.24711  1.151940E-15
1.24743  1.131450E-15
1.24775  1.133800E-15
1.24808  1.122490E-15
1.2484  1.123140E-15
1.24872  1.111450E-15
1.24905  1.096950E-15
1.24937  1.100380E-15
1.24969  1.093080E-15
1.25002  1.097560E-15
1.25034  1.082510E-15
1.25066  1.097970E-15
1.25098  1.078760E-15
1.25131  1.095230E-15
1.25163  1.100610E-15
1.25195  1.070420E-15
1.25228  1.069570E-15
1.2526  1.093390E-15
1.25292  1.085720E-15
1.25325  1.088460E-15
1.25357  1.084140E-15
1.25389  1.108760E-15
1.25421  1.093800E-15
1.25454  1.105350E-15
1.25486  1.105120E-15
1.25518  1.114180E-15
1.25551  1.091860E-15
1.25583  1.114920E-15
1.25615  1.119770E-15
1.25647  1.123860E-15
1.2568  1.107420E-15
1.25712  1.152230E-15
1.25744  1.118960E-15
1.25777  1.130320E-15
1.25809  1.164210E-15
1.25841  1.162450E-15
1.25873  1.189270E-15
1.25906  1.209230E-15
1.25938  1.212380E-15
1.2597  1.262530E-15
1.26003  1.260910E-15
1.26035  1.315610E-15
1.26067  1.308190E-15
1.26099  1.353150E-15
1.26132  1.374470E-15
1.26164  1.401740E-15
1.26196  1.416620E-15
1.26229  1.422570E-15
1.26261  1.431240E-15
1.26293  1.402970E-15
1.26325  1.385840E-15
1.26358  1.354960E-15
1.2639  1.334270E-15
1.26422  1.290990E-15
1.26455  1.228230E-15
1.26487  1.250190E-15
1.26519  1.181480E-15
1.26551  1.176900E-15
1.26584  1.143020E-15
1.26616  1.132460E-15
1.26648  1.159690E-15
1.2668  1.150330E-15
1.26713  1.133170E-15
1.26745  1.110140E-15
1.26777  1.131670E-15
1.2681  1.096210E-15
1.26842  1.117300E-15
1.26874  1.126800E-15
1.26906  1.116560E-15
1.26939  1.085920E-15
1.26971  1.098640E-15
1.27003  1.049630E-15
1.27035  1.065260E-15
1.27068  1.095170E-15
1.271  1.073390E-15
1.27132  1.074130E-15
1.27165  1.045590E-15
1.27197  1.076690E-15
1.27229  1.084530E-15
1.27261  1.063040E-15
1.27294  1.077400E-15
1.27326  1.052500E-15
1.27358  1.064430E-15
1.2739  1.044260E-15
1.27423  1.059430E-15
1.27455  1.050230E-15
1.27487  1.026510E-15
1.27519  1.019130E-15
1.27552  1.026380E-15
1.27584  1.042940E-15
1.27616  1.034340E-15
1.27649  1.050470E-15
1.27681  1.021330E-15
1.27713  1.053470E-15
1.27745  1.052130E-15
1.27778  1.047910E-15
1.2781  1.021210E-15
1.27842  1.013230E-15
1.27874  1.033550E-15
1.27907  1.058340E-15
1.27939  1.014090E-15
1.27971  1.010970E-15
1.28003  1.069860E-15
1.28036  1.029520E-15
1.28068  1.009120E-15
1.281  1.029460E-15
1.28132  1.034280E-15
1.28165  1.016150E-15
1.28197  1.013990E-15
1.28229  1.032540E-15
1.28261  1.007100E-15
1.28294  1.023990E-15
1.28326  1.011110E-15
1.28358  1.002160E-15
1.2839  1.014570E-15
1.28423  1.001660E-15
1.28455  1.024470E-15
1.28487  1.027550E-15
1.28519  1.024220E-15
1.28552  1.024130E-15
1.28584  1.016850E-15
1.28616  1.013070E-15
1.28649  1.032200E-15
1.28681  1.006070E-15
1.28713  1.017770E-15
1.28745  1.022110E-15
1.28778  1.032070E-15
1.2881  1.021250E-15
1.28842  1.019370E-15
1.28874  1.018520E-15
1.28907  1.027310E-15
1.28939  1.038920E-15
1.28971  1.031620E-15
1.29003  1.026620E-15
1.29036  1.034940E-15
1.29068  1.021660E-15
1.291  1.038710E-15
1.29132  1.026280E-15
1.29165  1.013260E-15
1.29197  1.028740E-15
1.29229  1.016230E-15
1.29261  1.006860E-15
1.29293  1.001560E-15
1.29326  1.032950E-15
1.29358  1.029450E-15
1.2939  1.013260E-15
1.29422  9.990380E-16
1.29455  1.042880E-15
1.29487  1.018950E-15
1.29519  1.029230E-15
1.29551  1.023830E-15
1.29584  1.013740E-15
1.29616  1.020520E-15
1.29648  1.009870E-15
1.2968  1.019920E-15
1.29713  1.013500E-15
1.29745  1.039260E-15
1.29777  1.028650E-15
1.29809  1.030720E-15
1.29842  1.028210E-15
1.29874  1.011470E-15
1.29906  1.025010E-15
1.29938  1.035020E-15
1.29971  1.019650E-15
1.30003  1.012590E-15
1.30035  1.031280E-15
1.30067  1.012410E-15
1.301  1.049050E-15
1.30132  1.035170E-15
1.30164  1.030710E-15
1.30196  1.019680E-15
1.30228  1.052910E-15
1.30261  1.047350E-15
1.30293  1.029140E-15
1.30325  1.008370E-15
1.30357  1.008340E-15
1.3039  1.023390E-15
1.30422  1.021590E-15
1.30454  1.032150E-15
1.30486  1.011110E-15
1.30519  1.024440E-15
1.30551  1.013790E-15
1.30583  1.029940E-15
1.30615  1.045440E-15
1.30648  1.026120E-15
1.3068  1.034440E-15
1.30712  1.003220E-15
1.30744  1.013800E-15
1.30776  1.038390E-15
1.30809  1.023600E-15
1.30841  9.981410E-16
1.30873  1.024010E-15
1.30905  1.007240E-15
1.30938  9.941220E-16
1.3097  1.032000E-15
1.31002  1.018900E-15
1.31034  1.014920E-15
1.31067  1.017460E-15
1.31099  1.012200E-15
1.31131  1.019060E-15
1.31163  1.034980E-15
1.31195  1.036900E-15
1.31228  1.022670E-15
1.3126  1.046910E-15
1.31292  1.025990E-15
1.31324  1.035950E-15
1.31357  1.037760E-15
1.31389  1.040730E-15
1.31421  1.041720E-15
1.31453  1.044510E-15
1.31485  1.043360E-15
1.31518  1.025670E-15
1.3155  1.034080E-15
1.31582  1.062000E-15
1.31614  1.040270E-15
1.31647  1.026900E-15
1.31679  1.017560E-15
1.31711  1.047770E-15
1.31743  1.033190E-15
1.31776  1.047650E-15
1.31808  1.045100E-15
1.3184  1.040590E-15
1.31872  1.042470E-15
1.31904  1.050000E-15
1.31937  1.049100E-15
1.31969  1.041850E-15
1.32001  1.046700E-15
1.32033  1.017380E-15
1.32066  1.038440E-15
1.32098  1.024230E-15
1.3213  1.043900E-15
1.32162  1.030060E-15
1.32194  1.047150E-15
1.32227  1.033670E-15
1.32259  1.039250E-15
1.32291  1.035160E-15
1.32323  1.036820E-15
1.32355  1.028410E-15
1.32388  1.043040E-15
1.3242  1.045710E-15
1.32452  1.063680E-15
1.32484  1.040910E-15
1.32517  1.039630E-15
1.32549  1.032050E-15
1.32581  1.036760E-15
1.32613  1.047040E-15
1.32645  1.026380E-15
1.32678  1.023940E-15
1.3271  1.039830E-15
1.32742  1.043990E-15
1.32774  1.043290E-15
1.32807  1.035630E-15
1.32839  1.026290E-15
1.32871  1.007990E-15
1.32903  1.036500E-15
1.32935  1.013620E-15
1.32968  1.037270E-15
1.33  1.047150E-15
1.33032  1.039670E-15
1.33064  1.042700E-15
1.33096  1.037470E-15
1.33129  1.037010E-15
1.33161  1.042010E-15
1.33193  1.028820E-15
1.33225  1.009280E-15
1.33258  9.977120E-16
1.3329  1.027520E-15
1.33322  1.030300E-15
1.33354  1.006090E-15
1.33386  1.050330E-15
1.33419  9.924430E-16
1.33451  1.014490E-15
1.33483  1.013740E-15
1.33515  1.023470E-15
1.33547  1.017250E-15
1.3358  1.043050E-15
1.33612  1.033030E-15
1.33644  1.026350E-15
1.33676  9.972470E-16
1.33709  1.011530E-15
1.33741  9.932570E-16
1.33773  9.967340E-16
1.33805  1.031540E-15
1.33837  1.010160E-15
1.3387  1.014680E-15
1.33902  1.014160E-15
1.33934  1.009230E-15
1.33966  1.005830E-15
1.33998  1.002150E-15
1.34031  9.960440E-16
1.34063  9.846330E-16
1.34095  1.002820E-15
1.34127  1.015830E-15
1.34159  1.020170E-15
1.34192  1.022660E-15
1.34224  1.020580E-15
1.34256  1.031720E-15
1.34288  1.006190E-15
1.3432  1.017090E-15
1.34353  1.013760E-15
1.34385  1.001320E-15
1.34417  1.031820E-15
1.34449  1.013980E-15
1.34482  1.023630E-15
1.34514  9.765380E-16
1.34546  9.848250E-16
1.34578  9.872870E-16
1.3461  1.027910E-15
1.34643  1.008470E-15
1.34675  1.023960E-15
1.34707  9.861620E-16
1.34739  1.023760E-15
1.34771  1.004450E-15
1.34804  1.018270E-15
1.34836  9.853760E-16
1.34868  1.014360E-15
1.349  1.003510E-15
1.34932  1.026290E-15
1.34965  9.929270E-16
1.34997  9.679290E-16
1.35029  1.033110E-15
1.35061  1.009820E-15
1.35093  9.668200E-16
1.35126  1.013670E-15
1.35158  9.749290E-16
1.3519  1.031530E-15
1.35222  1.011820E-15
1.35254  9.992180E-16
1.35287  1.006810E-15
1.35319  1.043820E-15
1.35351  1.014410E-15
1.35383  1.015840E-15
1.35415  1.081020E-15
1.35448  1.054420E-15
1.3548  9.673710E-16
1.35512  9.893090E-16
1.35544  9.489420E-16
1.35576  9.762100E-16
1.35609  1.017440E-15
1.35641  9.508230E-16
1.35673  1.032450E-15
1.35705  1.051660E-15
1.35737  9.976510E-16
1.3577  9.911990E-16
1.35802  9.643880E-16
1.35834  9.683040E-16
1.35866  1.140000E-15
1.35898  1.031110E-15
1.35931  1.083730E-15
1.35963  1.069460E-15
1.35995  9.990930E-16
1.36027  9.758710E-16
1.36059  1.162510E-15
1.36092  9.702360E-16
1.36124  1.207240E-15
1.36156  9.818130E-16
1.36188  1.208250E-15
1.3622  1.071420E-15
1.36253  9.871400E-16
1.36285  1.045290E-15
1.36317  1.023900E-15
1.36349  9.677350E-16
1.36381  1.041830E-15
1.36414  1.092990E-15
1.36446  1.071970E-15
1.36478  9.360780E-16
1.3651  9.664460E-16
1.36542  1.011150E-15
1.36575  1.060510E-15
1.36607  1.113390E-15
1.36639  1.054830E-15
1.36671  1.084560E-15
1.36703  1.093200E-15
1.36736  1.104480E-15
1.36768  1.159440E-15
1.368  9.386770E-16
1.36832  1.087240E-15
1.36864  1.038750E-15
1.36897  1.022740E-15
1.36929  1.024560E-15
1.36961  1.062370E-15
1.36993  1.113440E-15
1.37025  1.189080E-15
1.37058  1.020540E-15
1.3709  1.062320E-15
1.37122  1.089080E-15
1.37154  1.026130E-15
1.37186  9.353960E-16
1.37218  9.683040E-16
1.37251  9.509960E-16
1.37283  9.299810E-16
1.37315  1.040090E-15
1.37347  9.938920E-16
1.37379  9.997080E-16
1.37412  9.533891E-16
1.37444  9.787740E-16
1.37476  9.310760E-16
1.37508  9.750410E-16
1.3754  9.807111E-16
1.37573  1.025240E-15
1.37605  1.075460E-15
1.37637  1.006490E-15
1.37669  9.733660E-16
1.37701  9.936050E-16
1.37734  1.016980E-15
1.37766  1.014700E-15
1.37798  1.088320E-15
1.3783  1.006880E-15
1.37862  9.140270E-16
1.37895  1.010150E-15
1.37927  9.982650E-16
1.37959  1.003420E-15
1.37991  1.072370E-15
1.38023  1.009960E-15
1.38056  1.057970E-15
1.38088  1.048790E-15
1.3812  9.365140E-16
1.38152  1.005160E-15
1.38184  9.725710E-16
1.38216  1.011740E-15
1.38249  9.640000E-16
1.38281  1.062670E-15
1.38313  8.921130E-16
1.38345  9.167060E-16
1.38377  9.666630E-16
1.3841  1.039160E-15
1.38442  9.376000E-16
1.38474  9.152440E-16
1.38506  9.784840E-16
1.38538  9.831350E-16
1.38571  9.745070E-16
1.38603  9.891960E-16
1.38635  9.902240E-16
1.38667  1.010070E-15
1.38699  9.930630E-16
1.38732  1.095170E-15
1.38764  1.060140E-15
1.38796  1.073090E-15
1.38828  9.710980E-16
1.3886  1.005040E-15
1.38893  1.054610E-15
1.38925  1.093750E-15
1.38957  1.022610E-15
1.38989  1.061580E-15
1.39021  9.834690E-16
1.39053  1.066510E-15
1.39086  1.035980E-15
1.39118  1.087700E-15
1.3915  1.104180E-15
1.39182  1.040980E-15
1.39214  1.055640E-15
1.39247  1.092820E-15
1.39279  9.976620E-16
1.39311  1.060750E-15
1.39343  9.908270E-16
1.39375  1.080480E-15
1.39408  1.032800E-15
1.3944  1.121200E-15
1.39472  1.058970E-15
1.39504  1.186430E-15
1.39536  1.087100E-15
1.39569  1.059680E-15
1.39601  1.051480E-15
1.39633  9.654110E-16
1.39665  9.162100E-16
1.39697  9.691170E-16
1.39729  1.027940E-15
1.39762  1.001860E-15
1.39794  1.071300E-15
1.39826  1.022940E-15
1.39858  1.028340E-15
1.3989  1.037420E-15
1.39923  1.052110E-15
1.39955  1.104530E-15
1.39987  1.053000E-15
1.40019  9.835830E-16
1.40051  1.082890E-15
1.40084  9.745250E-16
1.40116  8.405070E-16
1.40148  1.028330E-15
1.4018  1.013450E-15
1.40212  1.039250E-15
1.40245  9.347200E-16
1.40277  1.057010E-15
1.40309  1.044490E-15
1.40341  1.071120E-15
1.40373  1.074270E-15
1.40405  1.141610E-15
1.40438  1.069380E-15
1.4047  1.106540E-15
1.40502  9.293400E-16
1.40534  1.088670E-15
1.40566  1.030210E-15
1.40599  1.070040E-15
1.40631  1.112750E-15
1.40663  1.027890E-15
1.40695  1.002950E-15
1.40727  9.975830E-16
1.4076  1.049940E-15
1.40792  1.004380E-15
1.40824  1.021430E-15
1.40856  1.076030E-15
1.40888  1.032430E-15
1.40921  9.675070E-16
1.40953  8.933210E-16
1.40985  9.855870E-16
1.41017  1.014560E-15
1.41049  9.956490E-16
1.41053  1.036410E-15
1.41093  1.049010E-15
1.41134  1.038730E-15
1.41175  1.025360E-15
1.41215  1.004830E-15
1.41256  1.030880E-15
1.41297  1.009940E-15
1.41337  1.038690E-15
1.41378  1.075530E-15
1.41419  1.032350E-15
1.41459  1.047150E-15
1.415  1.014550E-15
1.41541  1.035900E-15
1.41581  1.026320E-15
1.41622  1.024900E-15
1.41662  1.029590E-15
1.41703  1.019130E-15
1.41744  1.045060E-15
1.41784  1.051380E-15
1.41825  1.063590E-15
1.41866  1.078180E-15
1.41906  1.039010E-15
1.41947  1.042980E-15
1.41988  1.032470E-15
1.42028  1.048600E-15
1.42069  1.062600E-15
1.42109  1.053080E-15
1.4215  1.059170E-15
1.42191  1.058860E-15
1.42231  1.070270E-15
1.42272  1.083950E-15
1.42313  1.069710E-15
1.42353  1.080290E-15
1.42394  1.092670E-15
1.42434  1.107040E-15
1.42475  1.105540E-15
1.42516  1.111180E-15
1.42556  1.127560E-15
1.42597  1.148320E-15
1.42637  1.152390E-15
1.42678  1.199240E-15
1.42719  1.212270E-15
1.42759  1.205280E-15
1.428  1.236160E-15
1.42841  1.268680E-15
1.42881  1.302350E-15
1.42922  1.337700E-15
1.42962  1.399300E-15
1.43003  1.460380E-15
1.43044  1.498890E-15
1.43084  1.564470E-15
1.43125  1.660200E-15
1.43165  1.679980E-15
1.43206  1.757650E-15
1.43247  1.858910E-15
1.43287  1.912820E-15
1.43328  1.915520E-15
1.43368  1.889990E-15
1.43409  1.814220E-15
1.4345  1.743770E-15
1.4349  1.657950E-15
1.43531  1.610880E-15
1.43571  1.557360E-15
1.43612  1.478730E-15
1.43652  1.442720E-15
1.43693  1.357600E-15
1.43734  1.335870E-15
1.43774  1.280910E-15
1.43815  1.250970E-15
1.43855  1.216420E-15
1.43896  1.228710E-15
1.43937  1.203250E-15
1.43977  1.176680E-15
1.44018  1.151890E-15
1.44058  1.133140E-15
1.44099  1.144740E-15
1.44139  1.134840E-15
1.4418  1.101720E-15
1.44221  1.100050E-15
1.44261  1.113400E-15
1.44302  1.100460E-15
1.44342  1.071310E-15
1.44383  1.083530E-15
1.44423  1.095090E-15
1.44464  1.093860E-15
1.44505  1.067310E-15
1.44545  1.061140E-15
1.44586  1.053100E-15
1.44626  1.038450E-15
1.44667  1.047600E-15
1.44707  1.049160E-15
1.44748  1.029770E-15
1.44789  1.040920E-15
1.44829  1.033850E-15
1.4487  1.053150E-15
1.4491  1.045160E-15
1.44951  1.039750E-15
1.44991  1.053520E-15
1.45032  1.029850E-15
1.45072  1.036970E-15
1.45113  1.010130E-15
1.45154  1.022350E-15
1.45194  1.020730E-15
1.45235  1.003620E-15
1.45275  1.004330E-15
1.45316  1.015220E-15
1.45356  1.001950E-15
1.45397  1.014540E-15
1.45437  1.005680E-15
1.45478  1.006940E-15
1.45518  1.010880E-15
1.45559  9.958130E-16
1.456  1.004700E-15
1.4564  1.026420E-15
1.45681  1.016240E-15
1.45721  1.018720E-15
1.45762  1.004660E-15
1.45802  1.011040E-15
1.45843  9.931550E-16
1.45883  1.009460E-15
1.45924  1.007120E-15
1.45964  1.007080E-15
1.46005  1.023070E-15
1.46045  9.953221E-16
1.46086  9.899980E-16
1.46126  1.008420E-15
1.46167  1.009670E-15
1.46208  9.963560E-16
1.46248  9.926640E-16
1.46289  9.844659E-16
1.46329  1.000480E-15
1.4637  9.873430E-16
1.4641  1.002340E-15
1.46451  9.993420E-16
1.46491  1.013830E-15
1.46532  1.017340E-15
1.46572  1.005220E-15
1.46613  1.011000E-15
1.46653  1.019050E-15
1.46694  1.004030E-15
1.46734  1.001710E-15
1.46775  1.001920E-15
1.46815  1.021570E-15
1.46856  1.012240E-15
1.46896  1.023590E-15
1.46937  1.025110E-15
1.46977  1.023380E-15
1.47018  1.032670E-15
1.47058  9.999470E-16
1.47099  1.032270E-15
1.47139  1.011780E-15
1.4718  1.020860E-15
1.4722  1.018640E-15
1.47261  1.014990E-15
1.47301  1.021570E-15
1.47342  1.023650E-15
1.47382  1.014640E-15
1.47423  1.014500E-15
1.47463  1.016660E-15
1.47504  1.012960E-15
1.47544  1.020230E-15
1.47585  9.977040E-16
1.47625  1.008840E-15
1.47666  1.007570E-15
1.47706  1.012510E-15
1.47747  9.953450E-16
1.47787  9.962970E-16
1.47828  1.004530E-15
1.47868  1.003860E-15
1.47909  9.998630E-16
1.47949  1.000460E-15
1.4799  1.002760E-15
1.4803  9.967030E-16
1.48071  1.008970E-15
1.48111  9.932720E-16
1.48152  9.906330E-16
1.48192  9.972820E-16
1.48233  9.881880E-16
1.48273  9.940020E-16
1.48314  1.005960E-15
1.48354  9.996101E-16
1.48395  9.980740E-16
1.48435  9.950470E-16
1.48476  1.006090E-15
1.48516  1.011210E-15
1.48557  9.995990E-16
1.48597  1.003270E-15
1.48638  1.003450E-15
1.48678  1.009120E-15
1.48718  9.901550E-16
1.48759  9.744720E-16
1.48799  9.861430E-16
1.4884  1.001810E-15
1.4888  9.859750E-16
1.48921  9.864840E-16
1.48961  9.808750E-16
1.49002  9.782500E-16
1.49042  9.775010E-16
1.49083  9.974720E-16
1.49123  9.885950E-16
1.49164  9.971080E-16
1.49204  9.857370E-16
1.49245  9.886639E-16
1.49285  9.917360E-16
1.49325  9.899330E-16
1.49366  9.930300E-16
1.49406  9.861520E-16
1.49447  9.860150E-16
1.49487  9.883940E-16
1.49528  9.815180E-16
1.49568  9.949961E-16
1.49609  9.865430E-16
1.49649  9.982970E-16
1.4969  1.004070E-15
1.4973  9.898260E-16
1.4977  9.803671E-16
1.49811  9.859010E-16
1.49851  9.945510E-16
1.49892  9.873600E-16
1.49932  9.949370E-16
1.49973  9.973130E-16
1.50013  9.937600E-16
1.50054  9.909060E-16
1.50094  9.962920E-16
1.50134  1.002660E-15
1.50175  9.935020E-16
1.50215  9.911320E-16
1.50256  9.884350E-16
1.50296  9.955700E-16
1.50337  9.938360E-16
1.50377  9.891130E-16
1.50418  9.971610E-16
1.50458  9.749090E-16
1.50498  9.861820E-16
1.50539  9.651140E-16
1.50579  9.674939E-16
1.5062  9.936830E-16
1.5066  9.778110E-16
1.50701  9.839060E-16
1.50741  9.956820E-16
1.50781  1.003380E-15
1.50822  9.880430E-16
1.50862  9.851290E-16
1.50903  9.974220E-16
1.50943  9.904610E-16
1.50984  9.947910E-16
1.51024  1.002800E-15
1.51064  1.007770E-15
1.51105  1.000900E-15
1.51145  1.010080E-15
1.51186  9.944350E-16
1.51226  9.999240E-16
1.51267  9.982880E-16
1.51307  9.964250E-16
1.51347  9.917070E-16
1.51388  1.000640E-15
1.51428  9.964130E-16
1.51469  9.874690E-16
1.51509  9.954010E-16
1.5155  1.003540E-15
1.5159  1.004390E-15
1.5163  9.950160E-16
1.51671  1.007070E-15
1.51711  9.944570E-16
1.51752  9.989200E-16
1.51792  9.980950E-16
1.51832  9.996650E-16
1.51873  1.014120E-15
1.51913  1.001900E-15
1.51954  1.008350E-15
1.51994  1.007410E-15
1.52034  1.018760E-15
1.52075  1.004440E-15
1.52115  1.004120E-15
1.52156  1.004620E-15
1.52196  1.010400E-15
1.52237  9.979600E-16
1.52277  1.014300E-15
1.52317  1.014150E-15
1.52358  9.870400E-16
1.52398  1.015710E-15
1.52439  1.005190E-15
1.52479  1.013730E-15
1.52519  1.012580E-15
1.5256  9.970160E-16
1.526  1.005770E-15
1.52641  9.918360E-16
1.52681  1.004320E-15
1.52721  9.899620E-16
1.52762  9.850500E-16
1.52802  9.950640E-16
1.52843  9.928420E-16
1.52883  9.993810E-16
1.52923  9.941740E-16
1.52964  9.911170E-16
1.53004  1.003100E-15
1.53044  9.968090E-16
1.53085  1.002590E-15
1.53125  9.990430E-16
1.53166  1.002390E-15
1.53206  9.887730E-16
1.53246  1.014850E-15
1.53287  9.969020E-16
1.53327  9.866430E-16
1.53368  9.793260E-16
1.53408  1.006130E-15
1.53448  9.936340E-16
1.53489  9.944650E-16
1.53529  9.886040E-16
1.53569  9.908570E-16
1.5361  9.872780E-16
1.5365  9.949030E-16
1.53691  9.978360E-16
1.53731  9.878140E-16
1.53771  9.929510E-16
1.53812  9.979410E-16
1.53852  9.835540E-16
1.53893  1.000300E-15
1.53933  9.917890E-16
1.53973  9.978390E-16
1.54014  9.805060E-16
1.54054  9.809070E-16
1.54094  9.848140E-16
1.54135  9.847180E-16
1.54175  9.909930E-16
1.54216  9.903740E-16
1.54256  9.906070E-16
1.54296  9.888840E-16
1.54337  9.784090E-16
1.54377  9.963100E-16
1.54417  1.002110E-15
1.54458  9.645110E-16
1.54498  9.813260E-16
1.54538  9.870070E-16
1.54579  9.770670E-16
1.54619  9.868541E-16
1.5466  9.797370E-16
1.547  9.735690E-16
1.5474  9.882360E-16
1.54781  9.929320E-16
1.54821  9.787510E-16
1.54861  9.796770E-16
1.54902  9.729150E-16
1.54942  9.789890E-16
1.54982  9.809130E-16
1.55023  9.704320E-16
1.55063  9.911650E-16
1.55104  9.730481E-16
1.55144  9.855110E-16
1.55184  9.802560E-16
1.55225  9.746500E-16
1.55265  9.857710E-16
1.55305  9.943290E-16
1.55346  9.761700E-16
1.55386  9.699970E-16
1.55426  9.730391E-16
1.55467  9.783990E-16
1.55507  9.608530E-16
1.55547  9.654600E-16
1.55588  9.702079E-16
1.55628  9.582810E-16
1.55668  9.642130E-16
1.55709  9.683590E-16
1.55749  9.717800E-16
1.5579  9.808920E-16
1.5583  9.784290E-16
1.5587  9.713820E-16
1.55911  9.809450E-16
1.55951  9.821000E-16
1.55991  9.772450E-16
1.56032  9.765920E-16
1.56072  9.832670E-16
1.56112  9.779971E-16
1.56153  9.838750E-16
1.56193  9.912170E-16
1.56233  9.864410E-16
1.56274  9.872330E-16
1.56314  9.746210E-16
1.56354  9.759070E-16
1.56395  9.898720E-16
1.56435  9.721220E-16
1.56475  9.669600E-16
1.56516  9.550060E-16
1.56556  9.765800E-16
1.56596  9.861420E-16
1.56637  1.005760E-15
1.56677  9.860840E-16
1.56717  9.769760E-16
1.56758  9.727260E-16
1.56798  9.856599E-16
1.56838  9.807320E-16
1.56879  9.706450E-16
1.56919  9.678560E-16
1.56959  9.677100E-16
1.57  9.581240E-16
1.5704  9.677330E-16
1.5708  9.600350E-16
1.57121  9.548430E-16
1.57161  9.691390E-16
1.57201  9.751020E-16
1.57242  9.858420E-16
1.57282  9.665010E-16
1.57322  9.732780E-16
1.57363  9.891800E-16
1.57403  9.832150E-16
1.57443  9.921800E-16
1.57484  9.819540E-16
1.57524  9.847250E-16
1.57564  9.982240E-16
1.57605  9.950360E-16
1.57645  9.882390E-16
1.57685  9.669170E-16
1.57726  9.949800E-16
1.57766  9.841660E-16
1.57806  9.826291E-16
1.57847  9.802520E-16
1.57887  9.762890E-16
1.57927  9.920350E-16
1.57967  9.828560E-16
1.58008  9.882370E-16
1.58048  9.757270E-16
1.58088  9.698110E-16
1.58129  9.929879E-16
1.58169  9.827500E-16
1.58209  1.006540E-15
1.5825  9.686980E-16
1.5829  9.686300E-16
1.5833  9.863200E-16
1.58371  1.010130E-15
1.58411  9.932170E-16
1.58451  9.964840E-16
1.58492  9.990790E-16
1.58532  9.951680E-16
1.58572  1.000580E-15
1.58613  1.010450E-15
1.58653  9.970410E-16
1.58693  9.849130E-16
1.58733  9.839980E-16
1.58774  9.803520E-16
1.58814  9.889080E-16
1.58854  9.963400E-16
1.58895  9.813629E-16
1.58935  1.003050E-15
1.58975  1.000710E-15
1.59016  1.002030E-15
1.59056  9.968440E-16
1.59096  1.007280E-15
1.59137  9.980530E-16
1.59177  1.001590E-15
1.59217  9.954130E-16
1.59257  9.980650E-16
1.59298  9.885320E-16
1.59338  9.930120E-16
1.59378  9.879650E-16
1.59419  9.933220E-16
1.59459  9.860880E-16
1.59499  9.968250E-16
1.5954  9.804560E-16
1.5958  9.987239E-16
1.5962  1.003870E-15
1.5966  9.764150E-16
1.59701  9.877000E-16
1.59741  9.730010E-16
1.59781  9.770530E-16
1.59822  9.871439E-16
1.59862  9.948020E-16
1.59902  9.792100E-16
1.59943  9.929760E-16
1.59983  9.787520E-16
1.60023  9.883590E-16
1.60063  9.957370E-16
1.60104  9.983280E-16
1.60144  9.838030E-16
1.60184  9.982750E-16
1.60225  1.005950E-15
1.60265  9.820010E-16
1.60305  1.002060E-15
1.60345  9.753011E-16
1.60386  9.988180E-16
1.60426  9.749340E-16
1.60466  9.983340E-16
1.60507  1.000660E-15
1.60547  1.000420E-15
1.60587  1.006160E-15
1.60627  9.890290E-16
1.60668  1.001410E-15
1.60708  9.913030E-16
1.60748  1.003210E-15
1.60789  1.013810E-15
1.60829  9.937760E-16
1.60869  9.951790E-16
1.60909  9.964990E-16
1.6095  1.007470E-15
1.6099  9.900960E-16
1.6103  1.003930E-15
1.61071  9.883360E-16
1.61111  9.961850E-16
1.61151  9.868110E-16
1.61191  1.001710E-15
1.61232  9.830770E-16
1.61272  1.002460E-15
1.61312  1.003500E-15
1.61353  1.011500E-15
1.61393  1.001770E-15
1.61433  1.000290E-15
1.61473  9.926079E-16
1.61514  1.010510E-15
1.61554  1.004910E-15
1.61594  1.010060E-15
1.61635  9.986780E-16
1.61675  1.007470E-15
1.61715  9.983720E-16
1.61755  9.931100E-16
1.61796  9.973370E-16
1.61836  1.000710E-15
1.61876  1.004100E-15
1.61916  1.012890E-15
1.61957  1.003860E-15
1.61997  9.994200E-16
1.62037  9.981530E-16
1.62078  9.928740E-16
1.62118  9.896330E-16
1.62158  9.935350E-16
1.62198  9.961740E-16
1.62239  9.919210E-16
1.62279  9.922990E-16
1.62319  1.010430E-15
1.62359  1.008200E-15
1.624  1.007990E-15
1.6244  1.000270E-15
1.6248  9.995520E-16
1.62521  1.009830E-15
1.62561  1.003720E-15
1.62601  1.002730E-15
1.62641  1.003680E-15
1.62682  9.917100E-16
1.62722  9.950260E-16
1.62762  9.978530E-16
1.62802  9.984071E-16
1.62843  1.000590E-15
1.62883  1.005650E-15
1.62923  9.964740E-16
1.62964  9.930430E-16
1.63004  9.962770E-16
1.63044  9.965080E-16
1.63084  9.966610E-16
1.63125  9.932190E-16
1.63165  9.912590E-16
1.63205  9.810980E-16
1.63245  9.940290E-16
1.63286  9.910159E-16
1.63326  9.803240E-16
1.63366  9.869580E-16
1.63406  9.740720E-16
1.63447  9.937290E-16
1.63487  9.853920E-16
1.63527  9.876440E-16
1.63567  1.000150E-15
1.63608  9.977930E-16
1.63648  9.979380E-16
1.63688  1.002440E-15
1.63729  9.893010E-16
1.63769  9.918780E-16
1.63809  9.867810E-16
1.63849  1.009170E-15
1.6389  9.867100E-16
1.6393  9.893880E-16
1.6397  9.873050E-16
1.6401  9.794120E-16
1.64051  9.836250E-16
1.64091  1.008070E-15
1.64131  9.744540E-16
1.64171  9.902910E-16
1.64212  9.858190E-16
1.64252  9.834950E-16
1.64292  9.930220E-16
1.64332  9.847420E-16
1.64373  9.926150E-16
1.64413  9.854400E-16
1.64453  9.989920E-16
1.64493  9.860960E-16
1.64534  9.851640E-16
1.64574  9.894850E-16
1.64614  9.864940E-16
1.64654  9.852370E-16
1.64695  9.887620E-16
1.64735  9.930430E-16
1.64775  9.834940E-16
1.64815  9.780750E-16
1.64856  1.003980E-15
1.64896  9.817070E-16
1.64936  9.876480E-16
1.64976  9.658160E-16
1.65017  9.806830E-16
1.65057  9.796130E-16
1.65097  9.813000E-16
1.65137  9.802740E-16
1.65178  9.831610E-16
1.65218  9.886090E-16
1.65258  9.725210E-16
1.65298  1.000050E-15
1.65339  9.718850E-16
1.65379  9.686920E-16
1.65419  9.891150E-16
1.65459  9.913990E-16
1.655  9.808260E-16
1.6554  9.780020E-16
1.6558  9.644410E-16
1.6562  9.778640E-16
1.65661  9.801870E-16
1.65701  9.722540E-16
1.65741  9.730790E-16
1.65781  9.589860E-16
1.65822  9.721810E-16
1.65862  9.447790E-16
1.65902  9.748880E-16
1.65942  9.786330E-16
1.65983  9.780650E-16
1.66023  9.711850E-16
1.66063  9.719290E-16
1.66103  9.677290E-16
1.66144  9.719740E-16
1.66184  9.713520E-16
1.66224  9.742270E-16
1.66264  9.837580E-16
1.66305  9.745840E-16
1.66345  9.794740E-16
1.66385  9.653460E-16
1.66425  9.696100E-16
1.66466  9.719960E-16
1.66506  9.738230E-16
1.66546  9.731430E-16
1.66586  9.742510E-16
1.66627  9.766720E-16
1.66667  9.853690E-16
1.66707  9.750990E-16
1.66747  9.710360E-16
1.66788  9.815980E-16
1.66828  9.678710E-16
1.66868  9.800710E-16
1.66908  9.787119E-16
1.66949  9.741791E-16
1.66989  9.634490E-16
1.67029  9.760540E-16
1.67069  9.747590E-16
1.6711  9.619700E-16
1.6715  9.794650E-16
1.6719  9.730250E-16
1.6723  9.902020E-16
1.6727  9.794180E-16
1.67311  9.810050E-16
1.67351  9.888820E-16
1.67391  9.748900E-16
1.67431  9.889740E-16
1.67472  9.875310E-16
1.67512  9.905990E-16
1.67552  9.839530E-16
1.67592  9.753400E-16
1.67633  9.821229E-16
1.67673  9.905060E-16
1.67713  9.908980E-16
1.67753  9.882720E-16
1.67794  9.851100E-16
1.67834  9.892220E-16
1.67874  9.904220E-16
1.67914  9.842170E-16
1.67955  9.749910E-16
1.67995  9.758200E-16
1.68035  9.886860E-16
1.68075  9.797830E-16
1.68115  9.804040E-16
1.68156  9.896370E-16
1.68196  9.870100E-16
1.68236  9.946010E-16
1.68276  9.925460E-16
1.68317  9.786370E-16
1.68357  9.929550E-16
1.68397  9.788140E-16
1.68437  9.908050E-16
1.68478  9.902310E-16
1.68518  9.848530E-16
1.68558  9.864930E-16
1.68598  9.919670E-16
1.68639  9.915850E-16
1.68679  9.909640E-16
1.68719  9.826160E-16
1.68759  9.840180E-16
1.68799  9.814801E-16
1.6884  9.722440E-16
1.6888  9.866050E-16
1.6892  9.592320E-16
1.6896  9.717720E-16
1.69001  9.822080E-16
1.69041  9.774410E-16
1.69081  9.901090E-16
1.69121  9.696770E-16
1.69162  9.688160E-16
1.69202  9.802610E-16
1.69242  9.783610E-16
1.69282  9.761800E-16
1.69323  9.784450E-16
1.69363  9.718700E-16
1.69403  9.697840E-16
1.69443  9.758720E-16
1.69483  9.788580E-16
1.69524  9.731310E-16
1.69564  9.695640E-16
1.69604  9.722251E-16
1.69644  9.752720E-16
1.69685  9.779550E-16
1.69725  9.678180E-16
1.69765  9.819840E-16
1.69805  9.713710E-16
1.69846  9.685110E-16
1.69886  9.652990E-16
1.69926  9.576290E-16
1.69966  9.621990E-16
1.70006  9.619300E-16
1.70047  9.794890E-16
1.70087  9.520740E-16
1.70127  9.697150E-16
1.70167  9.601590E-16
1.70208  9.708490E-16
1.70248  9.804240E-16
1.70288  9.644380E-16
1.70328  9.552670E-16
1.70369  9.606890E-16
1.70409  9.738190E-16
1.70449  9.755260E-16
1.70489  9.620220E-16
1.70529  9.583120E-16
1.7057  9.624280E-16
1.7061  9.752180E-16
1.7065  9.627350E-16
1.7069  9.651040E-16
1.70731  9.436350E-16
1.70771  9.593250E-16
1.70811  9.523620E-16
1.70851  9.580930E-16
1.70892  9.523560E-16
1.70932  9.586190E-16
1.70972  9.580420E-16
1.71012  9.668980E-16
1.71052  9.478500E-16
1.71093  9.595920E-16
1.71133  9.649930E-16
1.71173  9.526460E-16
1.71213  9.712670E-16
1.71254  9.516230E-16
1.71294  9.668650E-16
1.71334  9.560820E-16
1.71374  9.584300E-16
1.71415  9.830130E-16
1.71455  9.647360E-16
1.71495  9.631050E-16
1.71535  9.606510E-16
1.71575  9.663020E-16
1.71616  9.690450E-16
1.71656  9.710430E-16
1.71696  9.703000E-16
1.71736  9.620700E-16
1.71777  9.641300E-16
1.71817  9.675160E-16
1.71857  9.638220E-16
1.71897  9.601560E-16
1.71938  9.566990E-16
1.71978  9.780580E-16
1.72018  9.369840E-16
1.72058  9.564430E-16
1.72098  9.470150E-16
1.72139  9.645730E-16
1.72179  9.669840E-16
1.72219  9.486669E-16
1.72259  9.639570E-16
1.723  9.798339E-16
1.7234  9.634450E-16
1.7238  9.700070E-16
1.7242  9.639410E-16
1.7246  9.745390E-16
1.72501  9.630080E-16
1.72541  9.749280E-16
1.72581  9.660030E-16
1.72621  9.785570E-16
1.72662  9.728300E-16
1.72702  9.653340E-16
1.72742  9.780720E-16
1.72782  9.819740E-16
1.72823  9.876501E-16
1.72863  9.678140E-16
1.72903  9.876890E-16
1.72943  9.615220E-16
1.72983  9.712310E-16
1.73024  9.622731E-16
1.73064  9.720240E-16
1.73104  9.728970E-16
1.73144  9.738110E-16
1.73185  9.635080E-16
1.73225  9.617849E-16
1.73265  9.644430E-16
1.73305  9.630460E-16
1.73346  9.761470E-16
1.73386  9.714630E-16
1.73426  9.597600E-16
1.73466  9.638830E-16
1.73506  9.432630E-16
1.73547  9.475020E-16
1.73587  9.449540E-16
1.73627  9.426990E-16
1.73667  9.681210E-16
1.73708  9.569050E-16
1.73748  9.417630E-16
1.73788  9.545561E-16
1.73828  9.730410E-16
1.73869  9.939540E-16
1.73909  9.783000E-16
1.73949  9.868220E-16
1.73989  9.849220E-16
1.74029  9.890190E-16
1.7407  9.928550E-16
1.7411  9.860960E-16
1.7415  9.658640E-16
1.7419  9.667030E-16
1.74231  9.498530E-16
1.74271  9.690540E-16
1.74311  9.645750E-16
1.74351  9.583770E-16
1.74392  9.759560E-16
1.74432  9.464170E-16
1.74472  9.846550E-16
1.74512  9.761400E-16
1.74552  9.729300E-16
1.74593  9.591100E-16
1.74633  9.595870E-16
1.74673  9.721640E-16
1.74713  9.869660E-16
1.74754  9.544590E-16
1.74794  9.588420E-16
1.74834  9.784970E-16
1.74874  9.638700E-16
1.74915  9.501100E-16
1.74955  9.692350E-16
1.74995  9.737269E-16
1.75035  9.767290E-16
1.75076  9.617280E-16
1.75116  9.681300E-16
1.75156  9.742460E-16
1.75196  9.547160E-16
1.75236  9.742540E-16
1.75277  9.767460E-16
1.75317  9.612830E-16
1.75357  9.673040E-16
1.75397  9.577060E-16
1.75438  9.775210E-16
1.75478  9.865650E-16
1.75518  9.684030E-16
1.75558  9.886639E-16
1.75599  9.826240E-16
1.75639  9.871540E-16
1.75679  9.854750E-16
1.75719  9.569870E-16
1.75759  9.806659E-16
1.758  9.614060E-16
1.7584  9.646890E-16
1.7588  9.747240E-16
1.7592  9.637590E-16
1.75961  9.798820E-16
1.76001  9.795190E-16
1.76041  9.483360E-16
1.76081  9.701809E-16
1.76122  9.754080E-16
1.76162  9.577630E-16
1.76202  9.648020E-16
1.76242  9.702060E-16
1.76283  9.608980E-16
1.76323  9.653340E-16
1.76363  9.531160E-16
1.76403  9.664840E-16
1.76444  9.793310E-16
1.76484  9.687840E-16
1.76524  9.896060E-16
1.76564  9.792800E-16
1.76604  9.514090E-16
1.76645  9.607700E-16
1.76685  9.447360E-16
1.76725  9.737541E-16
1.76765  9.494740E-16
1.76806  9.466610E-16
1.76846  9.366180E-16
1.76886  9.368350E-16
1.76926  9.211050E-16
1.76967  9.334630E-16
1.77007  9.319520E-16
1.77047  9.305210E-16
1.77087  9.390480E-16
1.77128  9.448110E-16
1.77168  9.591071E-16
1.77208  9.428409E-16
1.77248  9.530770E-16
1.77289  9.587590E-16
1.77329  9.631360E-16
1.77369  9.593330E-16
1.77409  9.544100E-16
1.7745  9.637180E-16
1.7749  9.569690E-16
1.7753  9.565650E-16
1.7757  9.687710E-16
1.7761  9.531890E-16
1.77651  9.615700E-16
1.77691  9.510821E-16
1.77731  9.654920E-16
1.77771  9.468160E-16
1.77812  9.773590E-16
1.77852  9.653640E-16
1.77892  9.486480E-16
1.77932  9.603400E-16
1.77973  9.558270E-16
1.78013  9.685570E-16
1.78053  9.372960E-16
1.78093  9.501880E-16
1.78134  9.513780E-16
1.78174  9.514360E-16
1.78214  9.461480E-16
1.78254  9.613910E-16
1.78295  9.579920E-16
1.78335  9.509300E-16
1.78375  9.606060E-16
1.78415  9.404840E-16
1.78456  9.438520E-16
1.78496  9.192620E-16
1.78536  9.329881E-16
1.78576  9.386980E-16
1.78617  9.353690E-16
1.78657  9.197560E-16
1.78697  9.512560E-16
1.78737  9.228660E-16
1.78778  9.466310E-16
1.78818  9.607970E-16
1.78858  9.629940E-16
1.78898  9.549271E-16
1.78939  9.545480E-16
1.78979  9.493080E-16
1.79019  9.538030E-16
1.79059  9.448880E-16
1.791  9.593160E-16
1.7914  9.363170E-16
1.7918  9.398080E-16
1.7922  9.404900E-16
1.79261  9.511770E-16
1.79301  9.432770E-16
1.79341  9.372840E-16
1.79381  9.500300E-16
1.79422  9.515130E-16
1.79462  9.571510E-16
1.79502  9.548440E-16
1.79542  9.518380E-16
1.79583  9.428290E-16
1.79623  9.682000E-16
1.79663  9.313250E-16
1.79703  9.535550E-16
1.79744  9.481480E-16
1.79784  9.544070E-16
1.91143  1.000600E-15
1.91197  1.005940E-15
1.91251  9.942720E-16
1.91304  1.015710E-15
1.91358  1.024430E-15
1.91412  9.903660E-16
1.91466  1.027510E-15
1.9152  9.829390E-16
1.91574  9.958030E-16
1.91628  1.006810E-15
1.91682  9.892580E-16
1.91736  9.737520E-16
1.9179  9.870940E-16
1.91844  9.988690E-16
1.91898  9.952170E-16
1.91951  1.018490E-15
1.92005  1.017920E-15
1.92059  9.326330E-16
1.92113  1.024630E-15
1.92167  9.980670E-16
1.92221  9.932530E-16
1.92275  9.814140E-16
1.92329  9.853410E-16
1.92383  9.812410E-16
1.92437  9.777970E-16
1.92491  9.607860E-16
1.92544  9.802940E-16
1.92598  9.935730E-16
1.92652  1.000690E-15
1.92706  9.954970E-16
1.9276  9.813380E-16
1.92814  9.948680E-16
1.92868  1.022990E-15
1.92922  9.994920E-16
1.92976  9.797510E-16
1.9303  1.015810E-15
1.93083  9.879780E-16
1.93137  9.846280E-16
1.93191  1.003500E-15
1.93245  1.007260E-15
1.93299  1.005360E-15
1.93353  9.956590E-16
1.93407  9.988940E-16
1.93461  9.989210E-16
1.93515  9.829639E-16
1.93568  9.994070E-16
1.93622  1.000300E-15
1.93676  1.002080E-15
1.9373  1.015770E-15
1.93784  1.021520E-15
1.93838  1.019400E-15
1.93892  1.019250E-15
1.93946  1.027930E-15
1.94  1.019460E-15
1.94053  1.028220E-15
1.94107  1.045530E-15
1.94161  1.034680E-15
1.94215  1.031790E-15
1.94269  1.023810E-15
1.94323  1.022460E-15
1.94377  1.008610E-15
1.94431  1.016720E-15
1.94485  1.040490E-15
1.94538  1.039540E-15
1.94592  1.036350E-15
1.94646  1.053080E-15
1.947  1.047770E-15
1.94754  1.042800E-15
1.94808  1.035150E-15
1.94862  1.035290E-15
1.94916  1.025390E-15
1.94969  1.028400E-15
1.95023  1.019270E-15
1.95077  1.018870E-15
1.95131  1.020200E-15
1.95185  1.011950E-15
1.95239  1.014850E-15
1.95293  1.011730E-15
1.95347  1.008180E-15
1.95401  1.011520E-15
1.95454  1.007680E-15
1.95508  1.009330E-15
1.95562  1.012200E-15
1.95616  1.015740E-15
1.9567  1.020660E-15
1.95724  1.016910E-15
1.95778  1.009670E-15
1.95831  9.939320E-16
1.95885  1.006930E-15
1.95939  1.000980E-15
1.95993  9.903780E-16
1.96047  9.969200E-16
1.96101  9.896330E-16
1.96155  9.974440E-16
1.96209  1.000780E-15
1.96262  1.003790E-15
1.96316  9.809580E-16
1.9637  9.770510E-16
1.96424  9.919330E-16
1.96478  9.968650E-16
1.96532  9.910980E-16
1.96586  9.998780E-16
1.96639  9.849490E-16
1.96693  9.811310E-16
1.96747  9.851989E-16
1.96801  9.890470E-16
1.96855  9.766480E-16
1.96909  9.810390E-16
1.96963  9.814079E-16
1.97016  9.868770E-16
1.9707  9.833560E-16
1.97124  9.806800E-16
1.97178  9.701930E-16
1.97232  9.740920E-16
1.97286  9.797280E-16
1.9734  9.760750E-16
1.97393  9.804360E-16
1.97447  9.766810E-16
1.97501  9.760429E-16
1.97555  9.755660E-16
1.97609  9.774190E-16
1.97663  9.682680E-16
1.97717  9.716810E-16
1.9777  9.766250E-16
1.97824  9.667390E-16
1.97878  9.760680E-16
1.97932  9.747290E-16
1.97986  9.703590E-16
1.9804  9.718310E-16
1.98093  9.664470E-16
1.98147  9.724060E-16
1.98201  9.657480E-16
1.98255  9.707411E-16
1.98309  9.652260E-16
1.98363  9.744980E-16
1.98416  9.675700E-16
1.9847  9.718920E-16
1.98524  9.732740E-16
1.98578  9.730121E-16
1.98632  9.745190E-16
1.98686  9.715230E-16
1.9874  9.775420E-16
1.98793  9.679650E-16
1.98847  9.785340E-16
1.98901  9.696760E-16
1.98955  9.643210E-16
1.99009  9.646630E-16
1.99063  9.766880E-16
1.99116  9.747650E-16
1.9917  9.822650E-16
1.99224  9.717530E-16
1.99278  9.676140E-16
1.99332  9.668660E-16
1.99386  9.743830E-16
1.99439  9.722620E-16
1.99493  9.759460E-16
1.99547  9.679260E-16
1.99601  9.749130E-16
1.99655  9.777750E-16
1.99709  9.779400E-16
1.99762  9.840870E-16
1.99816  9.878180E-16
1.9987  9.905670E-16
1.99924  9.869180E-16
1.99978  9.883910E-16
2.00032  9.951400E-16
2.00085  1.016100E-15
2.00139  1.006160E-15
2.00193  9.918580E-16
2.00247  9.994010E-16
2.00301  1.008060E-15
2.00354  1.011390E-15
2.00408  1.013730E-15
2.00462  1.015840E-15
2.00516  1.008740E-15
2.0057  1.023110E-15
2.00624  1.015240E-15
2.00677  1.008020E-15
2.00731  1.013780E-15
2.00785  1.001150E-15
2.00839  1.002280E-15
2.00893  1.001880E-15
2.00946  9.941410E-16
2.01  1.000980E-15
2.01054  9.925440E-16
2.01108  1.001670E-15
2.01162  9.980250E-16
2.01216  9.952670E-16
2.01269  1.008550E-15
2.01323  1.003750E-15
2.01377  9.931930E-16
2.01431  1.010460E-15
2.01485  9.944660E-16
2.01538  9.921090E-16
2.01592  9.941780E-16
2.01646  1.004210E-15
2.017  9.995360E-16
2.01754  9.975040E-16
2.01808  1.007170E-15
2.01861  9.959800E-16
2.01915  9.918430E-16
2.01969  9.923880E-16
2.02023  9.924390E-16
2.02077  9.957450E-16
2.0213  9.994820E-16
2.02184  9.985940E-16
2.02238  1.003010E-15
2.02292  9.959829E-16
2.02346  1.006960E-15
2.02399  1.002830E-15
2.02453  1.000580E-15
2.02507  1.000740E-15
2.02561  1.002040E-15
2.02615  1.006650E-15
2.02668  1.008390E-15
2.02722  9.945100E-16
2.02776  1.010850E-15
2.0283  1.013420E-15
2.02884  1.009630E-15
2.02937  1.014960E-15
2.02991  1.017240E-15
2.03045  1.020510E-15
2.03099  1.030170E-15
2.03153  1.025980E-15
2.03206  1.035500E-15
2.0326  1.022040E-15
2.03314  1.037320E-15
2.03368  1.039280E-15
2.03422  1.027030E-15
2.03475  1.019320E-15
2.03529  1.014220E-15
2.03583  1.009000E-15
2.03637  1.002060E-15
2.03691  9.949560E-16
2.03744  9.970440E-16
2.03798  9.960189E-16
2.03852  9.919920E-16
2.03906  9.907280E-16
2.0396  9.971160E-16
2.04013  9.935840E-16
2.04067  9.852210E-16
2.04121  9.883520E-16
2.04175  9.976170E-16
2.04228  9.964910E-16
2.04282  9.837400E-16
2.04336  9.885230E-16
2.0439  9.891140E-16
2.04444  9.895220E-16
2.04497  9.945120E-16
2.04551  9.881670E-16
2.04605  9.820020E-16
2.04659  9.887650E-16
2.04713  9.854810E-16
2.04766  9.892540E-16
2.0482  9.951290E-16
2.04874  9.859920E-16
2.04928  9.873140E-16
2.04981  9.921250E-16
2.05035  9.937970E-16
2.05089  1.006120E-15
2.05143  9.872020E-16
2.05197  9.917870E-16
2.0525  9.892680E-16
2.05304  9.950790E-16
2.05358  9.938021E-16
2.05412  1.004800E-15
2.05466  1.009190E-15
2.05519  1.003370E-15
2.05573  1.007390E-15
2.05627  1.011550E-15
2.05681  1.007620E-15
2.05734  1.014050E-15
2.05788  1.011810E-15
2.05842  1.005830E-15
2.05896  1.013050E-15
2.05949  1.002350E-15
2.06003  9.988770E-16
2.06057  9.932450E-16
2.06111  9.932750E-16
2.06165  9.937520E-16
2.06218  9.995610E-16
2.06272  9.888460E-16
2.06326  9.909820E-16
2.0638  9.986750E-16
2.06433  9.966770E-16
2.06487  9.900380E-16
2.06541  9.990140E-16
2.06595  9.994540E-16
2.06649  1.000590E-15
2.06702  1.005950E-15
2.06756  9.908340E-16
2.0681  1.007600E-15
2.06864  1.008330E-15
2.06917  1.009410E-15
2.06971  1.004760E-15
2.07025  1.011510E-15
2.07079  1.005070E-15
2.07132  1.006300E-15
2.07186  1.004540E-15
2.0724  1.011210E-15
2.07294  1.006890E-15
2.07347  1.011840E-15
2.07401  1.015510E-15
2.07455  1.018060E-15
2.07509  1.014210E-15
2.07563  1.017870E-15
2.07616  1.016130E-15
2.0767  1.018980E-15
2.07724  1.016230E-15
2.07778  1.021330E-15
2.07831  1.017370E-15
2.07885  1.017860E-15
2.07939  1.021190E-15
2.07993  1.026170E-15
2.08046  1.022330E-15
2.081  1.029820E-15
2.08154  1.032750E-15
2.08208  1.042180E-15
2.08261  1.052230E-15
2.08315  1.057730E-15
2.08369  1.067050E-15
2.08423  1.075180E-15
2.08476  1.078720E-15
2.0853  1.088420E-15
2.08584  1.105810E-15
2.08638  1.114730E-15
2.08691  1.120530E-15
2.08745  1.137050E-15
2.08799  1.143210E-15
2.08853  1.156950E-15
2.08906  1.182720E-15
2.0896  1.202990E-15
2.09014  1.226540E-15
2.09068  1.260330E-15
2.09121  1.292900E-15
2.09175  1.331130E-15
2.09229  1.382030E-15
2.09283  1.420910E-15
2.09336  1.475450E-15
2.0939  1.525890E-15
2.09444  1.585340E-15
2.09498  1.664710E-15
2.09551  1.715700E-15
2.09605  1.757040E-15
2.09659  1.746740E-15
2.09713  1.727510E-15
2.09766  1.664170E-15
2.0982  1.611470E-15
2.09874  1.531800E-15
2.09928  1.477400E-15
2.09981  1.412460E-15
2.10035  1.361160E-15
2.10089  1.306520E-15
2.10143  1.262400E-15
2.10196  1.235150E-15
2.1025  1.211260E-15
2.10304  1.192430E-15
2.10358  1.173930E-15
2.10411  1.147340E-15
2.10465  1.141440E-15
2.10519  1.135540E-15
2.10573  1.118530E-15
2.10626  1.099100E-15
2.1068  1.092690E-15
2.10734  1.081850E-15
2.10787  1.079050E-15
2.10841  1.069770E-15
2.10895  1.063610E-15
2.10949  1.058940E-15
2.11002  1.051690E-15
2.11056  1.043380E-15
2.1111  1.030950E-15
2.11164  1.030170E-15
2.11217  1.039290E-15
2.11271  1.029170E-15
2.11325  1.030380E-15
2.11379  1.024640E-15
2.11432  1.020880E-15
2.11486  1.016840E-15
2.1154  1.019910E-15
2.11594  1.003230E-15
2.11647  1.005030E-15
2.11701  1.008160E-15
2.11755  1.007670E-15
2.11808  9.970380E-16
2.11862  1.005840E-15
2.11916  9.891630E-16
2.1197  9.983799E-16
2.12023  9.945680E-16
2.12077  9.942260E-16
2.12131  9.964770E-16
2.12185  9.948440E-16
2.12238  9.780300E-16
2.12292  9.868770E-16
2.12346  9.832730E-16
2.12399  9.859610E-16
2.12453  9.868700E-16
2.12507  9.815750E-16
2.12561  9.812710E-16
2.12614  9.856871E-16
2.12668  9.835960E-16
2.12722  9.784840E-16
2.12776  9.725820E-16
2.12829  9.778150E-16
2.12883  9.795360E-16
2.12937  9.835820E-16
2.1299  9.799930E-16
2.13044  9.790210E-16
2.13098  9.713210E-16
2.13152  9.746020E-16
2.13205  9.758410E-16
2.13259  9.772980E-16
2.13313  9.747200E-16
2.13366  9.780200E-16
2.1342  9.695170E-16
2.13474  9.797410E-16
2.13528  9.737660E-16
2.13581  9.706390E-16
2.13635  9.790900E-16
2.13689  9.708960E-16
2.13743  9.692860E-16
2.13796  9.771420E-16
2.1385  9.713659E-16
2.13904  9.764450E-16
2.13957  9.746840E-16
2.14011  9.734200E-16
2.14065  9.709440E-16
2.14119  9.709080E-16
2.14172  9.666020E-16
2.14226  9.717560E-16
2.1428  9.736819E-16
2.14333  9.646030E-16
2.14387  9.741360E-16
2.14441  9.798920E-16
2.14495  9.680390E-16
2.14548  9.654030E-16
2.14602  9.718930E-16
2.14656  9.674690E-16
2.14709  9.689830E-16
2.14763  9.728320E-16
2.14817  9.780190E-16
2.14871  9.719200E-16
2.14924  9.759300E-16
2.14978  9.703060E-16
2.15032  9.758010E-16
2.15085  9.729750E-16
2.15139  9.710610E-16
2.15193  9.707380E-16
2.15247  9.680280E-16
2.153  9.620180E-16
2.15354  9.699790E-16
2.15408  9.826360E-16
2.15461  9.757600E-16
2.15515  9.761500E-16
2.15569  9.598260E-16
2.15622  9.789410E-16
2.15676  9.767040E-16
2.1573  9.758240E-16
2.15784  9.765830E-16
2.15837  9.803420E-16
2.15891  9.738330E-16
2.15945  9.807220E-16
2.15998  9.808150E-16
2.16052  9.695410E-16
2.16106  9.812220E-16
2.1616  9.728430E-16
2.16213  9.794000E-16
2.16267  9.756500E-16
2.16321  9.895040E-16
2.16374  9.808830E-16
2.16428  9.815030E-16
2.16482  9.926450E-16
2.16535  9.993230E-16
2.16589  1.008650E-15
2.16643  9.977040E-16
2.16697  1.001800E-15
2.1675  1.004730E-15
2.16804  1.003220E-15
2.16858  1.003490E-15
2.16911  1.006400E-15
2.16965  9.955620E-16
2.17019  1.005830E-15
2.17072  1.005010E-15
2.17126  1.014710E-15
2.1718  1.014360E-15
2.17234  1.019760E-15
2.17287  1.018960E-15
2.17341  1.021720E-15
2.17395  1.026430E-15
2.17448  1.031470E-15
2.17502  1.025170E-15
2.17556  1.025700E-15
2.17609  1.019090E-15
2.17663  1.016340E-15
2.17717  1.020430E-15
2.17771  1.009820E-15
2.17824  1.008140E-15
2.17878  9.960160E-16
2.17932  9.988640E-16
2.17985  1.000430E-15
2.18039  9.818810E-16
2.18093  9.903170E-16
2.18146  9.850820E-16
2.182  9.858590E-16
2.18254  9.922140E-16
2.18307  9.889190E-16
2.18361  9.901530E-16
2.18415  9.878140E-16
2.18469  9.930860E-16
2.18522  9.869500E-16
2.18576  9.855380E-16
2.1863  9.897960E-16
2.18683  9.856770E-16
2.18737  9.833280E-16
2.18791  9.831950E-16
2.18844  9.754720E-16
2.18898  9.796480E-16
2.18952  9.824560E-16
2.19005  9.783440E-16
2.19059  9.794100E-16
2.19113  9.822420E-16
2.19166  9.760400E-16
2.1922  9.757480E-16
2.19274  9.703540E-16
2.19328  9.659090E-16
2.19381  9.668500E-16
2.19435  9.569200E-16
2.19489  9.731110E-16
2.19542  9.591200E-16
2.19596  9.651690E-16
2.1965  9.670870E-16
2.19703  9.735450E-16
2.19757  9.599340E-16
2.19811  9.628889E-16
2.19864  9.593670E-16
2.19918  9.740770E-16
2.19972  9.705740E-16
2.20025  9.583100E-16
2.20079  9.626180E-16
2.20133  9.602880E-16
2.20186  9.657120E-16
2.2024  9.578840E-16
2.20294  9.657090E-16
2.20348  9.613840E-16
2.20401  9.640050E-16
2.20455  9.660000E-16
2.20509  9.604250E-16
2.20562  9.670490E-16
2.20616  9.563370E-16
2.2067  9.733720E-16
2.20723  9.670900E-16
2.20777  9.655200E-16
2.20831  9.766680E-16
2.20884  9.677780E-16
2.20938  9.690450E-16
2.20992  9.637080E-16
2.21045  9.606700E-16
2.21099  9.548510E-16
2.21153  9.570140E-16
2.21206  9.555910E-16
2.2126  9.504880E-16
2.21314  9.628860E-16
2.21367  9.529890E-16
2.21421  9.594720E-16
2.21475  9.546070E-16
2.21528  9.672450E-16
2.21582  9.632500E-16
2.21636  9.540790E-16
2.2169  9.557930E-16
2.21743  9.498519E-16
2.21797  9.556590E-16
2.21851  9.597410E-16
2.21904  9.552460E-16
2.21958  9.496470E-16
2.22012  9.496550E-16
2.22065  9.510860E-16
2.22119  9.559560E-16
2.22173  9.482460E-16
2.22226  9.531000E-16
2.2228  9.595070E-16
2.22334  9.431290E-16
2.22387  9.498230E-16
2.22441  9.486810E-16
2.22495  9.529290E-16
2.22548  9.468230E-16
2.22602  9.502730E-16
2.22656  9.453510E-16
2.22709  9.475991E-16
2.22763  9.463660E-16
2.22817  9.526860E-16
2.2287  9.407780E-16
2.22924  9.455110E-16
2.22978  9.470180E-16
2.23031  9.531500E-16
2.23085  9.481390E-16
2.23139  9.506920E-16
2.23192  9.486820E-16
2.23246  9.576850E-16
2.233  9.599410E-16
2.23353  9.503010E-16
2.23407  9.575930E-16
2.23461  9.571000E-16
2.23514  9.532359E-16
2.23568  9.506680E-16
2.23622  9.615100E-16
2.23675  9.449380E-16
2.23729  9.507650E-16
2.23783  9.578610E-16
2.23836  9.604180E-16
2.2389  9.560790E-16
2.23944  9.487430E-16
2.23997  9.503940E-16
2.24051  9.455490E-16
2.24105  9.507150E-16
2.24158  9.496160E-16
2.24212  9.536780E-16
2.24266  9.441000E-16
2.24319  9.486720E-16
2.24373  9.576180E-16
2.24427  9.502520E-16
2.2448  9.551920E-16
2.24534  9.489470E-16
2.24588  9.509050E-16
2.24641  9.506850E-16
2.24695  9.532250E-16
2.24749  9.409520E-16
2.24802  9.469020E-16
2.24856  9.433630E-16
2.2491  9.466310E-16
2.24963  9.430000E-16
2.25017  9.455720E-16
2.25071  9.535500E-16
2.25124  9.574100E-16
2.25178  9.530350E-16
2.25232  9.520820E-16
2.25285  9.526820E-16
2.25339  9.508360E-16
2.25393  9.468220E-16
2.25446  9.537670E-16
2.255  9.503800E-16
2.25554  9.516770E-16
2.25607  9.582730E-16
2.25661  9.584210E-16
2.25715  9.452360E-16
2.25768  9.579440E-16
2.25822  9.460470E-16
2.25876  9.454250E-16
2.25929  9.457490E-16
2.25983  9.440520E-16
2.26037  9.571660E-16
2.2609  9.510040E-16
2.26144  9.478750E-16
2.26198  9.475970E-16
2.26251  9.561780E-16
2.26305  9.530590E-16
2.26359  9.465610E-16
2.26412  9.495760E-16
2.26466  9.437300E-16
2.26519  9.442780E-16
2.26573  9.484720E-16
2.26627  9.505350E-16
2.2668  9.533830E-16
2.26734  9.474140E-16
2.26788  9.420110E-16
2.26841  9.493180E-16
2.26895  9.478830E-16
2.26949  9.493470E-16
2.27002  9.541450E-16
2.27056  9.470180E-16
2.2711  9.407000E-16
2.27163  9.573360E-16
2.27217  9.558720E-16
2.27271  9.570280E-16
2.27324  9.522010E-16
2.27378  9.518290E-16
2.27432  9.587250E-16
2.27485  9.489100E-16
2.27539  9.572460E-16
2.27593  9.500160E-16
2.27646  9.458210E-16
2.277  9.517620E-16
2.27754  9.461180E-16
2.27807  9.509379E-16
2.27861  9.500640E-16
2.27915  9.552660E-16
2.27968  9.484120E-16
2.28022  9.445850E-16
2.28075  9.468090E-16
2.28129  9.472060E-16
2.28183  9.445090E-16
2.28236  9.511240E-16
2.2829  9.432440E-16
2.28344  9.504080E-16
2.28397  9.461470E-16
2.28451  9.457200E-16
2.28505  9.471230E-16
2.28558  9.479550E-16
2.28612  9.439230E-16
2.28666  9.381550E-16
2.28719  9.357000E-16
2.28773  9.484540E-16
2.28827  9.472690E-16
2.2888  9.407510E-16
2.28934  9.452030E-16
2.28988  9.381600E-16
2.29041  9.477090E-16
2.29095  9.420150E-16
2.29148  9.379990E-16
2.29202  9.469400E-16
2.29256  9.413119E-16
2.29309  9.407141E-16
2.29363  9.552010E-16
2.29417  9.438540E-16
2.2947  9.473100E-16
2.29524  9.531820E-16
2.29578  9.545660E-16
2.29631  9.421580E-16
2.29685  9.440000E-16
2.29739  9.556360E-16
2.29792  9.441180E-16
2.29846  9.542820E-16
2.299  9.504950E-16
2.29953  9.519500E-16
2.30007  9.539230E-16
2.30061  9.591170E-16
2.30114  9.623030E-16
2.30168  9.640600E-16
2.30221  9.602130E-16
2.30275  9.649290E-16
2.30329  9.669330E-16
2.30382  9.619780E-16
2.30436  9.627020E-16
2.3049  9.563900E-16
2.30543  9.623470E-16
2.30597  9.622650E-16
2.30651  9.633550E-16
2.30704  9.569450E-16
2.30758  9.590940E-16
2.30812  9.521890E-16
2.30865  9.493270E-16
2.30919  9.561470E-16
2.30973  9.487620E-16
2.31026  9.447310E-16
2.3108  9.465820E-16
2.31133  9.472110E-16
2.31187  9.463530E-16
2.31241  9.487020E-16
2.31294  9.425190E-16
2.31348  9.405450E-16
2.31402  9.442390E-16
2.31455  9.404280E-16
2.31509  9.386770E-16
2.31563  9.428630E-16
2.31616  9.417330E-16
2.3167  9.552600E-16
2.31724  9.373470E-16
2.31777  9.472371E-16
2.31831  9.518601E-16
2.31884  9.423090E-16
2.31938  9.416620E-16
2.31992  9.507510E-16
2.32045  9.518580E-16
2.32099  9.461760E-16
2.32153  9.483360E-16
2.32206  9.505290E-16
2.3226  9.476010E-16
2.32314  9.498810E-16
2.32367  9.408510E-16
2.32421  9.521290E-16
2.32475  9.433770E-16
2.32528  9.496330E-16
2.32582  9.481120E-16
2.32635  9.342370E-16
2.32689  9.387350E-16
2.32743  9.371990E-16
2.32796  9.501580E-16
2.3285  9.395240E-16
2.32904  9.451960E-16
2.32957  9.516090E-16
2.33011  9.431130E-16
2.33065  9.390139E-16
2.33118  9.453870E-16
2.33172  9.405570E-16
2.33226  9.527300E-16
2.33279  9.470380E-16
2.33333  9.572390E-16
2.33386  9.488430E-16
2.3344  9.538940E-16
2.33494  9.531030E-16
2.33547  9.526000E-16
2.33601  9.590490E-16
2.33655  9.572000E-16
2.33708  9.529940E-16
2.33762  9.537440E-16
2.33816  9.589520E-16
2.33869  9.421560E-16
2.33923  9.482010E-16
2.33976  9.514390E-16
2.3403  9.412590E-16
2.34084  9.548369E-16
2.34137  9.476320E-16
2.34191  9.580710E-16
2.34245  9.478920E-16
2.34298  9.503810E-16
2.34352  9.493010E-16
2.34406  9.434090E-16
2.34459  9.395870E-16
2.34513  9.539100E-16
2.34566  9.470780E-16
2.3462  9.555420E-16
2.34674  9.485040E-16
2.34727  9.482910E-16
2.34781  9.551470E-16
2.34835  9.454040E-16
2.34888  9.431580E-16
2.34942  9.531670E-16
2.34996  9.508930E-16
2.35049  9.399900E-16
2.35103  9.385250E-16
2.35157  9.480180E-16
2.3521  9.378720E-16
2.35264  9.481500E-16
2.35317  9.434320E-16
2.35371  9.549260E-16
2.35425  9.390600E-16
2.35478  9.377230E-16
2.35532  9.335830E-16
2.35586  9.371260E-16
2.35639  9.457640E-16
2.35693  9.413119E-16
2.35747  9.555620E-16
2.358  9.359280E-16
2.35854  9.427560E-16
2.35907  9.498590E-16
2.35961  9.362590E-16
2.36015  9.455000E-16
2.36068  9.390640E-16
2.36122  9.439760E-16
2.36176  9.448110E-16
2.36229  9.437280E-16
2.36283  9.478850E-16
2.36337  9.447550E-16
2.3639  9.307180E-16
2.36444  9.428390E-16
2.36497  9.452220E-16
2.36551  9.425260E-16
2.36605  9.359670E-16
2.36658  9.368800E-16
2.36712  9.432620E-16
2.36766  9.413010E-16
2.36819  9.380720E-16
2.36873  9.470260E-16
2.36927  9.497550E-16
2.3698  9.410039E-16
2.37034  9.596670E-16
2.37087  9.481760E-16
2.37141  9.405160E-16
2.37195  9.637780E-16
2.37248  9.665200E-16
2.37302  9.478709E-16
2.37356  9.413780E-16
2.37409  9.487950E-16
2.37463  9.415270E-16
2.37517  9.483110E-16
2.3757  9.353430E-16
2.37624  9.410941E-16
2.37677  9.501680E-16
2.37731  9.479431E-16
2.37785  9.398740E-16
2.37838  9.419320E-16
2.37892  9.424930E-16
2.37946  9.347940E-16
2.37999  9.467930E-16
2.38053  9.467060E-16
2.38107  9.450970E-16
2.3816  9.418260E-16
2.38214  9.402840E-16
2.38267  9.407530E-16
2.38321  9.436050E-16
2.38375  9.335470E-16
2.38428  9.343630E-16
2.38482  9.346320E-16
2.38536  9.423050E-16
2.38589  9.479810E-16
2.38643  9.463950E-16
2.38697  9.392880E-16
2.3875  9.456361E-16
2.38804  9.369850E-16
2.38857  9.444720E-16
2.38911  9.454250E-16
2.38965  9.432800E-16
2.39018  9.424450E-16
2.39072  9.653980E-16
2.39126  9.586369E-16
2.39179  9.366010E-16
2.39233  9.366840E-16
2.39287  9.488780E-16
2.3934  9.417821E-16
2.39394  9.502920E-16
2.39447  9.471620E-16
2.39501  9.448440E-16
2.39555  9.432670E-16
2.39608  9.512420E-16
2.39662  9.396930E-16
2.39716  9.445530E-16
2.39769  9.357240E-16
2.39823  9.432170E-16
2.39877  9.366790E-16
2.3993  9.465020E-16
2.39984  9.405260E-16
2.40037  9.363100E-16
2.40091  9.363050E-16
2.40145  9.445950E-16
2.40198  9.372690E-16
2.40252  9.428820E-16
2.40306  9.457310E-16
2.40359  9.412130E-16
2.40413  9.391170E-16
2.40466  9.448650E-16
2.4052  9.429761E-16
2.40574  9.511610E-16
2.40627  9.521630E-16
2.40681  9.491720E-16
2.40735  9.455930E-16
2.40788  9.448309E-16
2.40842  9.444770E-16
2.40896  9.461720E-16
2.40949  9.536400E-16
2.41003  9.440490E-16
2.41056  9.468200E-16
2.4111  9.482010E-16
2.41164  9.601950E-16
2.41217  9.410820E-16
2.41271  9.477430E-16
2.41325  9.573960E-16
2.41378  9.672390E-16
2.41432  9.511450E-16
2.41486  9.594890E-16
2.41539  9.764951E-16
2.41593  9.815640E-16
2.41646  9.691590E-16
2.417  9.686510E-16
2.41754  9.916850E-16
2.41807  9.867570E-16
2.41861  9.858640E-16
2.41915  1.008380E-15
2.41968  9.984290E-16
2.42022  1.016220E-15
2.42076  1.009430E-15
2.42129  1.011350E-15
2.42183  1.008000E-15
2.42236  1.010450E-15
2.4229  9.981210E-16
2.42344  1.003500E-15
2.42397  9.929450E-16
2.42451  1.000750E-15
2.42505  9.866080E-16
2.42558  9.808350E-16
