0.808986  9.531688E-16
0.809188  1.137246E-15
0.80939  1.027028E-15
0.809591  1.078939E-15
0.809793  9.538335E-16
0.809995  1.001713E-15
0.810197  9.850790E-16
0.810399  1.118358E-15
0.810601  1.022471E-15
0.810803  9.290679E-16
0.811004  1.014510E-15
0.811206  1.044993E-15
0.811408  1.113248E-15
0.81161  1.002063E-15
0.811812  1.065454E-15
0.812013  1.122114E-15
0.812215  1.026237E-15
0.812404  1.128128E-15
0.812638  1.186376E-15
0.812871  1.171396E-15
0.813105  1.172981E-15
0.813339  1.149987E-15
0.813572  1.172185E-15
0.813806  1.187878E-15
0.81404  1.113849E-15
0.814273  1.141163E-15
0.814507  1.102554E-15
0.814741  1.143265E-15
0.814974  1.203919E-15
0.815208  1.096750E-15
0.815442  1.138754E-15
0.815675  1.124878E-15
0.815909  1.173487E-15
0.816142  1.075273E-15
0.816376  1.137145E-15
0.816609  1.209236E-15
0.816843  1.086279E-15
0.817077  1.173686E-15
0.81731  1.181116E-15
0.817544  1.082685E-15
0.817777  1.118500E-15
0.818011  1.175649E-15
0.818244  1.202011E-15
0.818478  1.187170E-15
0.818711  1.217948E-15
0.818944  1.178003E-15
0.819178  1.226447E-15
0.819411  1.183782E-15
0.819645  1.312854E-15
0.819878  1.257062E-15
0.820112  1.288709E-15
0.820345  1.190541E-15
0.820578  1.174296E-15
0.820812  1.198116E-15
0.821045  1.178225E-15
0.821279  1.201963E-15
0.821512  1.182319E-15
0.821745  1.120558E-15
0.821979  1.201560E-15
0.822212  1.210477E-15
0.822445  1.270002E-15
0.822679  1.223524E-15
0.822912  1.303822E-15
0.823145  1.197970E-15
0.823378  1.183114E-15
0.823612  1.248221E-15
0.823845  1.197044E-15
0.824078  1.182086E-15
0.824311  1.193087E-15
0.824545  1.177728E-15
0.824778  1.218999E-15
0.825011  1.273103E-15
0.825244  1.179052E-15
0.825478  1.183717E-15
0.825711  1.283715E-15
0.825944  1.180962E-15
0.826177  1.247116E-15
0.82641  1.141297E-15
0.826643  1.216526E-15
0.826877  1.284884E-15
0.82711  1.197959E-15
0.827343  1.312925E-15
0.827576  1.246740E-15
0.827809  1.314787E-15
0.828042  1.246438E-15
0.828275  1.277063E-15
0.828508  1.226537E-15
0.828741  1.160749E-15
0.828974  1.223884E-15
0.829207  1.256715E-15
0.829441  1.299400E-15
0.829674  1.247636E-15
0.829907  1.231153E-15
0.83014  1.237294E-15
0.830373  1.241362E-15
0.830606  1.241272E-15
0.830839  1.268177E-15
0.831072  1.231229E-15
0.831305  1.336406E-15
0.831538  1.272249E-15
0.831771  1.292881E-15
0.832003  1.253923E-15
0.832236  1.223013E-15
0.832469  1.265105E-15
0.832702  1.275966E-15
0.832935  1.338787E-15
0.833168  1.237845E-15
0.833401  1.218041E-15
0.833634  1.295997E-15
0.833867  1.284732E-15
0.8341  1.302939E-15
0.834333  1.276424E-15
0.834565  1.337597E-15
0.834798  1.334674E-15
0.835031  1.274020E-15
0.835264  1.324909E-15
0.835497  1.387556E-15
0.83573  1.329089E-15
0.835962  1.306722E-15
0.836195  1.355196E-15
0.836428  1.374190E-15
0.836661  1.342025E-15
0.836893  1.310281E-15
0.837126  1.367412E-15
0.837359  1.396050E-15
0.837592  1.357330E-15
0.837824  1.328194E-15
0.838057  1.383331E-15
0.83829  1.467358E-15
0.838523  1.463398E-15
0.838755  1.420166E-15
0.838988  1.479946E-15
0.839221  1.475309E-15
0.839453  1.474201E-15
0.839686  1.406658E-15
0.839919  1.407326E-15
0.840151  1.432758E-15
0.840384  1.475177E-15
0.840617  1.523154E-15
0.840849  1.485732E-15
0.841082  1.564861E-15
0.841315  1.624181E-15
0.841547  1.726262E-15
0.84178  1.655021E-15
0.842012  1.752648E-15
0.842245  1.791242E-15
0.842478  1.760693E-15
0.84271  1.748063E-15
0.842943  1.753260E-15
0.843175  1.751523E-15
0.843408  1.854371E-15
0.84364  1.817116E-15
0.843873  1.955077E-15
0.844105  1.991829E-15
0.844338  2.025677E-15
0.84457  2.031229E-15
0.844803  2.083915E-15
0.845035  2.132262E-15
0.845268  2.138038E-15
0.8455  2.157114E-15
0.845733  2.227701E-15
0.845965  2.335379E-15
0.846198  2.431834E-15
0.84643  2.446466E-15
0.846663  2.439399E-15
0.846895  2.624293E-15
0.847127  2.683199E-15
0.84736  2.799342E-15
0.847592  2.894307E-15
0.847825  2.971326E-15
0.848057  3.121954E-15
0.848289  3.216378E-15
0.848522  3.239488E-15
0.848754  3.368800E-15
0.848987  3.475368E-15
0.849219  3.664715E-15
0.849451  3.806371E-15
0.849684  4.030486E-15
0.849916  4.211934E-15
0.850148  4.326532E-15
0.850381  4.435939E-15
0.850613  4.662874E-15
0.850845  4.920929E-15
0.851077  5.179233E-15
0.85131  5.351467E-15
0.851542  5.627688E-15
0.851774  5.879300E-15
0.852006  6.229943E-15
0.852239  6.393031E-15
0.852471  6.832966E-15
0.852703  7.137034E-15
0.852935  7.433673E-15
0.853168  7.630000E-15
0.8534  7.890419E-15
0.853632  7.935778E-15
0.853864  7.894624E-15
0.854097  7.740912E-15
0.854329  7.496042E-15
0.854561  7.244238E-15
0.854793  7.017266E-15
0.855025  6.764820E-15
0.855257  6.533063E-15
0.85549  6.397585E-15
0.855722  6.233750E-15
0.855954  5.977946E-15
0.856186  5.730602E-15
0.856418  5.423493E-15
0.85665  5.156435E-15
0.856882  4.869511E-15
0.857114  4.633745E-15
0.857347  4.319122E-15
0.857579  4.146662E-15
0.857811  3.953168E-15
0.858043  3.730265E-15
0.858275  3.492817E-15
0.858507  3.322252E-15
0.858739  3.132957E-15
0.858971  2.962954E-15
0.859203  2.892918E-15
0.859435  2.696228E-15
0.859667  2.678702E-15
0.859899  2.468463E-15
0.860131  2.429300E-15
0.860363  2.362851E-15
0.860595  2.184398E-15
0.860827  2.242694E-15
0.861059  2.099198E-15
0.861291  2.131539E-15
0.861523  2.048397E-15
0.861755  2.017459E-15
0.861987  1.959854E-15
0.862219  1.923888E-15
0.862451  1.922255E-15
0.862683  1.885727E-15
0.862915  1.745733E-15
0.863147  1.744698E-15
0.863379  1.732116E-15
0.863611  1.607363E-15
0.863843  1.619227E-15
0.864074  1.649941E-15
0.864306  1.624218E-15
0.864538  1.582452E-15
0.86477  1.556453E-15
0.865002  1.540105E-15
0.865234  1.474740E-15
0.865466  1.550271E-15
0.865698  1.544977E-15
0.865929  1.482410E-15
0.866161  1.467703E-15
0.866393  1.493314E-15
0.866625  1.436620E-15
0.866857  1.454734E-15
0.867089  1.411040E-15
0.86732  1.390588E-15
0.867552  1.361042E-15
0.867784  1.403922E-15
0.868016  1.323962E-15
0.868248  1.378159E-15
0.868479  1.374241E-15
0.868711  1.314676E-15
0.868943  1.422704E-15
0.869175  1.331155E-15
0.869406  1.305115E-15
0.869638  1.358571E-15
0.86987  1.298765E-15
0.870102  1.299569E-15
0.870333  1.286076E-15
0.870565  1.242710E-15
0.870797  1.245583E-15
0.871029  1.179627E-15
0.87126  1.235723E-15
0.871492  1.249841E-15
0.871724  1.212714E-15
0.871955  1.253417E-15
0.872187  1.288066E-15
0.872419  1.224704E-15
0.87265  1.255902E-15
0.872882  1.311215E-15
0.873114  1.366730E-15
0.873345  1.328029E-15
0.873577  1.388274E-15
0.873809  1.357417E-15
0.87404  1.308385E-15
0.874272  1.370840E-15
0.874503  1.347131E-15
0.874735  1.248656E-15
0.874967  1.290755E-15
0.875198  1.295276E-15
0.87543  1.284500E-15
0.875661  1.298850E-15
0.875893  1.300638E-15
0.876125  1.253742E-15
0.876356  1.216296E-15
0.876588  1.130159E-15
0.876819  1.144224E-15
0.877051  1.108409E-15
0.877283  1.128391E-15
0.877514  1.118734E-15
0.877746  1.103335E-15
0.877977  1.058298E-15
0.878209  1.066067E-15
0.87844  1.053913E-15
0.878672  1.030377E-15
0.878903  9.980971E-16
0.879135  1.062027E-15
0.879366  1.043671E-15
0.879598  1.036586E-15
0.879829  9.864807E-16
0.880061  1.028773E-15
0.880292  1.020905E-15
0.880524  9.700108E-16
0.880755  1.027593E-15
0.880987  1.008153E-15
0.881218  9.454375E-16
0.88145  1.046434E-15
0.881681  9.612647E-16
0.881912  1.000524E-15
0.882144  1.058140E-15
0.882375  9.718097E-16
0.882607  1.000831E-15
0.882838  1.025036E-15
0.88307  9.919175E-16
0.883301  1.030428E-15
0.883532  1.003095E-15
0.883764  9.837285E-16
0.883995  9.842522E-16
0.884227  9.894757E-16
0.884458  9.633818E-16
0.884689  9.986665E-16
0.884921  9.933198E-16
0.885152  9.768837E-16
0.885383  9.619012E-16
0.885615  1.016271E-15
0.885846  9.669731E-16
0.886077  1.033530E-15
0.886309  9.435508E-16
0.88654  9.857250E-16
0.886772  9.701059E-16
0.887003  1.002854E-15
0.887234  9.318313E-16
0.887465  1.022731E-15
0.887697  9.979662E-16
0.887928  9.553334E-16
0.888159  9.596008E-16
0.888391  1.005432E-15
0.888622  9.293545E-16
0.888853  1.006521E-15
0.889085  9.857781E-16
0.889316  9.436047E-16
0.889547  8.872178E-16
0.889778  9.290981E-16
0.89001  9.899104E-16
0.890241  9.342195E-16
0.890472  8.692221E-16
0.890703  1.013928E-15
0.890935  9.219492E-16
0.891166  9.432935E-16
0.891397  9.234356E-16
0.891628  9.555068E-16
0.89186  9.374478E-16
0.892091  9.520090E-16
0.892322  9.220562E-16
0.892553  8.902164E-16
0.892784  9.318008E-16
0.893016  8.924054E-16
0.893247  9.189043E-16
0.893478  9.464627E-16
0.893709  9.070601E-16
0.89394  8.753953E-16
0.894172  9.057378E-16
0.894403  8.846851E-16
0.894634  9.136952E-16
0.894865  9.233021E-16
0.895096  8.829898E-16
0.895327  9.492208E-16
0.895559  9.359277E-16
0.89579  9.049271E-16
0.896021  9.129697E-16
0.896252  8.974148E-16
0.896483  8.934229E-16
0.896714  8.752121E-16
0.896945  9.348914E-16
0.897177  8.899562E-16
0.897408  8.867431E-16
0.897639  9.263227E-16
0.89787  9.168906E-16
0.898101  9.544798E-16
0.898332  8.942280E-16
0.898563  9.214712E-16
0.898794  8.828631E-16
0.899025  8.996367E-16
0.899256  8.784199E-16
0.899488  8.890893E-16
0.899719  9.323221E-16
0.89995  8.836438E-16
0.900181  8.960935E-16
0.900412  8.909684E-16
0.900643  9.368476E-16
0.900874  8.620011E-16
0.901105  8.861994E-16
0.901336  9.212950E-16
0.901567  8.753099E-16
0.901798  8.659526E-16
0.902029  9.187539E-16
0.90226  8.901858E-16
0.902491  8.855042E-16
0.902722  9.303346E-16
0.902953  9.250197E-16
0.903184  9.260872E-16
0.903415  8.875878E-16
0.903646  9.391248E-16
0.903877  9.166194E-16
0.904108  9.254820E-16
0.904339  9.020231E-16
0.90457  9.244633E-16
0.904801  9.342244E-16
0.905032  9.474918E-16
0.905263  8.913789E-16
0.905494  9.757447E-16
0.905725  9.082336E-16
0.905956  8.710606E-16
0.906187  8.942667E-16
0.906418  8.959694E-16
0.906649  8.250261E-16
0.90688  8.684003E-16
0.907111  8.428331E-16
0.907342  8.507937E-16
0.907573  9.221293E-16
0.907804  8.807721E-16
0.908035  8.764887E-16
0.908266  1.001958E-15
0.908496  9.261677E-16
0.908727  8.732199E-16
0.908958  8.310777E-16
0.909189  8.918382E-16
0.90942  9.636754E-16
0.909651  9.783609E-16
0.909882  8.748310E-16
0.910113  9.241944E-16
0.910344  8.533045E-16
0.910575  8.946044E-16
0.910806  8.944378E-16
0.911036  9.143186E-16
0.911267  9.194789E-16
0.911498  9.117872E-16
0.911729  9.001733E-16
0.91196  9.126020E-16
0.912191  8.905920E-16
0.912422  9.203147E-16
0.912653  8.914306E-16
0.912883  9.181353E-16
0.913114  9.431415E-16
0.913345  9.512107E-16
0.913576  9.482490E-16
0.913807  9.816046E-16
0.914038  9.331060E-16
0.914269  9.562138E-16
0.914499  9.829163E-16
0.91473  9.576555E-16
0.914961  8.820598E-16
0.915192  9.396162E-16
0.915423  9.388822E-16
0.915654  9.113658E-16
0.915884  9.625823E-16
0.916115  8.851902E-16
0.916346  9.699754E-16
0.916577  9.625394E-16
0.916808  9.967721E-16
0.917038  9.657847E-16
0.917269  9.457359E-16
0.9175  9.294445E-16
0.917731  9.574787E-16
0.917962  9.610453E-16
0.918192  9.529405E-16
0.918423  9.148287E-16
0.918654  9.673574E-16
0.918885  9.756012E-16
0.919116  9.258633E-16
0.919346  8.876368E-16
0.919577  9.489752E-16
0.919808  9.787146E-16
0.920039  9.090834E-16
0.920269  9.385734E-16
0.9205  8.755729E-16
0.920731  9.766263E-16
0.920962  9.738137E-16
0.921192  8.789631E-16
0.921423  9.370935E-16
0.921654  8.517690E-16
0.921885  9.114294E-16
0.922115  9.498004E-16
0.922346  9.397484E-16
0.922577  8.821625E-16
0.922808  8.525115E-16
0.923038  9.128091E-16
0.923269  9.175525E-16
0.9235  8.953704E-16
0.92373  9.394655E-16
0.923961  9.625536E-16
0.924192  8.275470E-16
0.924423  8.898677E-16
0.924653  8.998908E-16
0.924884  9.681269E-16
0.925115  9.356485E-16
0.925345  8.508905E-16
0.925576  9.170982E-16
0.925807  9.173610E-16
0.926038  9.509193E-16
0.926268  9.182280E-16
0.926499  9.713214E-16
0.92673  9.037043E-16
0.92696  8.927085E-16
0.927191  9.547852E-16
0.927422  9.017071E-16
0.927652  9.548536E-16
0.927883  9.959071E-16
0.928114  9.494318E-16
0.928344  9.515548E-16
0.928575  9.382382E-16
0.928806  9.064154E-16
0.929036  9.269222E-16
0.929267  8.874392E-16
0.929498  8.587662E-16
0.929728  8.716398E-16
0.929959  9.249150E-16
0.93019  9.373189E-16
0.93042  9.186790E-16
0.930651  9.263358E-16
0.930882  9.205532E-16
0.931112  8.691428E-16
0.931343  8.732500E-16
0.931574  8.191051E-16
0.931804  8.940593E-16
0.932035  8.436079E-16
0.932266  8.756657E-16
0.932496  8.226444E-16
0.932727  8.751739E-16
0.932957  9.349538E-16
0.933188  9.204078E-16
0.933419  7.490521E-16
0.933649  8.476212E-16
0.93388  7.859483E-16
0.934111  8.513555E-16
0.934341  8.751172E-16
0.934572  8.330420E-16
0.934802  8.484598E-16
0.935033  8.771910E-16
0.935264  8.012506E-16
0.935494  8.487480E-16
0.935725  8.347882E-16
0.935956  8.248825E-16
0.936186  8.188038E-16
0.936417  8.219651E-16
0.936647  8.446322E-16
0.936878  8.541622E-16
0.937109  7.849451E-16
0.937339  8.383088E-16
0.93757  7.943062E-16
0.9378  8.411084E-16
0.938031  8.730229E-16
0.938262  9.053483E-16
0.938492  7.600356E-16
0.938723  8.515869E-16
0.938953  7.590885E-16
0.939184  8.811317E-16
0.939414  8.709043E-16
0.939645  8.888895E-16
0.939748  9.031902E-16
0.940019  8.740765E-16
0.94029  8.761359E-16
0.940562  8.854822E-16
0.940833  8.537616E-16
0.941104  8.787582E-16
0.941376  8.610656E-16
0.941647  8.616638E-16
0.941918  9.119321E-16
0.942189  9.126095E-16
0.942461  8.787309E-16
0.942732  8.797751E-16
0.943003  8.890278E-16
0.943274  8.531482E-16
0.943546  9.409313E-16
0.943817  8.931566E-16
0.944088  8.783758E-16
0.944359  8.642997E-16
0.944631  8.866199E-16
0.944902  9.140878E-16
0.945173  9.012757E-16
0.945444  8.315039E-16
0.945715  8.700205E-16
0.945987  8.683898E-16
0.946258  8.886669E-16
0.946529  8.256332E-16
0.9468  8.373794E-16
0.947071  7.810192E-16
0.947342  8.537410E-16
0.947614  8.741827E-16
0.947885  8.400048E-16
0.948156  8.612711E-16
0.948427  8.885766E-16
0.948698  9.158112E-16
0.948969  9.016268E-16
0.94924  8.446659E-16
0.949511  8.539179E-16
0.949783  8.639855E-16
0.950054  9.203696E-16
0.950325  8.758545E-16
0.950596  8.904958E-16
0.950867  8.907160E-16
0.951138  9.029335E-16
0.951409  8.834220E-16
0.95168  8.949526E-16
0.951951  8.996314E-16
0.952222  9.154485E-16
0.952493  8.799653E-16
0.952764  8.780472E-16
0.953035  9.257727E-16
0.953306  8.812735E-16
0.953577  8.895440E-16
0.953848  8.638828E-16
0.954119  8.467723E-16
0.95439  8.711512E-16
0.954661  8.883585E-16
0.954932  8.196401E-16
0.955203  8.390633E-16
0.955474  7.881107E-16
0.955745  8.201314E-16
0.956016  8.803052E-16
0.956287  8.117667E-16
0.956558  8.012817E-16
0.956829  8.358781E-16
0.9571  8.648088E-16
0.957371  7.996735E-16
0.957642  8.127189E-16
0.957913  8.114163E-16
0.958184  8.229184E-16
0.958454  8.595478E-16
0.958725  8.004589E-16
0.958996  8.051153E-16
0.959267  8.187672E-16
0.959538  8.190770E-16
0.959809  8.485787E-16
0.96008  8.143638E-16
0.960351  8.040761E-16
0.960621  8.473522E-16
0.960892  8.315011E-16
0.961163  8.048438E-16
0.961434  8.199304E-16
0.961705  8.303567E-16
0.961976  8.190104E-16
0.962246  8.053703E-16
0.962517  8.546354E-16
0.962788  8.675272E-16
0.963059  8.069952E-16
0.96333  8.201453E-16
0.963601  8.055652E-16
0.963871  8.126921E-16
0.964142  8.321547E-16
0.964413  8.072237E-16
0.964684  7.851675E-16
0.964954  8.271967E-16
0.965225  8.275454E-16
0.965496  8.092003E-16
0.965767  8.019265E-16
0.966037  7.930215E-16
0.966308  7.918890E-16
0.966579  7.760670E-16
0.96685  8.270545E-16
0.96712  8.063140E-16
0.967391  8.718527E-16
0.967662  8.227819E-16
0.967932  8.450149E-16
0.968203  8.561794E-16
0.968474  8.097861E-16
0.968744  8.355341E-16
0.969015  8.004493E-16
0.969286  8.291584E-16
0.969556  8.181140E-16
0.969827  8.104230E-16
0.970098  8.232836E-16
0.970368  8.202068E-16
0.970639  8.057679E-16
0.97091  8.548827E-16
0.97118  8.154515E-16
0.971451  7.934156E-16
0.971722  8.564572E-16
0.971992  8.327811E-16
0.972263  8.030604E-16
0.972533  8.090623E-16
0.972804  8.192474E-16
0.973075  8.420184E-16
0.973345  8.207802E-16
0.973616  8.459600E-16
0.973886  8.158942E-16
0.974157  7.987021E-16
0.974427  8.092325E-16
0.974698  7.994785E-16
0.974969  8.225665E-16
0.975239  8.162854E-16
0.97551  7.996837E-16
0.97578  7.884185E-16
0.976051  8.170380E-16
0.976321  8.495856E-16
0.976592  8.073048E-16
0.976862  8.115855E-16
0.977133  8.164687E-16
0.977403  8.091653E-16
0.977674  8.197914E-16
0.977944  8.258238E-16
0.978215  8.252261E-16
0.978485  8.358977E-16
0.978756  7.975536E-16
0.979026  7.672618E-16
0.979297  8.394187E-16
0.979567  8.248056E-16
0.979838  8.298985E-16
0.980108  8.167920E-16
0.980378  8.089275E-16
0.980649  7.937368E-16
0.980919  8.416469E-16
0.98119  8.055625E-16
0.98146  7.829172E-16
0.981731  8.132649E-16
0.982001  7.978416E-16
0.982271  7.949152E-16
0.982542  8.052023E-16
0.982812  7.865501E-16
0.983083  8.155159E-16
0.983353  8.210101E-16
0.983623  7.873139E-16
0.983894  8.102476E-16
0.984164  8.215089E-16
0.984434  8.098829E-16
0.984705  8.194952E-16
0.984975  8.210339E-16
0.985246  7.837830E-16
0.985516  7.967866E-16
0.985786  7.845363E-16
0.986057  7.569647E-16
0.986327  7.983342E-16
0.986597  7.927533E-16
0.986867  7.859185E-16
0.987138  7.642154E-16
0.987408  7.974882E-16
0.987678  7.590394E-16
0.987949  7.798009E-16
0.988219  8.014695E-16
0.988489  7.702551E-16
0.98876  7.752289E-16
0.98903  7.789282E-16
0.9893  7.871866E-16
0.98957  7.883809E-16
0.989841  7.690408E-16
0.990111  7.750828E-16
0.990381  7.798667E-16
0.990651  8.017100E-16
0.990922  7.489960E-16
0.991192  8.040717E-16
0.991462  8.074596E-16
0.991732  7.964849E-16
0.992002  8.152832E-16
0.992273  7.841765E-16
0.992543  7.724082E-16
0.992813  7.837097E-16
0.993083  7.913107E-16
0.993354  7.904120E-16
0.993624  7.737216E-16
0.993894  7.881949E-16
0.994164  7.871374E-16
0.994434  8.206750E-16
0.994704  7.421313E-16
0.994975  7.621923E-16
0.995245  7.583146E-16
0.995515  7.620980E-16
0.995785  7.702327E-16
0.996055  7.790196E-16
0.996325  7.702872E-16
0.996595  8.208679E-16
0.996866  7.794028E-16
0.997136  7.788591E-16
0.997406  7.986361E-16
0.997676  8.239084E-16
0.997946  7.964611E-16
0.998216  7.700996E-16
0.998486  8.262036E-16
0.998756  8.109067E-16
0.999026  7.991161E-16
0.999297  8.083820E-16
0.999567  7.904146E-16
0.999837  8.007036E-16
1.00011  8.011994E-16
1.00038  7.823854E-16
1.00065  7.758871E-16
1.00092  7.881898E-16
1.00119  7.956564E-16
1.00146  7.721594E-16
1.00173  7.827150E-16
1.002  7.785599E-16
1.00227  8.111785E-16
1.00254  7.923331E-16
1.00281  7.795944E-16
1.00308  8.043696E-16
1.00335  8.068210E-16
1.00362  8.020901E-16
1.00389  7.661748E-16
1.00416  7.814763E-16
1.00443  7.798282E-16
1.0047  7.837063E-16
1.00497  7.747470E-16
1.00524  7.737237E-16
1.00551  7.759827E-16
1.00578  7.751469E-16
1.00605  7.859224E-16
1.00632  7.680291E-16
1.00659  7.781238E-16
1.00686  7.861346E-16
1.00713  7.669498E-16
1.0074  7.806980E-16
1.00767  7.736194E-16
1.00794  7.728907E-16
1.00821  7.880356E-16
1.00848  8.016458E-16
1.00875  8.180546E-16
1.00902  8.348759E-16
1.00929  7.790135E-16
1.00956  8.027387E-16
1.00983  8.025152E-16
1.0101  7.879973E-16
1.01037  7.978737E-16
1.01064  8.032824E-16
1.01091  7.893272E-16
1.01118  7.825468E-16
1.01145  7.961446E-16
1.01172  8.273186E-16
1.01199  7.986729E-16
1.01226  8.158645E-16
1.01252  8.004451E-16
1.01279  8.071351E-16
1.01306  7.826530E-16
1.01333  8.016577E-16
1.0136  7.968744E-16
1.01387  7.959064E-16
1.01414  8.094675E-16
1.01441  7.635922E-16
1.01468  7.712030E-16
1.01495  7.619348E-16
1.01522  7.448412E-16
1.01549  7.832021E-16
1.01576  8.137970E-16
1.01603  7.726995E-16
1.0163  7.768699E-16
1.01657  7.776206E-16
1.01684  7.860600E-16
1.01711  7.862819E-16
1.01738  7.783926E-16
1.01765  7.688593E-16
1.01792  7.657658E-16
1.01819  7.356926E-16
1.01846  7.350971E-16
1.01873  7.850571E-16
1.019  7.567700E-16
1.01927  7.759530E-16
1.01954  7.647570E-16
1.01981  7.798114E-16
1.02008  7.670256E-16
1.02035  7.599427E-16
1.02062  8.001067E-16
1.02089  7.708973E-16
1.02116  7.114191E-16
1.02143  7.524746E-16
1.0217  7.821948E-16
1.02197  7.700585E-16
1.02224  7.417721E-16
1.02251  7.655224E-16
1.02278  7.466838E-16
1.02305  7.791273E-16
1.02332  7.831003E-16
1.02359  7.446713E-16
1.02385  7.721004E-16
1.02412  7.757343E-16
1.02439  7.806646E-16
1.02466  7.756205E-16
1.02493  7.805579E-16
1.0252  7.644570E-16
1.02547  7.698751E-16
1.02574  7.514690E-16
1.02601  7.745426E-16
1.02628  7.364925E-16
1.02655  7.471785E-16
1.02682  7.732660E-16
1.02709  7.733486E-16
1.02736  7.561359E-16
1.02763  7.822349E-16
1.0279  7.741312E-16
1.02817  7.743096E-16
1.02844  7.675003E-16
1.02871  7.295415E-16
1.02898  7.372159E-16
1.02925  7.340607E-16
1.02952  7.484250E-16
1.02979  7.276558E-16
1.03006  7.346477E-16
1.03033  7.616247E-16
1.0306  7.218728E-16
1.03087  7.339700E-16
1.03113  7.239799E-16
1.0314  7.566145E-16
1.03167  7.327805E-16
1.03194  7.359303E-16
1.03221  7.059103E-16
1.03248  7.487290E-16
1.03275  7.538133E-16
1.03302  6.944449E-16
1.03329  7.362547E-16
1.03356  7.139872E-16
1.03383  7.669937E-16
1.0341  7.154974E-16
1.03437  7.539989E-16
1.03464  7.502475E-16
1.03491  7.314749E-16
1.03518  7.263350E-16
1.03545  7.225422E-16
1.03572  7.581060E-16
1.03599  7.108529E-16
1.03626  7.251230E-16
1.03653  7.326615E-16
1.03679  7.301263E-16
1.03706  7.424597E-16
1.03733  7.494328E-16
1.0376  7.437139E-16
1.03787  7.378842E-16
1.03814  7.246372E-16
1.03841  7.396761E-16
1.03868  7.096097E-16
1.03895  7.097662E-16
1.03922  7.269844E-16
1.03949  7.489605E-16
1.03976  7.178728E-16
1.04003  7.583208E-16
1.0403  7.535684E-16
1.04057  7.319678E-16
1.04084  6.850490E-16
1.04111  7.326460E-16
1.04138  6.993031E-16
1.04164  7.289525E-16
1.04191  7.358446E-16
1.04218  7.190404E-16
1.04245  6.888847E-16
1.04272  7.166001E-16
1.04299  6.986036E-16
1.04326  7.062010E-16
1.04353  6.970786E-16
1.0438  6.844560E-16
1.04407  7.205443E-16
1.04434  7.097762E-16
1.04461  7.136184E-16
1.04488  7.123968E-16
1.04515  6.809935E-16
1.04542  6.770272E-16
1.04569  7.240087E-16
1.04596  6.823974E-16
1.04622  7.124452E-16
1.04649  6.847183E-16
1.04676  7.012340E-16
1.04703  7.134819E-16
1.0473  6.859582E-16
1.04757  7.042261E-16
1.04784  6.967628E-16
1.04811  7.211746E-16
1.04838  7.345039E-16
1.04865  7.092586E-16
1.04892  7.176222E-16
1.04919  7.184221E-16
1.04946  6.918830E-16
1.04973  7.037016E-16
1.05  6.938941E-16
1.05026  6.791154E-16
1.05053  7.002183E-16
1.0508  7.170140E-16
1.05107  7.069094E-16
1.05134  6.956673E-16
1.05161  6.837405E-16
1.05188  6.873848E-16
1.05215  7.202791E-16
1.05242  7.003243E-16
1.05269  7.333991E-16
1.05296  7.116717E-16
1.05323  7.112860E-16
1.0535  7.493077E-16
1.05377  7.140559E-16
1.05403  6.974927E-16
1.0543  7.094769E-16
1.05457  6.819463E-16
1.05484  6.943466E-16
1.05511  7.260651E-16
1.05538  7.060040E-16
1.05565  7.086984E-16
1.05592  7.062492E-16
1.05619  7.199869E-16
1.05646  6.946424E-16
1.05673  6.846169E-16
1.057  7.223697E-16
1.05727  6.853815E-16
1.05753  7.007338E-16
1.0578  7.258821E-16
1.05807  6.999221E-16
1.05834  6.682187E-16
1.05861  6.962625E-16
1.05888  7.202950E-16
1.05915  6.968620E-16
1.05942  7.446454E-16
1.05969  7.107961E-16
1.05996  6.994111E-16
1.06023  7.647857E-16
1.0605  7.282236E-16
1.06076  7.028272E-16
1.06103  7.064909E-16
1.0613  7.018222E-16
1.06157  7.078107E-16
1.06184  7.078362E-16
1.06211  7.320161E-16
1.06238  7.161075E-16
1.06265  7.227061E-16
1.06292  6.925712E-16
1.06319  6.839118E-16
1.06346  6.992515E-16
1.06373  7.037554E-16
1.06399  6.992338E-16
1.06426  7.088547E-16
1.06453  7.279192E-16
1.0648  7.136434E-16
1.06507  6.647889E-16
1.06534  6.819785E-16
1.06561  6.945096E-16
1.06588  7.067191E-16
1.06615  6.785777E-16
1.06642  6.963342E-16
1.06669  6.806841E-16
1.06695  7.307809E-16
1.06722  7.022819E-16
1.06749  6.792012E-16
1.06776  6.953224E-16
1.06803  6.970683E-16
1.0683  6.870439E-16
1.06857  7.310993E-16
1.06884  7.092255E-16
1.06911  7.018266E-16
1.06938  6.892250E-16
1.06965  6.781371E-16
1.06992  7.370233E-16
1.07018  6.929948E-16
1.07045  6.781883E-16
1.07072  7.272497E-16
1.07099  7.183997E-16
1.07126  7.171223E-16
1.07153  7.132736E-16
1.0718  7.216722E-16
1.07207  7.366441E-16
1.07234  7.214456E-16
1.07261  6.960640E-16
1.07287  7.021610E-16
1.07314  7.344211E-16
1.07341  7.102849E-16
1.07368  7.210173E-16
1.07395  7.249494E-16
1.07422  7.094414E-16
1.07449  6.975117E-16
1.07476  7.065067E-16
1.07503  6.777218E-16
1.0753  6.967824E-16
1.07557  6.878554E-16
1.07583  7.081942E-16
1.0761  6.923393E-16
1.07637  6.721370E-16
1.07664  6.753695E-16
1.07691  7.064623E-16
1.07718  6.916188E-16
1.07745  6.910547E-16
1.07772  6.791617E-16
1.07799  6.836439E-16
1.07826  6.438948E-16
1.07852  6.555427E-16
1.07879  6.410957E-16
1.07906  6.736790E-16
1.07933  7.219488E-16
1.0796  6.476856E-16
1.07987  7.145797E-16
1.08014  7.312337E-16
1.08041  6.673779E-16
1.08068  6.935979E-16
1.08094  6.912302E-16
1.08121  6.732208E-16
1.08148  7.268093E-16
1.08175  6.798579E-16
1.08202  6.617706E-16
1.08229  6.875687E-16
1.08256  6.966170E-16
1.08283  7.087442E-16
1.0831  6.748415E-16
1.08337  6.775610E-16
1.08363  6.671964E-16
1.0839  6.845488E-16
1.08417  6.954697E-16
1.08444  7.007758E-16
1.08471  6.779646E-16
1.08498  6.529615E-16
1.08525  6.860623E-16
1.08552  6.468623E-16
1.08579  6.895192E-16
1.08605  6.670944E-16
1.08632  6.946062E-16
1.08659  6.709735E-16
1.08686  6.887040E-16
1.08713  6.943504E-16
1.0874  6.809556E-16
1.08767  6.627967E-16
1.08794  6.698126E-16
1.08821  7.053388E-16
1.08847  6.720346E-16
1.08874  6.787443E-16
1.08901  6.800421E-16
1.08928  7.165180E-16
1.08955  6.678505E-16
1.08982  6.832657E-16
1.09009  6.549149E-16
1.09036  7.044386E-16
1.09063  7.007832E-16
1.0909  6.909742E-16
1.09116  6.844319E-16
1.09143  7.083769E-16
1.0917  7.061520E-16
1.09197  6.550710E-16
1.09224  7.167530E-16
1.09251  6.773340E-16
1.09278  6.781469E-16
1.09305  7.232136E-16
1.09331  7.132049E-16
1.09358  7.073234E-16
1.09385  7.253466E-16
1.09412  7.139238E-16
1.09439  7.233141E-16
1.09466  7.108263E-16
1.09493  7.330350E-16
1.0952  7.136552E-16
1.09547  7.246086E-16
1.09573  7.347296E-16
1.096  7.298984E-16
1.09627  7.592899E-16
1.09654  7.427710E-16
1.09681  7.573833E-16
1.09708  7.715380E-16
1.09735  8.183518E-16
1.09762  8.165880E-16
1.09789  8.580930E-16
1.09815  8.343646E-16
1.09842  8.210956E-16
1.09869  8.318330E-16
1.09896  8.283363E-16
1.09923  8.470047E-16
1.0995  8.613969E-16
1.09977  8.543466E-16
1.10004  8.616897E-16
1.1003  8.281186E-16
1.10057  8.296065E-16
1.10084  7.774288E-16
1.10111  8.060168E-16
1.10138  7.752011E-16
1.10165  7.951729E-16
1.10192  7.582006E-16
1.10219  7.908228E-16
1.10245  7.994804E-16
1.10272  7.206424E-16
1.10299  7.547665E-16
1.10326  7.228966E-16
1.10353  7.251828E-16
1.1038  7.475565E-16
1.10407  7.420179E-16
1.10434  7.407774E-16
1.10461  7.323689E-16
1.10487  6.968876E-16
1.10514  7.283850E-16
1.10541  7.391387E-16
1.10568  6.988693E-16
1.10595  6.795405E-16
1.10622  6.845545E-16
1.10649  6.820441E-16
1.10676  7.321327E-16
1.10702  7.125624E-16
1.10729  7.356957E-16
1.10756  6.882432E-16
1.10783  6.894756E-16
1.1081  6.637885E-16
1.10837  6.509069E-16
1.10864  6.904412E-16
1.10891  6.590007E-16
1.10917  6.768381E-16
1.10944  6.600871E-16
1.10971  6.446858E-16
1.10998  6.758142E-16
1.11025  6.666624E-16
1.11052  6.823132E-16
1.11079  6.731909E-16
1.11106  6.797764E-16
1.11132  6.807987E-16
1.11159  6.800831E-16
1.11186  6.155365E-16
1.11213  6.731294E-16
1.1124  6.265933E-16
1.11267  6.312096E-16
1.11294  6.400569E-16
1.1132  6.898286E-16
1.11347  6.635736E-16
1.11374  6.401498E-16
1.11401  6.503898E-16
1.11428  6.280993E-16
1.11455  6.599592E-16
1.11482  6.327623E-16
1.11509  6.511926E-16
1.11535  6.291832E-16
1.11562  6.559265E-16
1.11589  6.346102E-16
1.11616  6.167790E-16
1.11643  6.010675E-16
1.1167  6.585834E-16
1.11697  6.019684E-16
1.11724  6.527871E-16
1.1175  6.044086E-16
1.11777  6.315877E-16
1.11804  6.403802E-16
1.11831  6.422690E-16
1.11858  6.507728E-16
1.11885  6.540910E-16
1.11912  6.760956E-16
1.11939  6.052644E-16
1.11965  6.650859E-16
1.11992  6.533527E-16
1.12019  6.102477E-16
1.12046  6.210342E-16
1.12073  6.310128E-16
1.121  6.379598E-16
1.12127  6.192713E-16
1.12153  6.582072E-16
1.1218  6.523862E-16
1.12207  6.400249E-16
1.12234  7.400317E-16
1.12261  5.871204E-16
1.12288  6.365227E-16
1.12315  6.031913E-16
1.12342  5.953655E-16
1.12368  6.640997E-16
1.12395  6.488711E-16
1.12422  6.417787E-16
1.12449  6.651816E-16
1.12476  6.177730E-16
1.12503  5.980206E-16
1.1253  6.436058E-16
1.12556  6.575776E-16
1.12583  6.953432E-16
1.1261  6.711446E-16
1.12637  6.583701E-16
1.12664  6.204794E-16
1.12691  6.474181E-16
1.12718  6.286967E-16
1.12744  6.469188E-16
1.12771  5.878363E-16
1.12798  6.965845E-16
1.1281  6.613706E-16
1.12843  6.672997E-16
1.12875  6.373804E-16
1.12908  6.531896E-16
1.1294  6.646404E-16
1.12973  6.527547E-16
1.13005  6.523305E-16
1.13038  6.264274E-16
1.1307  6.160304E-16
1.13103  6.386096E-16
1.13135  6.192910E-16
1.13168  6.160871E-16
1.132  6.187926E-16
1.13233  6.263800E-16
1.13266  5.880306E-16
1.13298  6.169083E-16
1.13331  6.226087E-16
1.13363  6.184879E-16
1.13396  6.208315E-16
1.13428  6.298052E-16
1.13461  6.433549E-16
1.13493  6.633323E-16
1.13526  6.732854E-16
1.13558  6.028011E-16
1.13591  6.158387E-16
1.13623  6.182393E-16
1.13656  6.224302E-16
1.13688  5.914809E-16
1.13721  5.978522E-16
1.13753  6.024231E-16
1.13786  6.070292E-16
1.13818  6.063232E-16
1.13851  6.100621E-16
1.13883  6.097531E-16
1.13916  6.067896E-16
1.13948  6.302769E-16
1.13981  6.280485E-16
1.14013  6.326422E-16
1.14046  6.133386E-16
1.14078  6.008806E-16
1.14111  6.088630E-16
1.14143  5.915645E-16
1.14176  5.934195E-16
1.14208  5.860109E-16
1.14241  5.693149E-16
1.14273  5.854604E-16
1.14306  5.916209E-16
1.14338  5.942253E-16
1.14371  5.868950E-16
1.14403  5.790399E-16
1.14436  5.664175E-16
1.14468  6.028791E-16
1.14501  5.546059E-16
1.14533  5.743662E-16
1.14566  5.653630E-16
1.14598  5.697363E-16
1.14631  5.706542E-16
1.14663  5.733450E-16
1.14695  5.699570E-16
1.14728  5.712983E-16
1.1476  5.862845E-16
1.14793  5.782432E-16
1.14825  5.619965E-16
1.14858  5.940323E-16
1.1489  5.783298E-16
1.14923  5.834823E-16
1.14955  5.882837E-16
1.14988  6.118958E-16
1.1502  5.813119E-16
1.15053  5.806479E-16
1.15085  5.994545E-16
1.15118  5.826176E-16
1.1515  6.029255E-16
1.15183  5.898756E-16
1.15215  6.044939E-16
1.15248  6.211067E-16
1.1528  6.099179E-16
1.15313  5.823916E-16
1.15345  5.812720E-16
1.15378  5.891519E-16
1.1541  5.986166E-16
1.15442  5.978998E-16
1.15475  5.970144E-16
1.15507  5.882091E-16
1.1554  6.042850E-16
1.15572  5.947000E-16
1.15605  5.907896E-16
1.15637  5.830646E-16
1.1567  5.766572E-16
1.15702  5.679101E-16
1.15735  5.750313E-16
1.15767  5.799344E-16
1.158  5.753169E-16
1.15832  5.690184E-16
1.15864  5.765323E-16
1.15897  5.634471E-16
1.15929  5.579548E-16
1.15962  5.554906E-16
1.15994  5.744247E-16
1.16027  5.713432E-16
1.16059  5.624020E-16
1.16092  5.747439E-16
1.16124  5.737444E-16
1.16157  5.591729E-16
1.16189  5.545164E-16
1.16221  5.629434E-16
1.16254  5.510630E-16
1.16286  5.425690E-16
1.16319  5.558362E-16
1.16351  5.712166E-16
1.16384  5.747104E-16
1.16416  5.499181E-16
1.16449  5.501132E-16
1.16481  5.616760E-16
1.16514  5.692255E-16
1.16546  5.559483E-16
1.16578  5.454199E-16
1.16611  5.546895E-16
1.16643  5.346107E-16
1.16676  5.579583E-16
1.16708  5.524762E-16
1.16741  5.656053E-16
1.16773  5.514032E-16
1.16805  5.625614E-16
1.16838  5.600295E-16
1.1687  5.711834E-16
1.16903  5.773165E-16
1.16935  5.746670E-16
1.16968  5.856520E-16
1.17  5.725121E-16
1.17033  6.003026E-16
1.17065  5.900641E-16
1.17097  5.803870E-16
1.1713  6.027903E-16
1.17162  6.082066E-16
1.17195  6.105193E-16
1.17227  6.167300E-16
1.1726  6.187758E-16
1.17292  6.076811E-16
1.17324  6.142591E-16
1.17357  6.161202E-16
1.17389  6.321506E-16
1.17422  6.333783E-16
1.17454  6.338421E-16
1.17487  5.995079E-16
1.17519  6.230623E-16
1.17551  6.080524E-16
1.17584  6.059165E-16
1.17616  6.067416E-16
1.17649  6.090420E-16
1.17681  6.026049E-16
1.17714  5.983706E-16
1.17746  6.238762E-16
1.17778  6.119304E-16
1.17811  6.075206E-16
1.17843  6.237150E-16
1.17876  6.483623E-16
1.17908  6.309151E-16
1.1794  6.462497E-16
1.17973  6.439492E-16
1.18005  6.387086E-16
1.18038  6.225169E-16
1.1807  6.064077E-16
1.18103  6.062414E-16
1.18135  6.012336E-16
1.18167  6.024168E-16
1.182  5.950265E-16
1.18232  6.055990E-16
1.18265  5.842023E-16
1.18297  5.824414E-16
1.18329  5.766628E-16
1.18362  5.869763E-16
1.18394  5.740307E-16
1.18427  5.801874E-16
1.18459  5.662255E-16
1.18491  5.836711E-16
1.18524  5.779464E-16
1.18556  5.695617E-16
1.18589  5.794304E-16
1.18621  5.707698E-16
1.18654  5.590212E-16
1.18686  5.606733E-16
1.18718  5.725294E-16
1.18751  5.807603E-16
1.18783  5.824610E-16
1.18816  5.855798E-16
1.18848  5.927120E-16
1.1888  5.776729E-16
1.18913  5.743650E-16
1.18945  5.793921E-16
1.18978  5.840042E-16
1.1901  5.858327E-16
1.19042  5.846513E-16
1.19075  5.955283E-16
1.19107  6.055887E-16
1.1914  6.028013E-16
1.19172  6.058022E-16
1.19204  6.035516E-16
1.19237  6.127179E-16
1.19269  6.006033E-16
1.19301  6.106237E-16
1.19334  6.102922E-16
1.19366  6.129989E-16
1.19399  6.377435E-16
1.19431  6.458443E-16
1.19463  6.373056E-16
1.19496  6.291736E-16
1.19528  6.332392E-16
1.19561  6.520491E-16
1.19593  6.505886E-16
1.19625  6.449328E-16
1.19658  6.532390E-16
1.1969  6.591119E-16
1.19723  6.523991E-16
1.19755  6.632704E-16
1.19787  6.603178E-16
1.1982  6.479851E-16
1.19852  6.632744E-16
1.19884  6.713683E-16
1.19917  6.817695E-16
1.19949  6.753755E-16
1.19982  6.907271E-16
1.20014  6.728711E-16
1.20046  6.645796E-16
1.20079  6.704458E-16
1.20111  6.818225E-16
1.20143  6.779805E-16
1.20176  6.708950E-16
1.20208  6.609304E-16
1.20241  6.585328E-16
1.20273  6.454680E-16
1.20305  6.593210E-16
1.20338  6.485462E-16
1.2037  6.178775E-16
1.20402  6.256627E-16
1.20435  6.113651E-16
1.20467  6.009602E-16
1.205  5.901081E-16
1.20532  5.946063E-16
1.20564  5.910725E-16
1.20597  5.762301E-16
1.20629  5.813855E-16
1.20661  5.732224E-16
1.20694  5.693327E-16
1.20726  5.568516E-16
1.20759  5.621439E-16
1.20791  5.609916E-16
1.20823  5.386366E-16
1.20856  5.389061E-16
1.20888  5.485944E-16
1.2092  5.404228E-16
1.20953  5.377210E-16
1.20985  5.377554E-16
1.21017  5.301630E-16
1.2105  5.464393E-16
1.21082  5.495795E-16
1.21115  5.306269E-16
1.21147  5.290479E-16
1.21179  5.190354E-16
1.21212  5.154192E-16
1.21244  5.147439E-16
1.21276  5.053258E-16
1.21309  5.329136E-16
1.21341  5.350399E-16
1.21373  5.122646E-16
1.21406  4.982391E-16
1.21438  5.254462E-16
1.2147  5.225341E-16
1.21503  5.195326E-16
1.21535  5.075577E-16
1.21568  5.074867E-16
1.216  5.055441E-16
1.21632  4.999199E-16
1.21665  5.018392E-16
1.21697  5.068846E-16
1.21729  4.928064E-16
1.21762  5.079352E-16
1.21794  5.132876E-16
1.21826  5.056063E-16
1.21859  4.961801E-16
1.21891  5.125729E-16
1.21923  4.950752E-16
1.21956  4.891076E-16
1.21988  5.087790E-16
1.2202  5.039014E-16
1.22053  5.138058E-16
1.22085  5.112590E-16
1.22117  5.089962E-16
1.2215  5.065335E-16
1.22182  4.988944E-16
1.22214  4.947013E-16
1.22247  5.134988E-16
1.22279  5.053132E-16
1.22311  4.983099E-16
1.22344  5.082778E-16
1.22376  5.027791E-16
1.22409  5.202468E-16
1.22441  5.227560E-16
1.22473  5.020586E-16
1.22506  5.146315E-16
1.22538  5.162131E-16
1.2257  5.225716E-16
1.22603  5.056031E-16
1.22635  5.349191E-16
1.22667  5.072578E-16
1.227  5.072224E-16
1.22732  5.132543E-16
1.22764  5.179014E-16
1.22797  4.902925E-16
1.22829  4.926091E-16
1.22861  5.153784E-16
1.22894  5.040187E-16
1.22926  5.118011E-16
1.22958  5.203365E-16
1.22991  5.271252E-16
1.23023  5.310858E-16
1.23055  5.259951E-16
1.23088  5.421155E-16
1.2312  5.119781E-16
1.23152  5.337122E-16
1.23185  5.405005E-16
1.23217  5.428056E-16
1.23249  5.535897E-16
1.23281  5.611727E-16
1.23314  5.576287E-16
1.23346  5.703071E-16
1.23378  5.708320E-16
1.23411  5.927795E-16
1.23443  5.888363E-16
1.23475  5.803217E-16
1.23508  5.871511E-16
1.2354  6.018682E-16
1.23572  6.013600E-16
1.23605  6.144925E-16
1.23637  6.129140E-16
1.23669  6.196467E-16
1.23702  6.411287E-16
1.23734  6.347873E-16
1.23766  6.452822E-16
1.23799  6.757558E-16
1.23831  6.960979E-16
1.23863  7.109737E-16
1.23896  7.338795E-16
1.23928  7.525384E-16
1.2396  7.679397E-16
1.23993  7.683073E-16
1.24025  7.190262E-16
1.24057  7.053369E-16
1.24089  7.001438E-16
1.24122  6.848463E-16
1.24154  6.720522E-16
1.24186  6.459697E-16
1.24219  6.428049E-16
1.24251  6.371979E-16
1.24283  6.327848E-16
1.24316  6.043589E-16
1.24348  6.232999E-16
1.2438  5.918877E-16
1.24413  5.918398E-16
1.24445  5.828382E-16
1.24477  5.800055E-16
1.2451  5.609387E-16
1.24542  5.729163E-16
1.24574  5.682930E-16
1.24606  5.585378E-16
1.24639  5.504893E-16
1.24671  5.457050E-16
1.24703  5.269117E-16
1.24736  5.215530E-16
1.24768  5.171399E-16
1.248  5.322870E-16
1.24833  5.190049E-16
1.24865  5.163977E-16
1.24897  5.072027E-16
1.24929  5.046939E-16
1.24962  5.273464E-16
1.24994  4.925506E-16
1.25026  4.955909E-16
1.25059  4.891677E-16
1.25091  4.946248E-16
1.25123  4.898838E-16
1.25156  4.910149E-16
1.25188  4.876836E-16
1.2522  4.789118E-16
1.25252  4.885599E-16
1.25285  4.766540E-16
1.25317  4.773171E-16
1.25349  4.746284E-16
1.25382  4.754758E-16
1.25414  4.745066E-16
1.25446  4.722455E-16
1.25479  4.703825E-16
1.25511  4.768881E-16
1.25543  4.790356E-16
1.25575  4.737713E-16
1.25608  4.732803E-16
1.2564  4.747337E-16
1.25672  4.724544E-16
1.25705  4.696574E-16
1.25737  4.660610E-16
1.25769  4.640159E-16
1.25801  4.669942E-16
1.25834  4.688427E-16
1.25866  4.634409E-16
1.25898  4.591020E-16
1.25931  4.623417E-16
1.25963  4.636897E-16
1.25995  4.613397E-16
1.26028  4.668072E-16
1.2606  4.524564E-16
1.26092  4.501603E-16
1.26124  4.512946E-16
1.26157  4.618267E-16
1.26189  4.566826E-16
1.26221  4.388511E-16
1.26254  4.590596E-16
1.26286  4.576347E-16
1.26318  4.564813E-16
1.2635  4.566450E-16
1.26383  4.606798E-16
1.26415  4.680456E-16
1.26447  4.493414E-16
1.2648  4.595022E-16
1.26512  4.672793E-16
1.26544  4.504101E-16
1.26576  4.420367E-16
1.26609  4.463459E-16
1.26641  4.491973E-16
1.26673  4.476106E-16
1.26705  4.483599E-16
1.26738  4.471458E-16
1.2677  4.540595E-16
1.26802  4.656097E-16
1.26835  4.727278E-16
1.26867  4.435209E-16
1.26899  4.545979E-16
1.26931  4.606736E-16
1.26964  4.611806E-16
1.26996  4.340552E-16
1.27028  4.362329E-16
1.27061  4.495625E-16
1.27093  4.575272E-16
1.27125  4.488831E-16
1.27157  4.583237E-16
1.2719  4.415364E-16
1.27222  4.609242E-16
1.27254  4.494804E-16
1.27286  4.629737E-16
1.27319  4.459040E-16
1.27351  4.395850E-16
1.27383  4.691533E-16
1.27416  4.317443E-16
1.27448  4.407733E-16
1.2748  4.514907E-16
1.27512  4.353193E-16
1.27545  4.419080E-16
1.27577  4.561654E-16
1.27609  4.550933E-16
1.27641  4.477890E-16
1.27674  4.547796E-16
1.27706  4.440397E-16
1.27738  4.530277E-16
1.2777  4.550056E-16
1.27803  4.441877E-16
1.27835  4.688942E-16
1.27867  4.571527E-16
1.279  4.561122E-16
1.27932  4.603830E-16
1.27964  4.630323E-16
1.27996  4.665961E-16
1.28029  4.708323E-16
1.28061  4.500792E-16
1.28093  4.374237E-16
1.28125  4.641152E-16
1.28158  4.661830E-16
1.2819  4.652497E-16
1.28222  4.716483E-16
1.28254  4.715436E-16
1.28287  4.769929E-16
1.28319  4.633453E-16
1.28351  4.709620E-16
1.28383  4.575719E-16
1.28416  4.724034E-16
1.28448  4.536477E-16
1.2848  4.665996E-16
1.28513  4.693366E-16
1.28545  4.612626E-16
1.28577  4.791392E-16
1.28609  4.566783E-16
1.28642  4.659647E-16
1.28674  4.645243E-16
1.28706  4.722824E-16
1.28738  4.709230E-16
1.28771  4.733014E-16
1.28803  4.683348E-16
1.28835  4.627493E-16
1.28867  4.714238E-16
1.289  4.633644E-16
1.28932  4.733482E-16
1.28964  4.764294E-16
1.28996  4.658486E-16
1.29029  4.667090E-16
1.29061  4.751968E-16
1.29093  4.713180E-16
1.29125  4.818412E-16
1.29158  4.887246E-16
1.2919  4.995342E-16
1.29222  4.853659E-16
1.29254  4.842617E-16
1.29287  4.792285E-16
1.29319  4.806174E-16
1.29351  4.906501E-16
1.29383  4.874589E-16
1.29416  4.902300E-16
1.29448  4.805672E-16
1.2948  5.015945E-16
1.29512  4.875899E-16
1.29545  5.162709E-16
1.29577  4.925557E-16
1.29609  4.953661E-16
1.29641  5.189121E-16
1.29674  4.958078E-16
1.29706  5.227891E-16
1.29738  5.193397E-16
1.2977  5.241670E-16
1.29803  5.390670E-16
1.29835  5.387120E-16
1.29867  5.404549E-16
1.29899  5.212374E-16
1.29932  5.433433E-16
1.29964  5.497985E-16
1.29996  5.503507E-16
1.30028  5.409498E-16
1.30061  5.497771E-16
1.30093  5.628752E-16
1.30125  5.802114E-16
1.30157  5.780419E-16
1.3019  5.714952E-16
1.30222  5.546467E-16
1.30254  5.682466E-16
1.30286  5.805505E-16
1.30318  5.820248E-16
1.30351  5.769727E-16
1.30383  5.698057E-16
1.30415  5.869387E-16
1.30447  5.827170E-16
1.3048  6.157429E-16
1.30512  6.002719E-16
1.30544  5.977794E-16
1.30576  6.015741E-16
1.30609  6.207889E-16
1.30641  6.228623E-16
1.30673  6.318525E-16
1.30705  6.298125E-16
1.30738  6.121135E-16
1.3077  6.097932E-16
1.30802  6.324932E-16
1.30834  6.289062E-16
1.30867  6.106995E-16
1.30899  6.166624E-16
1.30931  6.053188E-16
1.30963  5.902195E-16
1.30995  5.782596E-16
1.31028  5.796599E-16
1.3106  5.563932E-16
1.31092  5.521529E-16
1.31124  5.605000E-16
1.31157  5.423602E-16
1.31189  5.531622E-16
1.31221  5.284131E-16
1.31253  5.272262E-16
1.31286  5.332023E-16
1.31318  5.237113E-16
1.3135  5.258883E-16
1.31382  5.025218E-16
1.31414  5.182566E-16
1.31447  5.013052E-16
1.31479  4.860972E-16
1.31511  4.925067E-16
1.31543  4.814209E-16
1.31576  4.804993E-16
1.31608  4.926494E-16
1.3164  4.660801E-16
1.31672  4.755780E-16
1.31705  4.700012E-16
1.31737  4.847960E-16
1.31769  4.741590E-16
1.31801  4.666419E-16
1.31833  4.748863E-16
1.31866  4.625581E-16
1.31898  4.630438E-16
1.3193  4.703012E-16
1.31962  4.742294E-16
1.31995  4.700204E-16
1.32027  4.834390E-16
1.32059  4.552216E-16
1.32091  4.595466E-16
1.32124  4.528608E-16
1.32156  4.829561E-16
1.32188  4.551359E-16
1.3222  4.667061E-16
1.32252  4.624679E-16
1.32285  4.513815E-16
1.32317  4.695851E-16
1.32349  4.524369E-16
1.32381  4.507719E-16
1.32414  4.701503E-16
1.32446  4.574730E-16
1.32478  4.573180E-16
1.3251  4.405417E-16
1.32542  4.589109E-16
1.32575  4.659409E-16
1.32607  4.701653E-16
1.32639  4.578153E-16
1.32671  4.379920E-16
1.32704  4.417306E-16
1.32736  4.287676E-16
1.32768  4.494457E-16
1.328  4.480915E-16
1.32832  4.264581E-16
1.32865  4.503098E-16
1.32897  4.378561E-16
1.32929  4.394875E-16
1.32961  4.095678E-16
1.32994  4.247296E-16
1.33026  4.251668E-16
1.33058  4.369836E-16
1.3309  4.446307E-16
1.33122  4.326854E-16
1.33155  4.293639E-16
1.33187  4.490216E-16
1.33219  4.372639E-16
1.33251  4.388639E-16
1.33283  4.342460E-16
1.33316  4.373782E-16
1.33348  4.328403E-16
1.3338  4.285424E-16
1.33412  4.425313E-16
1.33445  4.252281E-16
1.33477  4.260742E-16
1.33509  4.350708E-16
1.33541  4.329609E-16
1.33573  4.344566E-16
1.33606  4.330853E-16
1.33638  4.448556E-16
1.3367  4.297763E-16
1.33702  4.494590E-16
1.33734  4.383699E-16
1.33767  4.588730E-16
1.33799  4.410061E-16
1.33831  4.403948E-16
1.33863  4.239256E-16
1.33896  4.385419E-16
1.33928  4.548886E-16
1.3396  4.441157E-16
1.33992  4.333205E-16
1.34024  4.565369E-16
1.34057  4.522493E-16
1.34089  4.506373E-16
1.34121  4.193018E-16
1.34153  4.467395E-16
1.34185  4.300068E-16
1.34218  4.329828E-16
1.3425  4.374169E-16
1.34282  4.331691E-16
1.34314  4.339038E-16
1.34347  4.291885E-16
1.34379  4.515659E-16
1.34411  4.331653E-16
1.34443  4.537697E-16
1.34475  4.517004E-16
1.34508  4.437048E-16
1.3454  4.025917E-16
1.34572  4.190069E-16
1.34604  4.128875E-16
1.34636  4.255133E-16
1.34669  4.389978E-16
1.34701  4.337617E-16
1.34733  4.198707E-16
1.34765  4.300486E-16
1.34797  4.532989E-16
1.3483  4.547285E-16
1.34862  4.189494E-16
1.34894  4.314350E-16
1.34926  4.364081E-16
1.34958  4.060669E-16
1.34991  4.127619E-16
1.35023  4.093808E-16
1.35055  4.653003E-16
1.35087  4.679814E-16
1.35119  3.899566E-16
1.35152  4.694452E-16
1.35184  4.271025E-16
1.35216  4.594774E-16
1.35248  4.522414E-16
1.35281  4.164948E-16
1.35313  4.274327E-16
1.35345  4.566545E-16
1.35377  4.465849E-16
1.35409  4.388523E-16
1.35442  4.929850E-16
1.35474  4.849520E-16
1.35506  4.545470E-16
1.35538  4.052885E-16
1.3557  4.580152E-16
1.35603  4.496444E-16
1.35635  4.371552E-16
1.35667  4.196907E-16
1.35699  4.339049E-16
1.35731  4.595802E-16
1.35764  4.872118E-16
1.35796  4.171318E-16
1.35828  4.743716E-16
1.3586  4.328836E-16
1.35892  4.771333E-16
1.35925  4.489639E-16
1.35957  5.008257E-16
1.35989  5.100385E-16
1.36021  4.712301E-16
1.36053  4.633859E-16
1.36086  5.190878E-16
1.36118  4.035941E-16
1.3615  4.730639E-16
1.36182  5.327772E-16
1.36214  6.209999E-16
1.36247  5.266573E-16
1.36279  5.363492E-16
1.36311  4.858562E-16
1.36343  4.835953E-16
1.36375  4.978817E-16
1.36408  5.218286E-16
1.3644  6.201473E-16
1.36472  5.249275E-16
1.36504  4.997030E-16
1.36536  5.065137E-16
1.36569  4.175966E-16
1.36601  5.166935E-16
1.36633  4.176345E-16
1.36665  5.215282E-16
1.36697  5.391450E-16
1.3673  5.280571E-16
1.36762  4.298879E-16
1.36794  5.371583E-16
1.36826  6.056602E-16
1.36858  6.185050E-16
1.36891  5.745935E-16
1.36923  5.176097E-16
1.36955  4.751618E-16
1.36987  5.278638E-16
1.37019  5.043788E-16
1.37052  5.638501E-16
1.37084  4.778461E-16
1.37116  4.397962E-16
1.37148  5.425806E-16
1.3718  4.741775E-16
1.37213  4.735856E-16
1.37245  4.614561E-16
1.37277  4.760880E-16
1.37309  4.724083E-16
1.37341  4.919950E-16
1.37374  4.976974E-16
1.37406  5.122510E-16
1.37438  4.718287E-16
1.3747  4.730748E-16
1.37502  4.582786E-16
1.37535  4.568161E-16
1.37567  4.617439E-16
1.37599  4.767331E-16
1.37631  4.849619E-16
1.37663  4.311358E-16
1.37695  4.823888E-16
1.37728  4.776372E-16
1.3776  4.816534E-16
1.37792  4.120647E-16
1.37824  4.740064E-16
1.37856  4.713181E-16
1.37889  4.541155E-16
1.37921  4.798946E-16
1.37953  4.156797E-16
1.37985  4.693045E-16
1.38017  5.069656E-16
1.3805  4.687888E-16
1.38082  5.559573E-16
1.38114  5.728697E-16
1.38146  4.714224E-16
1.38178  4.781439E-16
1.38211  4.368085E-16
1.38243  5.414915E-16
1.38275  5.392856E-16
1.38307  6.216241E-16
1.38339  4.595953E-16
1.38372  5.407502E-16
1.38404  5.448164E-16
1.38436  5.582665E-16
1.38468  4.422063E-16
1.385  4.575853E-16
1.38533  5.179503E-16
1.38565  5.305529E-16
1.38597  4.740563E-16
1.38629  4.518173E-16
1.38661  4.911146E-16
1.38693  5.165713E-16
1.38726  4.848912E-16
1.38758  4.913804E-16
1.3879  4.612924E-16
1.38822  5.343182E-16
1.38854  5.247172E-16
1.38887  4.953828E-16
1.38919  4.505322E-16
1.38951  4.806611E-16
1.38983  5.108090E-16
1.39015  5.024279E-16
1.39048  4.603993E-16
1.3908  5.001616E-16
1.39112  5.102576E-16
1.39144  4.817585E-16
1.39176  4.740298E-16
1.39209  5.645639E-16
1.39241  6.715727E-16
1.39273  5.958506E-16
1.39305  5.612726E-16
1.39337  5.049148E-16
1.39369  5.479496E-16
1.39402  5.484185E-16
1.39434  5.698572E-16
1.39466  5.453523E-16
1.39498  5.926807E-16
1.3953  6.889823E-16
1.39563  5.760472E-16
1.39595  5.105484E-16
1.39627  5.969147E-16
1.39659  6.195689E-16
1.39691  5.696342E-16
1.39724  5.208960E-16
1.39756  5.521440E-16
1.39788  5.646453E-16
1.3982  5.735683E-16
1.39852  6.130724E-16
1.39885  5.988111E-16
1.39917  6.173180E-16
1.39949  7.132808E-16
1.39981  7.991286E-16
1.40013  7.298742E-16
1.40045  7.975074E-16
1.40078  6.711207E-16
1.4011  7.029096E-16
1.40142  7.456119E-16
1.40174  7.576013E-16
1.40206  7.300302E-16
1.40239  7.377326E-16
1.40271  7.399974E-16
1.40303  7.982861E-16
1.40335  8.239688E-16
1.40367  8.233246E-16
1.404  9.749441E-16
1.40432  9.752739E-16
1.40464  1.015612E-15
1.40496  9.952300E-16
1.40528  9.844746E-16
1.40561  1.031735E-15
1.40593  1.006561E-15
1.40625  9.521070E-16
1.40657  1.023645E-15
1.40689  1.116078E-15
1.40721  1.196297E-15
1.40754  1.194229E-15
1.40786  1.068223E-15
1.40818  1.057199E-15
1.4085  1.121919E-15
1.40882  1.085357E-15
1.40915  1.114186E-15
1.40947  1.075926E-15
1.40979  1.037990E-15
1.41011  9.058030E-16
1.41043  8.935080E-16
1.41076  8.793549E-16
1.41083  8.337010E-16
1.41123  8.365417E-16
1.41164  7.939207E-16
1.41205  7.668709E-16
1.41245  7.774889E-16
1.41286  7.615526E-16
1.41327  7.327796E-16
1.41367  7.807900E-16
1.41408  7.941231E-16
1.41448  7.422733E-16
1.41489  7.101154E-16
1.4153  6.754569E-16
1.4157  6.528013E-16
1.41611  6.507408E-16
1.41652  6.644857E-16
1.41692  6.599395E-16
1.41733  6.649370E-16
1.41773  6.663560E-16
1.41814  6.663102E-16
1.41855  6.512166E-16
1.41895  6.754650E-16
1.41936  6.881115E-16
1.41977  6.841374E-16
1.42017  6.607198E-16
1.42058  6.574576E-16
1.42098  6.689253E-16
1.42139  6.760110E-16
1.4218  6.863756E-16
1.4222  7.120158E-16
1.42261  7.184875E-16
1.42302  7.365229E-16
1.42342  7.139834E-16
1.42383  7.099690E-16
1.42423  6.890936E-16
1.42464  6.709454E-16
1.42505  6.663793E-16
1.42545  6.694601E-16
1.42586  6.399077E-16
1.42626  6.196589E-16
1.42667  6.069282E-16
1.42708  6.015095E-16
1.42748  6.130605E-16
1.42789  5.914395E-16
1.42829  5.739478E-16
1.4287  5.526850E-16
1.42911  5.205853E-16
1.42951  5.276296E-16
1.42992  5.140398E-16
1.43032  5.047771E-16
1.43073  5.016150E-16
1.43114  5.213761E-16
1.43154  5.291419E-16
1.43195  4.856973E-16
1.43235  4.779813E-16
1.43276  4.801196E-16
1.43317  4.618299E-16
1.43357  4.722599E-16
1.43398  4.667444E-16
1.43438  4.601394E-16
1.43479  4.464305E-16
1.4352  4.548653E-16
1.4356  4.398609E-16
1.43601  4.579768E-16
1.43641  4.605467E-16
1.43682  4.598532E-16
1.43722  4.549221E-16
1.43763  4.640025E-16
1.43804  4.579567E-16
1.43844  4.308030E-16
1.43885  4.325271E-16
1.43925  4.207201E-16
1.43966  4.412708E-16
1.44007  4.290454E-16
1.44047  4.288342E-16
1.44088  4.376698E-16
1.44128  4.330281E-16
1.44169  4.445143E-16
1.44209  4.324904E-16
1.4425  4.233052E-16
1.44291  4.293089E-16
1.44331  4.256245E-16
1.44372  4.142597E-16
1.44412  4.205616E-16
1.44453  4.438497E-16
1.44493  4.404532E-16
1.44534  4.340625E-16
1.44574  4.344485E-16
1.44615  4.356823E-16
1.44656  4.187792E-16
1.44696  4.285388E-16
1.44737  4.301708E-16
1.44777  4.371626E-16
1.44818  4.249920E-16
1.44858  4.310146E-16
1.44899  4.296474E-16
1.44939  4.296969E-16
1.4498  4.377323E-16
1.45021  4.483585E-16
1.45061  4.289673E-16
1.45102  4.466911E-16
1.45142  4.166598E-16
1.45183  4.149309E-16
1.45223  4.086268E-16
1.45264  4.161548E-16
1.45304  4.068769E-16
1.45345  4.046035E-16
1.45386  4.041559E-16
1.45426  4.091608E-16
1.45467  4.075462E-16
1.45507  4.050860E-16
1.45548  4.076193E-16
1.45588  4.043638E-16
1.45629  4.026159E-16
1.45669  4.046895E-16
1.4571  4.017210E-16
1.4575  4.004077E-16
1.45791  4.059044E-16
1.45831  4.120467E-16
1.45872  3.993675E-16
1.45912  4.144436E-16
1.45953  4.221084E-16
1.45994  4.091716E-16
1.46034  4.261611E-16
1.46075  4.225289E-16
1.46115  4.166457E-16
1.46156  4.184573E-16
1.46196  4.219341E-16
1.46237  4.181302E-16
1.46277  4.132241E-16
1.46318  4.291784E-16
1.46358  4.309890E-16
1.46399  4.284935E-16
1.46439  4.225267E-16
1.4648  4.290453E-16
1.4652  4.496679E-16
1.46561  4.547163E-16
1.46601  4.610094E-16
1.46642  4.531543E-16
1.46682  4.721882E-16
1.46723  4.787236E-16
1.46763  4.753663E-16
1.46804  4.687721E-16
1.46844  4.643551E-16
1.46885  4.604411E-16
1.46925  4.743990E-16
1.46966  4.816333E-16
1.47006  4.926934E-16
1.47047  4.698069E-16
1.47088  4.762845E-16
1.47128  4.642989E-16
1.47169  4.467277E-16
1.47209  4.566573E-16
1.4725  4.497634E-16
1.4729  4.432465E-16
1.47331  4.360810E-16
1.47371  4.297328E-16
1.47412  4.246486E-16
1.47452  4.089207E-16
1.47493  4.124768E-16
1.47533  4.025306E-16
1.47574  4.117680E-16
1.47614  4.176516E-16
1.47655  4.141090E-16
1.47695  4.043397E-16
1.47735  4.039298E-16
1.47776  3.923515E-16
1.47816  4.017766E-16
1.47857  3.857597E-16
1.47897  3.849852E-16
1.47938  3.864946E-16
1.47978  3.936226E-16
1.48019  3.903105E-16
1.48059  3.973061E-16
1.481  3.933264E-16
1.4814  3.808152E-16
1.48181  3.938058E-16
1.48221  3.971253E-16
1.48262  3.890810E-16
1.48302  3.916136E-16
1.48343  3.868543E-16
1.48383  3.881304E-16
1.48424  3.861135E-16
1.48464  3.863037E-16
1.48505  3.783617E-16
1.48545  3.903285E-16
1.48586  3.795866E-16
1.48626  3.796597E-16
1.48667  3.923950E-16
1.48707  3.897793E-16
1.48748  3.803738E-16
1.48788  3.809823E-16
1.48828  3.788282E-16
1.48869  3.859837E-16
1.48909  3.709152E-16
1.4895  3.702065E-16
1.4899  3.847030E-16
1.49031  3.738333E-16
1.49071  3.723248E-16
1.49112  3.794417E-16
1.49152  3.811309E-16
1.49193  3.792950E-16
1.49233  3.794853E-16
1.49274  3.730004E-16
1.49314  3.796204E-16
1.49355  3.759171E-16
1.49395  3.736723E-16
1.49435  3.705983E-16
1.49476  3.748113E-16
1.49516  3.753561E-16
1.49557  3.705692E-16
1.49597  3.781111E-16
1.49638  3.728707E-16
1.49678  3.793692E-16
1.49719  3.753015E-16
1.49759  3.663244E-16
1.498  3.787079E-16
1.4984  3.742403E-16
1.4988  3.666126E-16
1.49921  3.710265E-16
1.49961  3.721722E-16
1.50002  3.697800E-16
1.50042  3.725063E-16
1.50083  3.728056E-16
1.50123  3.682705E-16
1.50164  3.786740E-16
1.50204  3.762174E-16
1.50244  3.664500E-16
1.50285  3.756335E-16
1.50325  3.781667E-16
1.50366  3.808170E-16
1.50406  3.758499E-16
1.50447  3.685720E-16
1.50487  3.841711E-16
1.50528  3.577410E-16
1.50568  3.620284E-16
1.50608  3.606272E-16
1.50649  3.727056E-16
1.50689  3.649131E-16
1.5073  3.763612E-16
1.5077  3.898895E-16
1.50811  3.713623E-16
1.50851  3.686210E-16
1.50891  3.770718E-16
1.50932  3.735570E-16
1.50972  3.758386E-16
1.51013  3.723653E-16
1.51053  3.730747E-16
1.51094  3.773870E-16
1.51134  3.725373E-16
1.51174  3.661800E-16
1.51215  3.788535E-16
1.51255  3.750884E-16
1.51296  3.742679E-16
1.51336  3.777289E-16
1.51377  3.621665E-16
1.51417  3.669635E-16
1.51457  3.641488E-16
1.51498  3.734765E-16
1.51538  3.696782E-16
1.51579  3.649277E-16
1.51619  3.635822E-16
1.5166  3.766156E-16
1.517  3.744128E-16
1.5174  3.718405E-16
1.51781  3.689561E-16
1.51821  3.732379E-16
1.51862  3.659006E-16
1.51902  3.696371E-16
1.51942  3.750881E-16
1.51983  3.627185E-16
1.52023  3.676091E-16
1.52064  3.652387E-16
1.52104  3.658663E-16
1.52145  3.691100E-16
1.52185  3.629180E-16
1.52225  3.721623E-16
1.52266  3.729281E-16
1.52306  3.746238E-16
1.52347  3.557069E-16
1.52387  3.557004E-16
1.52427  3.717457E-16
1.52468  3.676327E-16
1.52508  3.741143E-16
1.52549  3.609973E-16
1.52589  3.644216E-16
1.52629  3.657811E-16
1.5267  3.679978E-16
1.5271  3.661032E-16
1.52751  3.654374E-16
1.52791  3.696360E-16
1.52831  3.768544E-16
1.52872  3.651593E-16
1.52912  3.671982E-16
1.52953  3.633551E-16
1.52993  3.589659E-16
1.53033  3.690313E-16
1.53074  3.623017E-16
1.53114  3.661569E-16
1.53155  3.707330E-16
1.53195  3.595340E-16
1.53235  3.636739E-16
1.53276  3.652585E-16
1.53316  3.720172E-16
1.53356  3.526520E-16
1.53397  3.567282E-16
1.53437  3.578394E-16
1.53478  3.635389E-16
1.53518  3.602109E-16
1.53558  3.671462E-16
1.53599  3.674011E-16
1.53639  3.607305E-16
1.5368  3.651337E-16
1.5372  3.584279E-16
1.5376  3.644060E-16
1.53801  3.635928E-16
1.53841  3.730446E-16
1.53882  3.718327E-16
1.53922  3.660255E-16
1.53962  3.614862E-16
1.54003  3.592032E-16
1.54043  3.585285E-16
1.54083  3.673279E-16
1.54124  3.735632E-16
1.54164  3.647235E-16
1.54205  3.657497E-16
1.54245  3.650820E-16
1.54285  3.682978E-16
1.54326  3.632539E-16
1.54366  3.549667E-16
1.54406  3.692868E-16
1.54447  3.679093E-16
1.54487  3.685085E-16
1.54528  3.687301E-16
1.54568  3.661940E-16
1.54608  3.679672E-16
1.54649  3.648838E-16
1.54689  3.621185E-16
1.54729  3.628015E-16
1.5477  3.680188E-16
1.5481  3.657734E-16
1.5485  3.586878E-16
1.54891  3.690158E-16
1.54931  3.683431E-16
1.54972  3.599776E-16
1.55012  3.651656E-16
1.55052  3.570506E-16
1.55093  3.497027E-16
1.55133  3.507319E-16
1.55173  3.542685E-16
1.55214  3.620081E-16
1.55254  3.675594E-16
1.55294  3.662185E-16
1.55335  3.544648E-16
1.55375  3.557958E-16
1.55416  3.620152E-16
1.55456  3.438330E-16
1.55496  3.580415E-16
1.55537  3.651501E-16
1.55577  3.609588E-16
1.55617  3.513888E-16
1.55658  3.581268E-16
1.55698  3.591610E-16
1.55738  3.605888E-16
1.55779  3.619551E-16
1.55819  3.524155E-16
1.55859  3.604313E-16
1.559  3.553196E-16
1.5594  3.623764E-16
1.5598  3.599325E-16
1.56021  3.604640E-16
1.56061  3.643727E-16
1.56102  3.548798E-16
1.56142  3.465304E-16
1.56182  3.573629E-16
1.56223  3.639936E-16
1.56263  3.617768E-16
1.56303  3.581450E-16
1.56344  3.540379E-16
1.56384  3.558533E-16
1.56424  3.455966E-16
1.56465  3.553630E-16
1.56505  3.656613E-16
1.56545  3.449416E-16
1.56586  3.547463E-16
1.56626  3.554252E-16
1.56666  3.554117E-16
1.56707  3.622844E-16
1.56747  3.498491E-16
1.56787  3.611150E-16
1.56828  3.585471E-16
1.56868  3.480255E-16
1.56908  3.513919E-16
1.56949  3.598953E-16
1.56989  3.500873E-16
1.57029  3.553562E-16
1.5707  3.435864E-16
1.5711  3.639035E-16
1.5715  3.600137E-16
1.57191  3.609216E-16
1.57231  3.566190E-16
1.57271  3.506241E-16
1.57312  3.557736E-16
1.57352  3.476625E-16
1.57392  3.553986E-16
1.57433  3.479495E-16
1.57473  3.537308E-16
1.57513  3.542118E-16
1.57554  3.580170E-16
1.57594  3.555846E-16
1.57634  3.558911E-16
1.57675  3.485401E-16
1.57715  3.543757E-16
1.57755  3.441315E-16
1.57796  3.517189E-16
1.57836  3.465064E-16
1.57876  3.433122E-16
1.57917  3.495635E-16
1.57957  3.541084E-16
1.57997  3.562343E-16
1.58038  3.548504E-16
1.58078  3.468589E-16
1.58118  3.543867E-16
1.58159  3.529060E-16
1.58199  3.469782E-16
1.58239  3.595745E-16
1.5828  3.500695E-16
1.5832  3.368500E-16
1.5836  3.663618E-16
1.58401  3.684048E-16
1.58441  3.548958E-16
1.58481  3.613980E-16
1.58521  3.528791E-16
1.58562  3.398445E-16
1.58602  3.433831E-16
1.58642  3.594957E-16
1.58683  3.539101E-16
1.58723  3.586302E-16
1.58763  3.511276E-16
1.58804  3.507357E-16
1.58844  3.561077E-16
1.58884  3.567118E-16
1.58925  3.548387E-16
1.58965  3.576526E-16
1.59005  3.567704E-16
1.59046  3.572009E-16
1.59086  3.509003E-16
1.59126  3.542682E-16
1.59166  3.680027E-16
1.59207  3.544280E-16
1.59247  3.512453E-16
1.59287  3.583585E-16
1.59328  3.551183E-16
1.59368  3.557860E-16
1.59408  3.608065E-16
1.59449  3.486528E-16
1.59489  3.529418E-16
1.59529  3.523039E-16
1.5957  3.493069E-16
1.5961  3.489414E-16
1.5965  3.511528E-16
1.5969  3.516732E-16
1.59731  3.486026E-16
1.59771  3.471393E-16
1.59811  3.389100E-16
1.59852  3.544972E-16
1.59892  3.533830E-16
1.59932  3.586232E-16
1.59973  3.515825E-16
1.60013  3.488571E-16
1.60053  3.529087E-16
1.60093  3.523718E-16
1.60134  3.583101E-16
1.60174  3.506742E-16
1.60214  3.565661E-16
1.60255  3.555841E-16
1.60295  3.452202E-16
1.60335  3.506086E-16
1.60376  3.432816E-16
1.60416  3.558403E-16
1.60456  3.468083E-16
1.60496  3.541378E-16
1.60537  3.596703E-16
1.60577  3.583585E-16
1.60617  3.476297E-16
1.60658  3.507822E-16
1.60698  3.556447E-16
1.60738  3.544924E-16
1.60778  3.653204E-16
1.60819  3.567507E-16
1.60859  3.596812E-16
1.60899  3.632079E-16
1.6094  3.584176E-16
1.6098  3.554533E-16
1.6102  3.588418E-16
1.61061  3.615886E-16
1.61101  3.572453E-16
1.61141  3.546170E-16
1.61181  3.529572E-16
1.61222  3.579648E-16
1.61262  3.562808E-16
1.61302  3.405630E-16
1.61343  3.585057E-16
1.61383  3.492808E-16
1.61423  3.559489E-16
1.61463  3.600576E-16
1.61504  3.555600E-16
1.61544  3.501394E-16
1.61584  3.578455E-16
1.61625  3.544647E-16
1.61665  3.555399E-16
1.61705  3.644795E-16
1.61745  3.526190E-16
1.61786  3.490143E-16
1.61826  3.600593E-16
1.61866  3.552149E-16
1.61906  3.498964E-16
1.61947  3.612317E-16
1.61987  3.672801E-16
1.62027  3.504364E-16
1.62068  3.603412E-16
1.62108  3.476972E-16
1.62148  3.616663E-16
1.62188  3.569249E-16
1.62229  3.627108E-16
1.62269  3.584597E-16
1.62309  3.493294E-16
1.6235  3.560917E-16
1.6239  3.548598E-16
1.6243  3.619853E-16
1.6247  3.581347E-16
1.62511  3.593207E-16
1.62551  3.583773E-16
1.62591  3.617674E-16
1.62631  3.551299E-16
1.62672  3.568888E-16
1.62712  3.575301E-16
1.62752  3.551837E-16
1.62793  3.640216E-16
1.62833  3.549946E-16
1.62873  3.512088E-16
1.62913  3.637708E-16
1.62954  3.603178E-16
1.62994  3.616480E-16
1.63034  3.536641E-16
1.63074  3.643700E-16
1.63115  3.594948E-16
1.63155  3.670596E-16
1.63195  3.736520E-16
1.63236  3.669481E-16
1.63276  3.740428E-16
1.63316  3.778804E-16
1.63356  3.758023E-16
1.63397  3.738211E-16
1.63437  3.835945E-16
1.63477  3.810595E-16
1.63517  3.902822E-16
1.63558  3.799091E-16
1.63598  3.744290E-16
1.63638  3.746920E-16
1.63678  3.706219E-16
1.63719  3.665851E-16
1.63759  3.646917E-16
1.63799  3.679080E-16
1.6384  3.616513E-16
1.6388  3.704552E-16
1.6392  3.628773E-16
1.6396  3.719737E-16
1.64001  3.688085E-16
1.64041  3.762496E-16
1.64081  3.631337E-16
1.64121  3.675743E-16
1.64162  3.708892E-16
1.64202  3.712168E-16
1.64242  3.613254E-16
1.64282  3.761865E-16
1.64323  3.715045E-16
1.64363  3.763443E-16
1.64403  3.636352E-16
1.64443  3.778537E-16
1.64484  3.731807E-16
1.64524  3.743787E-16
1.64564  3.765014E-16
1.64604  3.818838E-16
1.64645  3.882715E-16
1.64685  3.800890E-16
1.64725  3.778216E-16
1.64765  3.761381E-16
1.64806  3.783445E-16
1.64846  3.863489E-16
1.64886  3.915203E-16
1.64927  3.833379E-16
1.64967  3.943778E-16
1.65007  3.955948E-16
1.65047  3.925579E-16
1.65088  3.781965E-16
1.65128  3.936051E-16
1.65168  4.050755E-16
1.65208  3.988316E-16
1.65249  4.103300E-16
1.65289  4.028114E-16
1.65329  4.088358E-16
1.65369  4.098419E-16
1.6541  4.011122E-16
1.6545  4.201387E-16
1.6549  4.164574E-16
1.6553  4.177096E-16
1.65571  4.322835E-16
1.65611  4.225343E-16
1.65651  4.413194E-16
1.65691  4.317347E-16
1.65732  4.306864E-16
1.65772  4.374769E-16
1.65812  4.432801E-16
1.65852  4.421249E-16
1.65893  4.428647E-16
1.65933  4.500232E-16
1.65973  4.595765E-16
1.66013  4.770157E-16
1.66054  4.780639E-16
1.66094  4.788207E-16
1.66134  4.842524E-16
1.66174  4.969337E-16
1.66215  5.086942E-16
1.66255  5.138434E-16
1.66295  5.233924E-16
1.66335  5.253520E-16
1.66376  5.396695E-16
1.66416  5.442630E-16
1.66456  5.621733E-16
1.66496  5.771147E-16
1.66537  5.859432E-16
1.66577  6.136123E-16
1.66617  6.383619E-16
1.66657  6.401447E-16
1.66697  6.562473E-16
1.66738  6.646479E-16
1.66778  6.630616E-16
1.66818  6.630191E-16
1.66858  6.546325E-16
1.66899  6.551607E-16
1.66939  6.498074E-16
1.66979  6.295597E-16
1.67019  6.149194E-16
1.6706  6.039468E-16
1.671  5.927623E-16
1.6714  5.826196E-16
1.6718  5.525785E-16
1.67221  5.486806E-16
1.67261  5.376498E-16
1.67301  5.255784E-16
1.67341  4.957891E-16
1.67382  4.971022E-16
1.67422  4.805321E-16
1.67462  4.642252E-16
1.67502  4.715954E-16
1.67543  4.507946E-16
1.67583  4.506783E-16
1.67623  4.328482E-16
1.67663  4.382069E-16
1.67704  4.402513E-16
1.67744  4.199702E-16
1.67784  4.211264E-16
1.67824  4.152801E-16
1.67864  4.051678E-16
1.67905  3.992721E-16
1.67945  4.022705E-16
1.67985  4.019707E-16
1.68025  3.994256E-16
1.68066  3.834646E-16
1.68106  3.944554E-16
1.68146  3.797578E-16
1.68186  3.889438E-16
1.68227  3.810046E-16
1.68267  3.935712E-16
1.68307  3.874943E-16
1.68347  3.771002E-16
1.68388  3.785498E-16
1.68428  3.706894E-16
1.68468  3.824090E-16
1.68508  3.714433E-16
1.68549  3.764227E-16
1.68589  3.754194E-16
1.68629  3.736760E-16
1.68669  3.640988E-16
1.68709  3.741656E-16
1.6875  3.745163E-16
1.6879  3.646166E-16
1.6883  3.631687E-16
1.6887  3.642967E-16
1.68911  3.613093E-16
1.68951  3.634990E-16
1.68991  3.500900E-16
1.69031  3.505970E-16
1.69072  3.420849E-16
1.69112  3.613480E-16
1.69152  3.588003E-16
1.69192  3.578707E-16
1.69232  3.507468E-16
1.69273  3.531280E-16
1.69313  3.515119E-16
1.69353  3.507214E-16
1.69393  3.467884E-16
1.69434  3.529785E-16
1.69474  3.464829E-16
1.69514  3.469385E-16
1.69554  3.515759E-16
1.69595  3.467841E-16
1.69635  3.446901E-16
1.69675  3.452577E-16
1.69715  3.441073E-16
1.69755  3.469280E-16
1.69796  3.524756E-16
1.69836  3.432674E-16
1.69876  3.362337E-16
1.69916  3.458965E-16
1.69957  3.477775E-16
1.69997  3.529420E-16
1.70037  3.466897E-16
1.70077  3.429173E-16
1.70118  3.290539E-16
1.70158  3.433920E-16
1.70198  3.574660E-16
1.70238  3.376458E-16
1.70278  3.379886E-16
1.70319  3.396226E-16
1.70359  3.438212E-16
1.70399  3.352465E-16
1.70439  3.382596E-16
1.7048  3.347787E-16
1.7052  3.446729E-16
1.7056  3.287988E-16
1.706  3.409591E-16
1.70641  3.331093E-16
1.70681  3.388350E-16
1.70721  3.521353E-16
1.70761  3.270015E-16
1.70801  3.481554E-16
1.70842  3.332756E-16
1.70882  3.368652E-16
1.70922  3.437935E-16
1.70962  3.419910E-16
1.71003  3.436563E-16
1.71043  3.333945E-16
1.71083  3.430585E-16
1.71123  3.370920E-16
1.71163  3.385707E-16
1.71204  3.473031E-16
1.71244  3.408609E-16
1.71284  3.417399E-16
1.71324  3.495257E-16
1.71365  3.414727E-16
1.71405  3.462748E-16
1.71445  3.432437E-16
1.71485  3.395665E-16
1.71526  3.399132E-16
1.71566  3.471264E-16
1.71606  3.397177E-16
1.71646  3.464631E-16
1.71686  3.513840E-16
1.71727  3.420068E-16
1.71767  3.459499E-16
1.71807  3.505069E-16
1.71847  3.507539E-16
1.71888  3.430660E-16
1.71928  3.346919E-16
1.71968  3.464215E-16
1.72008  3.403375E-16
1.72048  3.329290E-16
1.72089  3.472913E-16
1.72129  3.333393E-16
1.72169  3.500621E-16
1.72209  3.393053E-16
1.7225  3.269339E-16
1.7229  3.352736E-16
1.7233  3.432171E-16
1.7237  3.386966E-16
1.7241  3.323063E-16
1.72451  3.256046E-16
1.72491  3.406710E-16
1.72531  3.441141E-16
1.72571  3.358683E-16
1.72612  3.439105E-16
1.72652  3.356154E-16
1.72692  3.300437E-16
1.72732  3.281650E-16
1.72772  3.308501E-16
1.72813  3.293735E-16
1.72853  3.379931E-16
1.72893  3.346348E-16
1.72933  3.327007E-16
1.72974  3.399605E-16
1.73014  3.376233E-16
1.73054  3.337883E-16
1.73094  3.379579E-16
1.73135  3.250591E-16
1.73175  3.266295E-16
1.73215  3.394718E-16
1.73255  3.439517E-16
1.73295  3.229409E-16
1.73336  3.283077E-16
1.73376  3.329117E-16
1.73416  3.342340E-16
1.73456  3.341121E-16
1.73497  3.205304E-16
1.73537  3.253177E-16
1.73577  3.347724E-16
1.73617  3.311492E-16
1.73657  3.361300E-16
1.73698  3.304085E-16
1.73738  3.317298E-16
1.73778  3.439921E-16
1.73818  3.370422E-16
1.73859  3.309056E-16
1.73899  3.191213E-16
1.73939  3.288336E-16
1.73979  3.264643E-16
1.74019  3.350247E-16
1.7406  3.312737E-16
1.741  3.383677E-16
1.7414  3.380059E-16
1.7418  3.312638E-16
1.74221  3.403813E-16
1.74261  3.290780E-16
1.74301  3.340585E-16
1.74341  3.304839E-16
1.74381  3.226515E-16
1.74422  3.135705E-16
1.74462  3.234317E-16
1.74502  3.279244E-16
1.74542  3.391339E-16
1.74583  3.348479E-16
1.74623  3.204742E-16
1.74663  3.195814E-16
1.74703  3.477504E-16
1.74743  3.356846E-16
1.74784  3.297116E-16
1.74824  3.339483E-16
1.74864  3.400664E-16
1.74904  3.351244E-16
1.74945  3.323693E-16
1.74985  3.161780E-16
1.75025  3.362402E-16
1.75065  3.320984E-16
1.75105  3.252197E-16
1.75146  3.321348E-16
1.75186  3.247563E-16
1.75226  3.312602E-16
1.75266  3.291905E-16
1.75307  3.306134E-16
1.75347  3.187708E-16
1.75387  3.246630E-16
1.75427  3.352430E-16
1.75467  3.384798E-16
1.75508  3.278617E-16
1.75548  3.324630E-16
1.75588  3.243833E-16
1.75628  3.308206E-16
1.75669  3.253408E-16
1.75709  3.324048E-16
1.75749  3.219280E-16
1.75789  3.409259E-16
1.7583  3.175518E-16
1.7587  3.310195E-16
1.7591  3.295746E-16
1.7595  3.378114E-16
1.7599  3.300897E-16
1.76031  3.323832E-16
1.76071  3.270678E-16
1.76111  3.211238E-16
1.76151  3.301404E-16
1.76192  3.262650E-16
1.76232  3.426465E-16
1.76272  3.285214E-16
1.76312  3.285547E-16
1.76352  3.405528E-16
1.76393  3.296965E-16
1.76433  3.123542E-16
1.76473  3.366746E-16
1.76513  3.568595E-16
1.76554  3.389842E-16
1.76594  3.458885E-16
1.76634  3.399385E-16
1.76674  3.146010E-16
1.76714  3.233956E-16
1.76755  3.339132E-16
1.76795  3.154901E-16
1.76835  3.261749E-16
1.76875  3.246495E-16
1.76916  3.338621E-16
1.76956  3.228481E-16
1.76996  3.263819E-16
1.77036  3.330099E-16
1.77077  3.299630E-16
1.77117  3.389569E-16
1.77157  3.316308E-16
1.77197  3.272228E-16
1.77237  3.267513E-16
1.77278  3.230163E-16
1.77318  3.272644E-16
1.77358  3.231495E-16
1.77398  3.309039E-16
1.77439  3.260405E-16
1.77479  3.163629E-16
1.77519  3.349445E-16
1.77559  3.457708E-16
1.776  3.271613E-16
1.7764  3.360017E-16
1.7768  3.370285E-16
1.7772  3.365449E-16
1.7776  3.297330E-16
1.77801  3.264203E-16
1.77841  3.228870E-16
1.77881  3.380747E-16
1.77921  3.282191E-16
1.77962  3.310906E-16
1.78002  3.409726E-16
1.78042  3.342565E-16
1.78082  3.199317E-16
1.78122  3.188266E-16
1.78163  3.215752E-16
1.78203  3.255147E-16
1.78243  3.239754E-16
1.78283  3.258978E-16
1.78324  3.288781E-16
1.78364  3.356054E-16
1.78404  3.268110E-16
1.78444  3.344721E-16
1.78485  3.357900E-16
1.78525  3.185943E-16
1.78565  3.088107E-16
1.78605  3.320707E-16
1.78646  3.300860E-16
1.78686  3.174674E-16
1.78726  3.276895E-16
1.78766  3.314656E-16
1.78806  3.434315E-16
1.78847  3.169159E-16
1.78887  3.172284E-16
1.78927  3.262293E-16
1.78967  3.295480E-16
1.79008  3.277760E-16
1.79048  3.261974E-16
1.79088  3.258057E-16
1.79128  3.312853E-16
1.79169  3.197794E-16
1.79209  3.263410E-16
1.79249  3.313773E-16
1.79289  3.416312E-16
1.79329  3.430125E-16
1.7937  3.330662E-16
1.7941  3.355486E-16
1.7945  3.232027E-16
1.7949  3.274894E-16
1.79531  3.191431E-16
1.79571  3.197769E-16
1.79611  3.200067E-16
1.79651  3.350012E-16
1.79692  3.198116E-16
1.79732  3.359958E-16
1.79772  3.245981E-16
1.79812  3.219075E-16
1.93338  3.206774E-16
1.93392  3.256218E-16
1.93446  3.308571E-16
1.935  3.227753E-16
1.93554  3.190179E-16
1.93607  3.168457E-16
1.93661  3.262522E-16
1.93715  3.298628E-16
1.93769  3.233937E-16
1.93823  3.238719E-16
1.93877  3.285675E-16
1.93931  3.340956E-16
1.93985  3.305988E-16
1.94039  3.283764E-16
1.94093  3.277192E-16
1.94146  3.292894E-16
1.942  3.288960E-16
1.94254  3.216298E-16
1.94308  3.095464E-16
1.94362  3.136159E-16
1.94416  3.171972E-16
1.9447  3.282208E-16
1.94524  3.349515E-16
1.94577  3.377104E-16
1.94631  3.322209E-16
1.94685  3.349486E-16
1.94739  3.279654E-16
1.94793  3.322240E-16
1.94847  3.314873E-16
1.94901  3.320027E-16
1.94955  3.258027E-16
1.95009  3.267277E-16
1.95062  3.261390E-16
1.95116  3.252202E-16
1.9517  3.218898E-16
1.95224  3.223921E-16
1.95278  3.234711E-16
1.95332  3.249356E-16
1.95386  3.324430E-16
1.9544  3.421193E-16
1.95493  3.306063E-16
1.95547  3.415748E-16
1.95601  3.361802E-16
1.95655  3.503935E-16
1.95709  3.331408E-16
1.95763  3.284045E-16
1.95817  3.381973E-16
1.9587  3.357698E-16
1.95924  3.349536E-16
1.95978  3.303553E-16
1.96032  3.277074E-16
1.96086  3.235901E-16
1.9614  3.215421E-16
1.96194  3.260661E-16
1.96248  3.176162E-16
1.96301  3.275145E-16
1.96355  3.322760E-16
1.96409  3.330309E-16
1.96463  3.290787E-16
1.96517  3.256137E-16
1.96571  3.214463E-16
1.96625  3.228332E-16
1.96678  3.250393E-16
1.96732  3.146544E-16
1.96786  3.220686E-16
1.9684  3.242939E-16
1.96894  3.196112E-16
1.96948  3.113921E-16
1.97002  3.178905E-16
1.97055  3.212107E-16
1.97109  3.248982E-16
1.97163  3.183578E-16
1.97217  3.152351E-16
1.97271  3.168072E-16
1.97325  3.114836E-16
1.97379  3.159077E-16
1.97432  3.136627E-16
1.97486  3.148956E-16
1.9754  3.111722E-16
1.97594  3.139992E-16
1.97648  3.042548E-16
1.97702  3.124527E-16
1.97756  3.160616E-16
1.97809  3.180120E-16
1.97863  3.130741E-16
1.97917  3.155437E-16
1.97971  3.152812E-16
1.98025  3.140275E-16
1.98079  3.167024E-16
1.98132  3.111013E-16
1.98186  3.119699E-16
1.9824  3.065208E-16
1.98294  3.118012E-16
1.98348  3.083496E-16
1.98402  3.097586E-16
1.98455  3.063564E-16
1.98509  3.129842E-16
1.98563  3.089057E-16
1.98617  3.080093E-16
1.98671  3.108059E-16
1.98725  3.154814E-16
1.98779  3.126558E-16
1.98832  3.114635E-16
1.98886  3.103558E-16
1.9894  3.116017E-16
1.98994  3.089110E-16
1.99048  3.139608E-16
1.99102  3.084213E-16
1.99155  3.060366E-16
1.99209  3.091985E-16
1.99263  3.109848E-16
1.99317  3.080275E-16
1.99371  3.109298E-16
1.99425  3.125038E-16
1.99478  3.109573E-16
1.99532  3.102510E-16
1.99586  3.134944E-16
1.9964  3.108561E-16
1.99694  3.131757E-16
1.99747  3.207881E-16
1.99801  3.243745E-16
1.99855  3.229871E-16
1.99909  3.239562E-16
1.99963  3.349394E-16
2.00017  3.297232E-16
2.0007  3.279543E-16
2.00124  3.225762E-16
2.00178  3.538771E-16
2.00232  3.209313E-16
2.00286  3.534938E-16
2.0034  3.464201E-16
2.00393  3.622148E-16
2.00447  3.425192E-16
2.00501  3.417173E-16
2.00555  3.548484E-16
2.00609  3.388247E-16
2.00662  3.336509E-16
2.00716  3.324778E-16
2.0077  3.254818E-16
2.00824  3.366306E-16
2.00878  3.227080E-16
2.00932  3.251260E-16
2.00985  3.266948E-16
2.01039  3.284930E-16
2.01093  3.289831E-16
2.01147  3.275072E-16
2.01201  3.234323E-16
2.01254  3.298972E-16
2.01308  3.271967E-16
2.01362  3.219215E-16
2.01416  3.265229E-16
2.0147  3.280926E-16
2.01523  3.247272E-16
2.01577  3.348925E-16
2.01631  3.262870E-16
2.01685  3.207292E-16
2.01739  3.266535E-16
2.01793  3.295393E-16
2.01846  3.225166E-16
2.019  3.187095E-16
2.01954  3.281542E-16
2.02008  3.137596E-16
2.02062  3.109145E-16
2.02115  3.243093E-16
2.02169  3.156326E-16
2.02223  3.177456E-16
2.02277  3.103316E-16
2.02331  3.159852E-16
2.02384  3.128916E-16
2.02438  3.159283E-16
2.02492  3.133800E-16
2.02546  3.146539E-16
2.026  3.081314E-16
2.02653  3.179392E-16
2.02707  3.116170E-16
2.02761  3.028138E-16
2.02815  3.146870E-16
2.02869  3.108017E-16
2.02922  3.109367E-16
2.02976  3.098533E-16
2.0303  3.072961E-16
2.03084  3.086143E-16
2.03138  3.055298E-16
2.03191  3.084467E-16
2.03245  3.069206E-16
2.03299  3.017185E-16
2.03353  3.036885E-16
2.03406  3.087755E-16
2.0346  3.075282E-16
2.03514  3.117045E-16
2.03568  3.098224E-16
2.03622  3.089091E-16
2.03675  3.058711E-16
2.03729  3.028048E-16
2.03783  3.045626E-16
2.03837  3.061947E-16
2.03891  3.065239E-16
2.03944  3.085995E-16
2.03998  3.090766E-16
2.04052  3.076573E-16
2.04106  3.044815E-16
2.0416  3.091980E-16
2.04213  3.134175E-16
2.04267  3.132387E-16
2.04321  3.078586E-16
2.04375  3.061597E-16
2.04428  3.173126E-16
2.04482  3.136197E-16
2.04536  3.073575E-16
2.0459  3.124683E-16
2.04644  3.099011E-16
2.04697  3.085785E-16
2.04751  3.090676E-16
2.04805  3.078516E-16
2.04859  3.080510E-16
2.04912  3.069939E-16
2.04966  3.061038E-16
2.0502  3.085667E-16
2.05074  3.125165E-16
2.05128  3.054627E-16
2.05181  3.059247E-16
2.05235  3.130483E-16
2.05289  3.128061E-16
2.05343  3.144993E-16
2.05396  3.127241E-16
2.0545  3.124064E-16
2.05504  3.184806E-16
2.05558  3.181107E-16
2.05612  3.184469E-16
2.05665  3.156073E-16
2.05719  3.134245E-16
2.05773  3.140655E-16
2.05827  3.107642E-16
2.0588  3.027389E-16
2.05934  3.074833E-16
2.05988  3.062160E-16
2.06042  3.057726E-16
2.06095  3.075162E-16
2.06149  3.098552E-16
2.06203  3.170318E-16
2.06257  3.175893E-16
2.06311  3.112491E-16
2.06364  3.107605E-16
2.06418  3.140642E-16
2.06472  3.159475E-16
2.06526  3.158150E-16
2.06579  3.130540E-16
2.06633  3.103452E-16
2.06687  3.142414E-16
2.06741  3.122459E-16
2.06794  3.112282E-16
2.06848  3.100263E-16
2.06902  3.098375E-16
2.06956  3.111675E-16
2.07009  3.106538E-16
2.07063  3.113531E-16
2.07117  3.091353E-16
2.07171  3.019303E-16
2.07225  3.023923E-16
2.07278  3.057794E-16
2.07332  3.056187E-16
2.07386  3.062768E-16
2.0744  3.024457E-16
2.07493  3.021321E-16
2.07547  3.031825E-16
2.07601  3.040820E-16
2.07655  3.032122E-16
2.07708  3.034147E-16
2.07762  3.011769E-16
2.07816  2.970602E-16
2.0787  3.015948E-16
2.07923  3.025397E-16
2.07977  3.021617E-16
2.08031  3.007437E-16
2.08085  3.040553E-16
2.08138  3.014594E-16
2.08192  3.028347E-16
2.08246  3.033429E-16
2.083  3.013657E-16
2.08353  3.050906E-16
2.08407  3.022233E-16
2.08461  3.024086E-16
2.08515  3.049737E-16
2.08568  3.060030E-16
2.08622  2.990329E-16
2.08676  3.007863E-16
2.0873  3.012885E-16
2.08783  3.032280E-16
2.08837  3.035542E-16
2.08891  3.012642E-16
2.08945  3.061074E-16
2.08998  3.021076E-16
2.09052  3.015708E-16
2.09106  3.038301E-16
2.0916  3.036876E-16
2.09213  3.004804E-16
2.09267  3.022649E-16
2.09321  3.064704E-16
2.09375  3.047931E-16
2.09428  3.025434E-16
2.09482  3.063365E-16
2.09536  3.034401E-16
2.09589  3.025412E-16
2.09643  3.091113E-16
2.09697  3.066232E-16
2.09751  3.060844E-16
2.09804  3.089984E-16
2.09858  3.062308E-16
2.09912  3.046370E-16
2.09966  3.021872E-16
2.10019  2.982761E-16
2.10073  3.020540E-16
2.10127  3.047930E-16
2.10181  3.021904E-16
2.10234  3.025518E-16
2.10288  3.001272E-16
2.10342  3.024186E-16
2.10396  3.019693E-16
2.10449  2.993949E-16
2.10503  2.971896E-16
2.10557  2.967996E-16
2.1061  2.977906E-16
2.10664  2.959062E-16
2.10718  2.995462E-16
2.10772  2.993736E-16
2.10825  2.990651E-16
2.10879  2.968981E-16
2.10933  2.937022E-16
2.10987  2.947082E-16
2.1104  2.968265E-16
2.11094  2.948547E-16
2.11148  3.019946E-16
2.11202  2.997883E-16
2.11255  2.955114E-16
2.11309  2.943843E-16
2.11363  2.944741E-16
2.11416  2.979863E-16
2.1147  2.973863E-16
2.11524  2.964402E-16
2.11578  2.969313E-16
2.11631  3.034827E-16
2.11685  3.027076E-16
2.11739  2.999584E-16
2.11793  2.954974E-16
2.11846  2.973532E-16
2.119  3.014186E-16
2.11954  3.011403E-16
2.12007  3.024570E-16
2.12061  2.989988E-16
2.12115  3.013514E-16
2.12169  2.982150E-16
2.12222  3.027238E-16
2.12276  2.982187E-16
2.1233  3.000010E-16
2.12383  3.003151E-16
2.12437  2.979441E-16
2.12491  2.970564E-16
2.12545  3.010371E-16
2.12598  3.028667E-16
2.12652  3.006938E-16
2.12706  3.051642E-16
2.12759  3.022984E-16
2.12813  3.070273E-16
2.12867  3.050737E-16
2.12921  3.085273E-16
2.12974  3.077352E-16
2.13028  3.060822E-16
2.13082  3.070751E-16
2.13136  3.084812E-16
2.13189  3.106980E-16
2.13243  3.078554E-16
2.13297  3.108232E-16
2.1335  3.108668E-16
2.13404  3.130161E-16
2.13458  3.130294E-16
2.13512  3.108466E-16
2.13565  3.145666E-16
2.13619  3.185089E-16
2.13673  3.204369E-16
2.13726  3.239156E-16
2.1378  3.221822E-16
2.13834  3.256820E-16
2.13888  3.215492E-16
2.13941  3.170153E-16
2.13995  3.166797E-16
2.14049  3.153245E-16
2.14102  3.093094E-16
2.14156  3.084610E-16
2.1421  3.041795E-16
2.14263  3.017684E-16
2.14317  3.016390E-16
2.14371  3.042046E-16
2.14425  2.960467E-16
2.14478  2.961607E-16
2.14532  2.973436E-16
2.14586  2.959200E-16
2.14639  2.947399E-16
2.14693  2.919960E-16
2.14747  2.939793E-16
2.14801  2.925950E-16
2.14854  2.979479E-16
2.14908  2.963897E-16
2.14962  3.006807E-16
2.15015  2.914401E-16
2.15069  2.965305E-16
2.15123  2.959044E-16
2.15176  2.952551E-16
2.1523  2.964521E-16
2.15284  2.940613E-16
2.15338  2.939560E-16
2.15391  2.970424E-16
2.15445  2.928758E-16
2.15499  2.953960E-16
2.15552  2.969871E-16
2.15606  2.943258E-16
2.1566  2.956957E-16
2.15714  2.994778E-16
2.15767  2.945914E-16
2.15821  2.992805E-16
2.15875  2.956599E-16
2.15928  2.986074E-16
2.15982  2.969416E-16
2.16036  2.975292E-16
2.16089  2.913065E-16
2.16143  2.992715E-16
2.16197  2.961960E-16
2.1625  2.948711E-16
2.16304  2.951520E-16
2.16358  2.946747E-16
2.16412  2.955871E-16
2.16465  2.942130E-16
2.16519  2.984172E-16
2.16573  3.002566E-16
2.16626  2.981112E-16
2.1668  3.024935E-16
2.16734  3.061799E-16
2.16787  2.965991E-16
2.16841  2.990709E-16
2.16895  2.943013E-16
2.16949  2.979314E-16
2.17002  2.978895E-16
2.17056  2.996002E-16
2.1711  2.934642E-16
2.17163  3.031441E-16
2.17217  3.026116E-16
2.17271  3.019524E-16
2.17324  3.039606E-16
2.17378  2.987638E-16
2.17432  3.008585E-16
2.17485  3.030196E-16
2.17539  2.997250E-16
2.17593  3.055781E-16
2.17647  3.048646E-16
2.177  2.979636E-16
2.17754  3.018108E-16
2.17808  3.020444E-16
2.17861  3.060946E-16
2.17915  3.079128E-16
2.17969  3.086531E-16
2.18022  3.093020E-16
2.18076  3.040570E-16
2.1813  3.051865E-16
2.18183  3.082845E-16
2.18237  3.103782E-16
2.18291  3.127322E-16
2.18344  3.094026E-16
2.18398  3.125770E-16
2.18452  3.123300E-16
2.18506  3.105588E-16
2.18559  3.130204E-16
2.18613  3.151230E-16
2.18667  3.143884E-16
2.1872  3.144360E-16
2.18774  3.156338E-16
2.18828  3.084083E-16
2.18881  3.084298E-16
2.18935  3.132731E-16
2.18989  3.094459E-16
2.19042  3.074094E-16
2.19096  3.083528E-16
2.1915  3.095234E-16
2.19203  3.102325E-16
2.19257  3.121954E-16
2.19311  3.097356E-16
2.19364  3.065811E-16
2.19418  3.098750E-16
2.19472  3.087242E-16
2.19526  3.140651E-16
2.19579  3.111870E-16
2.19633  3.038593E-16
2.19687  3.054200E-16
2.1974  3.032780E-16
2.19794  3.071288E-16
2.19848  2.983866E-16
2.19901  3.022677E-16
2.19955  3.072104E-16
2.20009  3.097653E-16
2.20062  3.114165E-16
2.20116  3.015011E-16
2.2017  3.034870E-16
2.20223  3.022197E-16
2.20277  3.053728E-16
2.20331  3.013066E-16
2.20384  3.034161E-16
2.20438  3.004920E-16
2.20492  2.943699E-16
2.20545  2.951424E-16
2.20599  3.019710E-16
2.20653  2.941188E-16
2.20706  2.923015E-16
2.2076  2.945006E-16
2.20814  3.005107E-16
2.20867  2.941394E-16
2.20921  2.997354E-16
2.20975  2.957568E-16
2.21028  2.940250E-16
2.21082  2.963135E-16
2.21136  2.983939E-16
2.21189  2.968763E-16
2.21243  2.925720E-16
2.21297  2.975365E-16
2.2135  2.971830E-16
2.21404  3.003049E-16
2.21458  2.943962E-16
2.21512  2.938296E-16
2.21565  2.977798E-16
2.21619  2.967528E-16
2.21673  2.975161E-16
2.21726  2.922700E-16
2.2178  2.943443E-16
2.21834  2.899536E-16
2.21887  2.895208E-16
2.21941  2.922706E-16
2.21995  2.947440E-16
2.22048  2.943654E-16
2.22102  2.953490E-16
2.22156  2.966512E-16
2.22209  2.932638E-16
2.22263  2.938000E-16
2.22317  2.895643E-16
2.2237  2.936963E-16
2.22424  2.901291E-16
2.22478  2.923541E-16
2.22531  2.979065E-16
2.22585  2.935662E-16
2.22639  2.930148E-16
2.22692  2.952830E-16
2.22746  2.987575E-16
2.228  2.971797E-16
2.22853  2.950741E-16
2.22907  2.978872E-16
2.22961  2.943432E-16
2.23014  2.941214E-16
2.23068  2.969144E-16
2.23122  2.935503E-16
2.23175  2.972519E-16
2.23229  2.956027E-16
2.23283  2.930197E-16
2.23336  3.023003E-16
2.2339  3.010030E-16
2.23444  2.926692E-16
2.23497  2.996065E-16
2.23551  2.952976E-16
2.23605  2.938495E-16
2.23658  3.002350E-16
2.23712  2.980320E-16
2.23766  2.954440E-16
2.23819  2.958917E-16
2.23873  2.889181E-16
2.23927  3.005195E-16
2.2398  2.994353E-16
2.24034  2.892350E-16
2.24088  2.954314E-16
2.24141  2.939281E-16
2.24195  2.959459E-16
2.24248  3.000455E-16
2.24302  2.952381E-16
2.24356  2.951309E-16
2.24409  2.932617E-16
2.24463  3.029078E-16
2.24517  2.945080E-16
2.2457  2.995684E-16
2.24624  2.994603E-16
2.24678  3.043418E-16
2.24731  3.018434E-16
2.24785  3.024599E-16
2.24839  3.001334E-16
2.24892  3.028809E-16
2.24946  3.006870E-16
2.25  3.062751E-16
2.25053  3.067429E-16
2.25107  2.977352E-16
2.25161  3.062793E-16
2.25214  3.014259E-16
2.25268  3.049252E-16
2.25322  3.088477E-16
2.25375  3.026061E-16
2.25429  3.053185E-16
2.25483  3.082378E-16
2.25536  3.106344E-16
2.2559  3.086135E-16
2.25644  3.100100E-16
2.25697  3.096295E-16
2.25751  3.095474E-16
2.25805  3.122205E-16
2.25858  3.109052E-16
2.25912  3.116071E-16
2.25966  3.154129E-16
2.26019  3.125156E-16
2.26073  3.135361E-16
2.26127  3.097914E-16
2.2618  3.132716E-16
2.26234  3.088655E-16
2.26288  3.173300E-16
2.26341  3.105891E-16
2.26395  3.126470E-16
2.26448  3.101236E-16
2.26502  3.057015E-16
2.26556  3.048556E-16
2.26609  3.036379E-16
2.26663  3.033498E-16
2.26717  3.083617E-16
2.2677  3.049658E-16
2.26824  3.043793E-16
2.26878  3.034188E-16
2.26931  3.010352E-16
2.26985  2.950554E-16
2.27039  3.069328E-16
2.27092  3.028064E-16
2.27146  3.006640E-16
2.272  2.988100E-16
2.27253  3.059385E-16
2.27307  2.986270E-16
2.27361  3.010537E-16
2.27414  2.959866E-16
2.27468  2.966242E-16
2.27522  3.011715E-16
2.27575  2.969788E-16
2.27629  2.983743E-16
2.27682  2.917162E-16
2.27736  2.957168E-16
2.2779  2.944107E-16
2.27843  2.942925E-16
2.27897  2.914044E-16
2.27951  2.921124E-16
2.28004  2.938948E-16
2.28058  2.995678E-16
2.28112  2.929319E-16
2.28165  2.921514E-16
2.28219  2.898965E-16
2.28273  2.959383E-16
2.28326  2.977790E-16
2.2838  2.938738E-16
2.28434  2.935567E-16
2.28487  2.922446E-16
2.28541  2.930209E-16
2.28595  2.860043E-16
2.28648  2.936127E-16
2.28702  2.915660E-16
2.28755  2.872197E-16
2.28809  2.896875E-16
2.28863  2.864870E-16
2.28916  2.873648E-16
2.2897  2.949320E-16
2.29024  2.935897E-16
2.29077  2.935651E-16
2.29131  2.963012E-16
2.29185  2.909209E-16
2.29238  2.903474E-16
2.29292  2.905117E-16
2.29346  2.946518E-16
2.29399  2.918694E-16
2.29453  2.894388E-16
2.29507  2.910723E-16
2.2956  2.915220E-16
2.29614  2.940380E-16
2.29667  2.896567E-16
2.29721  2.942590E-16
2.29775  2.874235E-16
2.29828  2.931434E-16
2.29882  2.981918E-16
2.29936  2.967803E-16
2.29989  2.924020E-16
2.30043  2.967671E-16
2.30097  2.909608E-16
2.3015  2.902478E-16
2.30204  2.914230E-16
2.30258  2.941399E-16
2.30311  2.940901E-16
2.30365  2.892004E-16
2.30419  2.904621E-16
2.30472  2.916334E-16
2.30526  2.911575E-16
2.30579  2.923488E-16
2.30633  2.937050E-16
2.30687  2.854357E-16
2.3074  2.936406E-16
2.30794  2.969986E-16
2.30848  2.891253E-16
2.30901  2.911286E-16
2.30955  2.915994E-16
2.31009  2.913245E-16
2.31062  2.856551E-16
2.31116  2.877770E-16
2.3117  2.874780E-16
2.31223  2.867007E-16
2.31277  2.897119E-16
2.31331  2.886100E-16
2.31384  2.847425E-16
2.31438  2.941099E-16
2.31491  2.993762E-16
2.31545  2.885646E-16
2.31599  2.871170E-16
2.31652  2.939027E-16
2.31706  2.983520E-16
2.3176  2.947628E-16
2.31813  2.959763E-16
2.31867  2.978429E-16
2.31921  2.953793E-16
2.31974  2.919128E-16
2.32028  2.982291E-16
2.32082  2.894276E-16
2.32135  2.929302E-16
2.32189  2.875173E-16
2.32242  2.912338E-16
2.32296  2.950710E-16
2.3235  2.977898E-16
2.32403  2.959693E-16
2.32457  2.965848E-16
2.32511  2.971159E-16
2.32564  2.910478E-16
2.32618  2.960084E-16
2.32672  2.945016E-16
2.32725  2.989376E-16
2.32779  2.936172E-16
2.32833  2.989063E-16
2.32886  3.014381E-16
2.3294  3.001352E-16
2.32993  2.931357E-16
2.33047  2.886384E-16
2.33101  2.904627E-16
2.33154  2.947198E-16
2.33208  3.000923E-16
2.33262  2.889408E-16
2.33315  2.899974E-16
2.33369  2.942866E-16
2.33423  2.964043E-16
2.33476  3.005750E-16
2.3353  2.929817E-16
2.33584  2.995570E-16
2.33637  2.938871E-16
2.33691  2.981943E-16
2.33744  2.930952E-16
2.33798  2.986495E-16
2.33852  2.931575E-16
2.33905  2.990785E-16
2.33959  2.953781E-16
2.34013  3.015654E-16
2.34066  3.028199E-16
2.3412  2.959423E-16
2.34174  2.964391E-16
2.34227  2.978464E-16
2.34281  2.972178E-16
2.34335  2.975660E-16
2.34388  2.979855E-16
2.34442  2.926955E-16
2.34495  3.015123E-16
2.34549  2.978673E-16
2.34603  2.993409E-16
2.34656  3.007411E-16
2.3471  3.025462E-16
2.34764  3.042609E-16
2.34817  3.085710E-16
2.34871  3.065266E-16
2.34925  3.022376E-16
2.34978  3.031524E-16
2.35032  3.009172E-16
2.35086  3.098202E-16
2.35139  3.083969E-16
2.35193  3.130064E-16
2.35246  3.072393E-16
2.353  3.084606E-16
2.35354  3.057330E-16
2.35407  2.977554E-16
2.35461  3.059912E-16
2.35515  3.064177E-16
2.35568  3.095601E-16
2.35622  3.020076E-16
2.35676  3.097268E-16
2.35729  3.086633E-16
2.35783  3.099267E-16
2.35836  3.109681E-16
2.3589  3.104702E-16
2.35944  3.150404E-16
2.35997  3.088705E-16
2.36051  3.099350E-16
2.36105  3.127077E-16
2.36158  3.069036E-16
2.36212  3.119611E-16
2.36266  3.091612E-16
2.36319  3.124001E-16
2.36373  3.127622E-16
2.36427  3.152937E-16
2.3648  3.193001E-16
2.36534  3.087687E-16
2.36587  3.145646E-16
2.36641  3.051797E-16
2.36695  3.212813E-16
2.36748  3.116612E-16
2.36802  3.177797E-16
2.36856  3.103038E-16
2.36909  3.083420E-16
2.36963  3.078431E-16
2.37017  3.214598E-16
2.3707  3.230799E-16
2.37124  3.204680E-16
2.37178  3.165993E-16
2.37231  3.155287E-16
2.37285  3.093149E-16
2.37338  3.063373E-16
2.37392  3.064101E-16
2.37446  2.975540E-16
2.37499  3.072219E-16
2.37553  3.084341E-16
2.37607  3.009363E-16
2.3766  3.018441E-16
2.37714  3.103515E-16
2.37768  3.067009E-16
2.37821  2.987591E-16
2.37875  2.943107E-16
2.37928  3.001998E-16
2.37982  3.002545E-16
2.38036  2.988364E-16
2.38089  2.983958E-16
2.38143  2.997275E-16
2.38197  2.991423E-16
2.3825  2.933196E-16
2.38304  3.020468E-16
2.38358  3.055728E-16
2.38411  3.114649E-16
2.38465  3.098849E-16
2.38519  3.019202E-16
2.38572  3.054342E-16
2.38626  3.090897E-16
2.38679  3.075881E-16
2.38733  3.096553E-16
2.38787  3.157110E-16
2.3884  3.040391E-16
2.38894  3.015248E-16
2.38948  3.070159E-16
2.39001  3.017489E-16
2.39055  3.013114E-16
2.39109  3.000339E-16
2.39162  3.084826E-16
2.39216  3.005965E-16
2.3927  2.976704E-16
2.39323  2.991347E-16
2.39377  3.033538E-16
2.3943  3.062477E-16
2.39484  3.106627E-16
2.39538  2.992733E-16
2.39591  3.018066E-16
2.39645  3.022913E-16
2.39699  3.059639E-16
2.39752  3.040414E-16
2.39806  3.062431E-16
2.3986  3.104079E-16
2.39913  3.093826E-16
2.39967  3.052570E-16
2.40021  3.046517E-16
2.40074  3.123980E-16
2.40128  3.073893E-16
2.40181  3.076470E-16
2.40235  3.129661E-16
2.40289  3.109744E-16
2.40342  3.075792E-16
2.40396  3.090525E-16
2.4045  3.110431E-16
2.40503  3.072823E-16
2.40557  3.118699E-16
2.40611  3.096180E-16
2.40664  3.138661E-16
2.40718  3.262274E-16
2.40772  3.201088E-16
2.40825  3.160255E-16
2.40879  3.248857E-16
2.40932  3.175043E-16
2.40986  3.200504E-16
2.4104  3.205542E-16
2.41093  3.317159E-16
2.41147  3.225724E-16
2.41201  3.279154E-16
2.41254  3.259056E-16
2.41308  3.379965E-16
2.41362  3.244730E-16
2.41415  3.303283E-16
2.41469  3.380843E-16
2.41523  3.305603E-16
2.41576  3.423869E-16
2.4163  3.459918E-16
2.41683  3.391580E-16
2.41737  3.378264E-16
2.41791  3.478596E-16
2.41844  3.494383E-16
2.41898  3.591541E-16
2.41952  3.664337E-16
2.42005  3.517461E-16
2.42059  3.501533E-16
2.42113  3.526732E-16
2.42166  3.580160E-16
2.4222  3.645241E-16
2.42274  3.600581E-16
2.42327  3.691711E-16
2.42381  3.648056E-16
2.42435  3.815401E-16
2.42488  3.849249E-16
2.42542  3.813892E-16
2.42595  3.889620E-16
