0.806878  1.983830E-15
0.80708  1.855950E-15
0.807281  2.016380E-15
0.807483  1.858890E-15
0.807685  2.207970E-15
0.807887  2.221280E-15
0.808089  1.768640E-15
0.80829  1.848740E-15
0.808492  1.948980E-15
0.808694  1.915340E-15
0.808895  2.016810E-15
0.809097  2.047550E-15
0.809299  2.201180E-15
0.809501  2.094160E-15
0.809702  1.941310E-15
0.809904  2.122020E-15
0.810106  1.938480E-15
0.810308  2.151620E-15
0.810409  2.162560E-15
0.810643  1.997300E-15
0.810877  2.038400E-15
0.811111  1.970510E-15
0.811345  2.105320E-15
0.811579  2.021580E-15
0.811813  2.078600E-15
0.812047  2.099920E-15
0.81228  2.218970E-15
0.812514  2.314110E-15
0.812748  2.173250E-15
0.812982  2.272530E-15
0.813216  2.189280E-15
0.81345  2.306780E-15
0.813684  2.199870E-15
0.813918  2.314790E-15
0.814151  2.126670E-15
0.814385  2.171540E-15
0.814619  2.241150E-15
0.814853  2.249420E-15
0.815087  2.208300E-15
0.81532  2.179130E-15
0.815554  2.176420E-15
0.815788  2.122350E-15
0.816022  2.236580E-15
0.816255  2.166190E-15
0.816489  2.279120E-15
0.816723  2.166730E-15
0.816957  2.260610E-15
0.81719  2.194540E-15
0.817424  2.106440E-15
0.817658  2.173210E-15
0.817891  2.151840E-15
0.818125  2.062690E-15
0.818359  2.050280E-15
0.818592  2.059370E-15
0.818826  2.220750E-15
0.819059  2.150180E-15
0.819293  2.306960E-15
0.819527  1.966570E-15
0.81976  2.216130E-15
0.819994  2.204100E-15
0.820227  2.244440E-15
0.820461  2.116000E-15
0.820694  2.190930E-15
0.820928  2.124890E-15
0.821161  2.132190E-15
0.821395  2.017310E-15
0.821628  2.070100E-15
0.821862  1.913500E-15
0.822095  1.954660E-15
0.822329  2.056960E-15
0.822562  1.941070E-15
0.822796  1.860350E-15
0.823029  1.951970E-15
0.823263  2.112560E-15
0.823496  2.099140E-15
0.823729  2.190600E-15
0.823963  2.125080E-15
0.824196  2.025810E-15
0.82443  2.144510E-15
0.824663  2.027760E-15
0.824896  2.166600E-15
0.82513  2.196780E-15
0.825363  2.155270E-15
0.825596  2.019660E-15
0.82583  2.137540E-15
0.826063  2.042790E-15
0.826296  2.050100E-15
0.82653  2.206540E-15
0.826763  2.284660E-15
0.826996  2.239570E-15
0.827229  2.196110E-15
0.827463  2.157930E-15
0.827696  2.282520E-15
0.827929  2.135900E-15
0.828162  2.228050E-15
0.828395  2.248650E-15
0.828629  2.325620E-15
0.828862  2.009500E-15
0.829095  2.152380E-15
0.829328  2.068290E-15
0.829561  2.117870E-15
0.829795  2.103230E-15
0.830028  2.062660E-15
0.830261  1.988300E-15
0.830494  1.987730E-15
0.830727  1.986750E-15
0.83096  2.131370E-15
0.831193  2.104690E-15
0.831426  2.020340E-15
0.831659  2.084610E-15
0.831892  2.143100E-15
0.832126  2.229930E-15
0.832359  2.060300E-15
0.832592  2.161460E-15
0.832825  2.206160E-15
0.833058  2.200900E-15
0.833291  2.075700E-15
0.833524  2.013990E-15
0.833757  2.106930E-15
0.83399  2.207130E-15
0.834223  2.053190E-15
0.834456  2.117940E-15
0.834689  2.100620E-15
0.834921  2.133400E-15
0.835154  2.021310E-15
0.835387  2.200330E-15
0.83562  2.204030E-15
0.835853  2.105570E-15
0.836086  2.045700E-15
0.836319  2.112850E-15
0.836552  2.217720E-15
0.836785  1.977070E-15
0.837018  2.142140E-15
0.83725  2.068400E-15
0.837483  2.088830E-15
0.837716  1.941950E-15
0.837949  2.133800E-15
0.838182  2.113530E-15
0.838415  2.144580E-15
0.838647  2.199870E-15
0.83888  2.112160E-15
0.839113  2.070050E-15
0.839346  2.009470E-15
0.839579  2.054100E-15
0.839811  2.083010E-15
0.840044  2.160810E-15
0.840277  2.226230E-15
0.84051  1.930910E-15
0.840742  2.107150E-15
0.840975  2.077080E-15
0.841208  2.069390E-15
0.84144  2.157790E-15
0.841673  2.148390E-15
0.841906  2.106560E-15
0.842138  2.158100E-15
0.842371  2.003370E-15
0.842604  2.143630E-15
0.842836  2.165630E-15
0.843069  2.203900E-15
0.843302  2.251610E-15
0.843534  2.290650E-15
0.843767  2.059750E-15
0.843999  2.149860E-15
0.844232  2.151670E-15
0.844465  2.237750E-15
0.844697  2.106140E-15
0.84493  2.197540E-15
0.845162  2.143500E-15
0.845395  2.091530E-15
0.845627  2.100290E-15
0.84586  2.009990E-15
0.846092  1.950840E-15
0.846325  1.960010E-15
0.846557  1.936190E-15
0.84679  2.108510E-15
0.847022  2.110710E-15
0.847255  2.115530E-15
0.847487  2.141740E-15
0.84772  1.978470E-15
0.847952  2.073660E-15
0.848185  2.073750E-15
0.848417  2.031570E-15
0.84865  2.122210E-15
0.848882  2.095750E-15
0.849115  2.102730E-15
0.849347  2.082930E-15
0.849579  2.101010E-15
0.849812  2.212700E-15
0.850044  2.116700E-15
0.850277  1.913170E-15
0.850509  2.033180E-15
0.850741  1.997090E-15
0.850974  2.190130E-15
0.851206  2.145080E-15
0.851438  2.085040E-15
0.851671  2.111340E-15
0.851903  2.135380E-15
0.852135  2.195310E-15
0.852368  2.268010E-15
0.8526  2.232070E-15
0.852832  2.271160E-15
0.853064  2.186850E-15
0.853297  2.159260E-15
0.853529  2.235970E-15
0.853761  2.174920E-15
0.853994  2.085460E-15
0.854226  2.187280E-15
0.854458  2.119270E-15
0.85469  2.007250E-15
0.854923  2.088630E-15
0.855155  2.245670E-15
0.855387  2.131210E-15
0.855619  2.150670E-15
0.855851  2.280350E-15
0.856084  2.188180E-15
0.856316  2.164850E-15
0.856548  2.105800E-15
0.85678  2.193210E-15
0.857012  2.116920E-15
0.857244  2.270490E-15
0.857476  2.162600E-15
0.857709  2.169560E-15
0.857941  2.181480E-15
0.858173  2.116150E-15
0.858405  2.159280E-15
0.858637  2.277010E-15
0.858869  2.147500E-15
0.859101  2.064020E-15
0.859333  2.058040E-15
0.859565  2.067120E-15
0.859797  2.101650E-15
0.86003  2.249690E-15
0.860262  2.077330E-15
0.860494  2.095950E-15
0.860726  2.153980E-15
0.860958  2.131550E-15
0.86119  2.118250E-15
0.861422  2.079250E-15
0.861654  2.111070E-15
0.861886  1.978290E-15
0.862118  2.112260E-15
0.86235  2.113450E-15
0.862582  2.057380E-15
0.862814  2.046080E-15
0.863046  2.060900E-15
0.863278  2.045910E-15
0.86351  1.999780E-15
0.863742  2.127150E-15
0.863973  1.942280E-15
0.864205  1.965170E-15
0.864437  2.032940E-15
0.864669  2.121540E-15
0.864901  2.005090E-15
0.865133  2.136190E-15
0.865365  2.076010E-15
0.865597  2.101260E-15
0.865829  2.081810E-15
0.866061  2.100390E-15
0.866293  2.105120E-15
0.866524  1.987990E-15
0.866756  2.195750E-15
0.866988  2.126000E-15
0.86722  2.143020E-15
0.867452  2.137890E-15
0.867684  2.158470E-15
0.867915  2.217280E-15
0.868147  2.256840E-15
0.868379  2.143950E-15
0.868611  2.186940E-15
0.868843  2.090320E-15
0.869074  2.056730E-15
0.869306  2.252630E-15
0.869538  2.043230E-15
0.86977  2.002670E-15
0.870002  2.204340E-15
0.870233  2.116610E-15
0.870465  2.137890E-15
0.870697  2.013100E-15
0.870929  2.040240E-15
0.87116  2.251460E-15
0.871392  2.198050E-15
0.871624  2.276490E-15
0.871855  2.223570E-15
0.872087  2.375220E-15
0.872319  2.458790E-15
0.872551  2.409720E-15
0.872782  2.476270E-15
0.873014  2.623370E-15
0.873246  2.525620E-15
0.873477  2.551910E-15
0.873709  2.678080E-15
0.873941  2.684810E-15
0.874172  2.813790E-15
0.874404  2.820800E-15
0.874636  2.926630E-15
0.874867  2.934940E-15
0.875099  2.943840E-15
0.875331  2.804460E-15
0.875562  2.786870E-15
0.875794  2.851230E-15
0.876025  2.693710E-15
0.876257  2.715770E-15
0.876489  2.631140E-15
0.87672  2.589770E-15
0.876952  2.637650E-15
0.877183  2.499500E-15
0.877415  2.302280E-15
0.877646  2.355550E-15
0.877878  2.256010E-15
0.87811  2.338870E-15
0.878341  2.294820E-15
0.878573  2.345730E-15
0.878804  2.093670E-15
0.879036  2.214560E-15
0.879267  2.149810E-15
0.879499  2.153120E-15
0.87973  2.079940E-15
0.879962  1.979150E-15
0.880193  2.105540E-15
0.880425  2.230250E-15
0.880656  2.112950E-15
0.880888  2.118100E-15
0.881119  2.052180E-15
0.881351  1.963180E-15
0.881582  1.915520E-15
0.881814  2.006180E-15
0.882045  2.070010E-15
0.882276  2.085540E-15
0.882508  1.992330E-15
0.882739  2.018000E-15
0.882971  2.046140E-15
0.883202  1.981570E-15
0.883434  2.117250E-15
0.883665  2.007510E-15
0.883896  2.015470E-15
0.884128  1.955790E-15
0.884359  1.842890E-15
0.884591  1.829500E-15
0.884822  1.882160E-15
0.885053  1.789840E-15
0.885285  2.000810E-15
0.885516  1.867650E-15
0.885748  2.029670E-15
0.885979  1.957260E-15
0.88621  1.929600E-15
0.886442  1.842200E-15
0.886673  2.031650E-15
0.886904  2.046040E-15
0.887136  2.068260E-15
0.887367  1.961580E-15
0.887598  1.883960E-15
0.88783  1.890310E-15
0.888061  1.891950E-15
0.888292  2.005760E-15
0.888524  2.021090E-15
0.888755  1.941590E-15
0.888986  1.937300E-15
0.889217  1.892590E-15
0.889449  1.873460E-15
0.88968  1.935860E-15
0.889911  1.971560E-15
0.890143  1.849110E-15
0.890374  1.877750E-15
0.890605  1.885680E-15
0.890836  1.876830E-15
0.891068  1.865860E-15
0.891299  1.942320E-15
0.89153  1.820280E-15
0.891761  1.994820E-15
0.891993  1.967400E-15
0.892224  1.851420E-15
0.892455  2.069860E-15
0.892686  1.896160E-15
0.892918  1.817340E-15
0.893149  1.941770E-15
0.89338  1.962420E-15
0.893611  1.973160E-15
0.893842  1.879790E-15
0.894073  1.858220E-15
0.894305  1.705660E-15
0.894536  1.909240E-15
0.894767  1.887050E-15
0.894998  1.753450E-15
0.895229  1.923470E-15
0.895461  1.953150E-15
0.895692  1.824920E-15
0.895923  1.745960E-15
0.896154  1.890280E-15
0.896385  1.833740E-15
0.896616  1.801390E-15
0.896847  1.827280E-15
0.897079  1.929810E-15
0.89731  1.992810E-15
0.897541  1.991500E-15
0.897772  1.960650E-15
0.898003  2.170750E-15
0.898234  1.979560E-15
0.898465  2.014870E-15
0.898696  2.002260E-15
0.898928  1.708710E-15
0.899159  1.869540E-15
0.89939  1.958290E-15
0.899621  1.861790E-15
0.899852  1.827670E-15
0.900083  1.902990E-15
0.900314  1.824350E-15
0.900545  1.734960E-15
0.900776  1.765910E-15
0.901007  1.636730E-15
0.901238  1.719470E-15
0.901469  1.835770E-15
0.9017  1.770630E-15
0.901931  1.822060E-15
0.902162  1.798690E-15
0.902394  2.046940E-15
0.902625  1.882860E-15
0.902856  2.079480E-15
0.903087  2.129250E-15
0.903318  2.061290E-15
0.903549  2.027230E-15
0.90378  1.905940E-15
0.904011  1.936190E-15
0.904242  2.012300E-15
0.904473  1.943220E-15
0.904704  1.991530E-15
0.904935  1.893830E-15
0.905166  1.909120E-15
0.905397  2.063390E-15
0.905628  2.006920E-15
0.905859  1.876830E-15
0.90609  1.982550E-15
0.906321  1.900360E-15
0.906552  1.852760E-15
0.906783  1.879330E-15
0.907013  1.785010E-15
0.907244  1.877420E-15
0.907475  1.850230E-15
0.907706  1.957690E-15
0.907937  1.987740E-15
0.908168  1.931020E-15
0.908399  1.847710E-15
0.90863  1.778640E-15
0.908861  1.793840E-15
0.909092  1.868850E-15
0.909323  1.798750E-15
0.909554  1.703260E-15
0.909785  1.913600E-15
0.910016  1.890800E-15
0.910247  1.842190E-15
0.910478  1.744240E-15
0.910708  1.819500E-15
0.910939  1.761030E-15
0.91117  1.849380E-15
0.911401  1.771720E-15
0.911632  1.808180E-15
0.911863  1.775400E-15
0.912094  1.733020E-15
0.912325  1.780280E-15
0.912556  1.704780E-15
0.912786  1.752620E-15
0.913017  1.704800E-15
0.913248  1.711010E-15
0.913479  1.707430E-15
0.91371  1.737060E-15
0.913941  1.736670E-15
0.914172  1.728060E-15
0.914402  1.683600E-15
0.914633  1.845470E-15
0.914864  1.808040E-15
0.915095  1.783960E-15
0.915326  1.808200E-15
0.915557  1.850800E-15
0.915788  1.810560E-15
0.916018  1.914790E-15
0.916249  1.882000E-15
0.91648  1.826600E-15
0.916711  1.932360E-15
0.916942  1.880690E-15
0.917173  1.909280E-15
0.917403  1.992250E-15
0.917634  1.976500E-15
0.917865  1.963080E-15
0.918096  2.019370E-15
0.918327  1.935600E-15
0.918557  1.944980E-15
0.918788  1.986230E-15
0.919019  1.970130E-15
0.91925  1.953890E-15
0.919481  1.883430E-15
0.919711  1.910330E-15
0.919942  1.891540E-15
0.920173  1.909660E-15
0.920404  1.805670E-15
0.920635  1.907340E-15
0.920865  1.805110E-15
0.921096  1.884660E-15
0.921327  1.917230E-15
0.921558  1.874170E-15
0.921788  1.876670E-15
0.922019  1.794960E-15
0.92225  1.833120E-15
0.922481  1.700000E-15
0.922712  1.893880E-15
0.922942  1.808470E-15
0.923173  1.833450E-15
0.923404  1.717810E-15
0.923635  1.617930E-15
0.923865  1.639760E-15
0.924096  1.884130E-15
0.924327  1.672030E-15
0.924558  1.694740E-15
0.924788  1.633760E-15
0.925019  1.690470E-15
0.92525  1.625810E-15
0.92548  1.762640E-15
0.925711  1.803290E-15
0.925942  1.690270E-15
0.926173  1.627230E-15
0.926403  1.725990E-15
0.926634  1.660090E-15
0.926865  1.689380E-15
0.927096  1.622580E-15
0.927326  1.695640E-15
0.927557  1.771820E-15
0.927788  1.670030E-15
0.928018  1.636150E-15
0.928249  1.731990E-15
0.92848  1.606560E-15
0.928711  1.723900E-15
0.928941  1.613770E-15
0.929172  1.704290E-15
0.929403  1.708960E-15
0.929633  1.923520E-15
0.929864  1.773470E-15
0.930095  1.559210E-15
0.930325  1.691350E-15
0.930556  1.723470E-15
0.930787  1.735060E-15
0.931017  1.725400E-15
0.931248  1.729830E-15
0.931479  1.689260E-15
0.93171  1.904370E-15
0.93194  1.938710E-15
0.932171  1.604670E-15
0.932402  1.870330E-15
0.932632  1.811930E-15
0.932863  1.861220E-15
0.933094  2.048910E-15
0.933324  1.743640E-15
0.933555  1.935760E-15
0.933786  1.873870E-15
0.934016  1.978180E-15
0.934247  1.745240E-15
0.934478  1.981580E-15
0.934708  1.996230E-15
0.934939  1.996770E-15
0.93517  1.886700E-15
0.9354  1.876110E-15
0.935631  1.802230E-15
0.935862  1.886640E-15
0.936092  1.720700E-15
0.936323  1.807240E-15
0.936553  1.871870E-15
0.936784  1.744070E-15
0.937015  1.665190E-15
0.937245  1.583390E-15
0.937476  1.829990E-15
0.937707  1.731950E-15
0.937937  1.980820E-15
0.938168  2.036430E-15
0.938399  1.997760E-15
0.938629  2.118970E-15
0.93886  2.115800E-15
0.939091  2.449980E-15
0.939135  2.368420E-15
0.939406  2.070660E-15
0.939678  1.927180E-15
0.939949  1.870440E-15
0.94022  1.768570E-15
0.940491  1.749560E-15
0.940762  1.722450E-15
0.941033  1.721060E-15
0.941304  1.812000E-15
0.941575  1.728660E-15
0.941846  1.634570E-15
0.942117  1.701010E-15
0.942388  1.609030E-15
0.942659  1.700070E-15
0.94293  1.666220E-15
0.943201  1.711390E-15
0.943472  1.785550E-15
0.943743  1.730450E-15
0.944014  1.763440E-15
0.944285  1.694160E-15
0.944556  1.704860E-15
0.944827  1.687000E-15
0.945098  1.842020E-15
0.945369  1.742010E-15
0.94564  1.777590E-15
0.945911  1.704790E-15
0.946182  1.592290E-15
0.946453  1.609890E-15
0.946724  1.643930E-15
0.946995  1.625140E-15
0.947266  1.647790E-15
0.947536  1.607540E-15
0.947807  1.650960E-15
0.948078  1.671590E-15
0.948349  1.613700E-15
0.94862  1.759450E-15
0.948891  1.736440E-15
0.949162  1.783010E-15
0.949433  1.690360E-15
0.949704  1.706960E-15
0.949975  1.747420E-15
0.950245  1.730910E-15
0.950516  1.855910E-15
0.950787  1.858680E-15
0.951058  1.852560E-15
0.951329  1.843320E-15
0.9516  1.927830E-15
0.951871  1.757630E-15
0.952141  1.896300E-15
0.952412  1.942930E-15
0.952683  1.848800E-15
0.952954  1.950250E-15
0.953225  1.926400E-15
0.953495  2.034620E-15
0.953766  1.997710E-15
0.954037  2.004470E-15
0.954308  2.041840E-15
0.954579  2.075130E-15
0.954849  2.130150E-15
0.95512  2.177520E-15
0.955391  2.094640E-15
0.955662  2.192240E-15
0.955932  2.211060E-15
0.956203  2.094260E-15
0.956474  2.108780E-15
0.956745  2.073560E-15
0.957016  1.996970E-15
0.957286  2.014190E-15
0.957557  1.916460E-15
0.957828  1.964000E-15
0.958098  1.981130E-15
0.958369  1.921250E-15
0.95864  1.824260E-15
0.958911  1.792820E-15
0.959181  1.786690E-15
0.959452  1.814420E-15
0.959723  1.887360E-15
0.959993  1.761170E-15
0.960264  1.799020E-15
0.960535  1.709690E-15
0.960805  1.737180E-15
0.961076  1.638680E-15
0.961347  1.655620E-15
0.961617  1.686940E-15
0.961888  1.713740E-15
0.962159  1.617760E-15
0.962429  1.642290E-15
0.9627  1.674920E-15
0.962971  1.656300E-15
0.963241  1.607090E-15
0.963512  1.589100E-15
0.963782  1.637910E-15
0.964053  1.566310E-15
0.964324  1.561570E-15
0.964594  1.606790E-15
0.964865  1.560140E-15
0.965135  1.564370E-15
0.965406  1.446490E-15
0.965677  1.541600E-15
0.965947  1.539770E-15
0.966218  1.583520E-15
0.966488  1.609550E-15
0.966759  1.480910E-15
0.967029  1.589210E-15
0.9673  1.522000E-15
0.967571  1.593380E-15
0.967841  1.587120E-15
0.968112  1.542120E-15
0.968382  1.490380E-15
0.968653  1.533220E-15
0.968923  1.517420E-15
0.969194  1.590920E-15
0.969464  1.572580E-15
0.969735  1.516470E-15
0.970005  1.538630E-15
0.970276  1.559310E-15
0.970546  1.565390E-15
0.970817  1.508330E-15
0.971087  1.517930E-15
0.971358  1.565760E-15
0.971628  1.590490E-15
0.971899  1.503410E-15
0.972169  1.511730E-15
0.97244  1.544490E-15
0.97271  1.530860E-15
0.972981  1.516100E-15
0.973251  1.545960E-15
0.973521  1.494530E-15
0.973792  1.531420E-15
0.974062  1.541640E-15
0.974333  1.502670E-15
0.974603  1.604600E-15
0.974874  1.537000E-15
0.975144  1.535330E-15
0.975414  1.509280E-15
0.975685  1.513440E-15
0.975955  1.501040E-15
0.976226  1.507970E-15
0.976496  1.520030E-15
0.976766  1.488250E-15
0.977037  1.566440E-15
0.977307  1.489180E-15
0.977578  1.497050E-15
0.977848  1.521100E-15
0.978118  1.450200E-15
0.978389  1.409190E-15
0.978659  1.474120E-15
0.978929  1.562910E-15
0.9792  1.486220E-15
0.97947  1.512390E-15
0.97974  1.529680E-15
0.980011  1.548740E-15
0.980281  1.560560E-15
0.980551  1.562290E-15
0.980822  1.433190E-15
0.981092  1.554640E-15
0.981362  1.539890E-15
0.981633  1.616270E-15
0.981903  1.654060E-15
0.982173  1.577010E-15
0.982444  1.557860E-15
0.982714  1.623490E-15
0.982984  1.627190E-15
0.983254  1.678620E-15
0.983525  1.582040E-15
0.983795  1.718770E-15
0.984065  1.684420E-15
0.984335  1.737690E-15
0.984606  1.728420E-15
0.984876  1.781430E-15
0.985146  1.797330E-15
0.985416  1.924340E-15
0.985687  2.064950E-15
0.985957  2.465120E-15
0.986227  2.862140E-15
0.986497  3.041470E-15
0.986768  3.087260E-15
0.987038  2.988030E-15
0.987308  2.754110E-15
0.987578  2.457570E-15
0.987849  2.287290E-15
0.988119  2.243020E-15
0.988389  2.254260E-15
0.988659  2.182510E-15
0.988929  2.193190E-15
0.989199  2.156440E-15
0.98947  2.048100E-15
0.98974  2.044800E-15
0.99001  2.081550E-15
0.99028  2.084950E-15
0.99055  1.931650E-15
0.99082  2.004610E-15
0.991091  1.899440E-15
0.991361  1.959870E-15
0.991631  1.921100E-15
0.991901  1.797250E-15
0.992171  1.809280E-15
0.992441  1.799880E-15
0.992711  1.734410E-15
0.992982  1.754200E-15
0.993252  1.719150E-15
0.993522  1.757180E-15
0.993792  1.702840E-15
0.994062  1.683480E-15
0.994332  1.685040E-15
0.994602  1.695570E-15
0.994872  1.701930E-15
0.995142  1.661820E-15
0.995412  1.667060E-15
0.995683  1.623890E-15
0.995953  1.638680E-15
0.996223  1.666270E-15
0.996493  1.626960E-15
0.996763  1.591340E-15
0.997033  1.625030E-15
0.997303  1.608410E-15
0.997573  1.585030E-15
0.997843  1.618820E-15
0.998113  1.542970E-15
0.998383  1.503900E-15
0.998653  1.581740E-15
0.998923  1.542510E-15
0.999193  1.509250E-15
0.999463  1.483380E-15
0.999733  1.512480E-15
1.  1.522230E-15
1.00027  1.543250E-15
1.00054  1.503540E-15
1.00081  1.479740E-15
1.00108  1.500970E-15
1.00135  1.531970E-15
1.00162  1.617360E-15
1.00189  1.525630E-15
1.00216  1.489510E-15
1.00243  1.526870E-15
1.0027  1.483760E-15
1.00297  1.514070E-15
1.00324  1.423990E-15
1.00351  1.457250E-15
1.00378  1.527500E-15
1.00405  1.510830E-15
1.00432  1.545830E-15
1.00459  1.499780E-15
1.00486  1.495680E-15
1.00513  1.494270E-15
1.0054  1.520190E-15
1.00567  1.489930E-15
1.00594  1.481710E-15
1.00621  1.475740E-15
1.00648  1.382330E-15
1.00675  1.428060E-15
1.00702  1.406900E-15
1.00729  1.454320E-15
1.00756  1.454660E-15
1.00783  1.425100E-15
1.0081  1.457970E-15
1.00837  1.413000E-15
1.00864  1.441760E-15
1.00891  1.399860E-15
1.00918  1.472270E-15
1.00945  1.420800E-15
1.00972  1.466220E-15
1.00999  1.430690E-15
1.01026  1.444720E-15
1.01053  1.394230E-15
1.0108  1.435640E-15
1.01107  1.414720E-15
1.01134  1.457890E-15
1.01161  1.461260E-15
1.01188  1.469950E-15
1.01215  1.486750E-15
1.01242  1.443850E-15
1.01269  1.403040E-15
1.01296  1.445000E-15
1.01323  1.488980E-15
1.0135  1.452190E-15
1.01377  1.500780E-15
1.01404  1.401550E-15
1.01431  1.433240E-15
1.01458  1.436890E-15
1.01485  1.443300E-15
1.01512  1.415020E-15
1.01539  1.494460E-15
1.01566  1.425950E-15
1.01593  1.355970E-15
1.0162  1.507640E-15
1.01647  1.488700E-15
1.01674  1.476020E-15
1.01701  1.507830E-15
1.01728  1.448040E-15
1.01755  1.443960E-15
1.01782  1.498170E-15
1.01809  1.417320E-15
1.01835  1.402830E-15
1.01862  1.361070E-15
1.01889  1.444310E-15
1.01916  1.438040E-15
1.01943  1.475640E-15
1.0197  1.486790E-15
1.01997  1.477430E-15
1.02024  1.513620E-15
1.02051  1.445390E-15
1.02078  1.378420E-15
1.02105  1.365220E-15
1.02132  1.483500E-15
1.02159  1.484560E-15
1.02186  1.510270E-15
1.02213  1.446610E-15
1.0224  1.478440E-15
1.02267  1.409870E-15
1.02294  1.427520E-15
1.02321  1.481350E-15
1.02348  1.472480E-15
1.02375  1.491920E-15
1.02402  1.439170E-15
1.02429  1.468880E-15
1.02456  1.450220E-15
1.02483  1.532230E-15
1.0251  1.487280E-15
1.02537  1.568790E-15
1.02564  1.537810E-15
1.02591  1.544920E-15
1.02618  1.595990E-15
1.02645  1.604730E-15
1.02672  1.611430E-15
1.02698  1.523170E-15
1.02725  1.529410E-15
1.02752  1.468240E-15
1.02779  1.435640E-15
1.02806  1.424730E-15
1.02833  1.493030E-15
1.0286  1.406260E-15
1.02887  1.485760E-15
1.02914  1.428190E-15
1.02941  1.514880E-15
1.02968  1.502970E-15
1.02995  1.466880E-15
1.03022  1.500300E-15
1.03049  1.483130E-15
1.03076  1.496620E-15
1.03103  1.492390E-15
1.0313  1.490110E-15
1.03157  1.519850E-15
1.03184  1.487560E-15
1.03211  1.514200E-15
1.03238  1.566460E-15
1.03265  1.505640E-15
1.03292  1.612430E-15
1.03319  1.559970E-15
1.03345  1.578030E-15
1.03372  1.623630E-15
1.03399  1.601960E-15
1.03426  1.657770E-15
1.03453  1.649910E-15
1.0348  1.722290E-15
1.03507  1.727810E-15
1.03534  1.769250E-15
1.03561  1.818660E-15
1.03588  1.787070E-15
1.03615  1.800790E-15
1.03642  1.858690E-15
1.03669  1.831060E-15
1.03696  1.825770E-15
1.03723  1.919100E-15
1.0375  1.836590E-15
1.03777  1.824760E-15
1.03804  1.977990E-15
1.03831  1.924040E-15
1.03858  1.991870E-15
1.03885  2.013360E-15
1.03911  2.174520E-15
1.03938  2.224520E-15
1.03965  2.276720E-15
1.03992  2.231690E-15
1.04019  2.282130E-15
1.04046  2.245140E-15
1.04073  2.266260E-15
1.041  2.233100E-15
1.04127  2.291130E-15
1.04154  2.260450E-15
1.04181  2.182340E-15
1.04208  2.188980E-15
1.04235  2.070610E-15
1.04262  2.162140E-15
1.04289  2.043490E-15
1.04316  2.008740E-15
1.04343  1.940460E-15
1.0437  1.920900E-15
1.04396  1.885090E-15
1.04423  1.882360E-15
1.0445  1.855000E-15
1.04477  1.788820E-15
1.04504  1.834000E-15
1.04531  1.782820E-15
1.04558  1.808780E-15
1.04585  1.704360E-15
1.04612  1.767780E-15
1.04639  1.729470E-15
1.04666  1.792130E-15
1.04693  1.772270E-15
1.0472  1.758170E-15
1.04747  1.766640E-15
1.04774  1.774790E-15
1.04801  1.717800E-15
1.04827  1.721220E-15
1.04854  1.755340E-15
1.04881  1.760260E-15
1.04908  1.717630E-15
1.04935  1.632040E-15
1.04962  1.663690E-15
1.04989  1.658320E-15
1.05016  1.606420E-15
1.05043  1.552990E-15
1.0507  1.596360E-15
1.05097  1.577010E-15
1.05124  1.558410E-15
1.05151  1.546160E-15
1.05178  1.559220E-15
1.05205  1.559110E-15
1.05232  1.553570E-15
1.05258  1.559590E-15
1.05285  1.508990E-15
1.05312  1.555160E-15
1.05339  1.544990E-15
1.05366  1.526020E-15
1.05393  1.583860E-15
1.0542  1.526530E-15
1.05447  1.521520E-15
1.05474  1.541880E-15
1.05501  1.428490E-15
1.05528  1.509070E-15
1.05555  1.491740E-15
1.05582  1.438640E-15
1.05609  1.424690E-15
1.05635  1.430830E-15
1.05662  1.468000E-15
1.05689  1.443620E-15
1.05716  1.420610E-15
1.05743  1.469520E-15
1.0577  1.458420E-15
1.05797  1.446040E-15
1.05824  1.426290E-15
1.05851  1.419220E-15
1.05878  1.446850E-15
1.05905  1.497780E-15
1.05932  1.452830E-15
1.05959  1.411970E-15
1.05985  1.440470E-15
1.06012  1.493770E-15
1.06039  1.433200E-15
1.06066  1.470980E-15
1.06093  1.427520E-15
1.0612  1.488320E-15
1.06147  1.430890E-15
1.06174  1.481930E-15
1.06201  1.427050E-15
1.06228  1.443430E-15
1.06255  1.483420E-15
1.06282  1.488370E-15
1.06309  1.441160E-15
1.06335  1.477010E-15
1.06362  1.407890E-15
1.06389  1.443970E-15
1.06416  1.460800E-15
1.06443  1.490710E-15
1.0647  1.417880E-15
1.06497  1.479340E-15
1.06524  1.485260E-15
1.06551  1.453810E-15
1.06578  1.443640E-15
1.06605  1.368030E-15
1.06632  1.365970E-15
1.06659  1.402930E-15
1.06685  1.398700E-15
1.06712  1.317520E-15
1.06739  1.437440E-15
1.06766  1.401020E-15
1.06793  1.406690E-15
1.0682  1.476230E-15
1.06847  1.462070E-15
1.06874  1.474750E-15
1.06901  1.437210E-15
1.06928  1.488990E-15
1.06955  1.444270E-15
1.06982  1.526010E-15
1.07008  1.478730E-15
1.07035  1.459310E-15
1.07062  1.443470E-15
1.07089  1.436170E-15
1.07116  1.418890E-15
1.07143  1.422750E-15
1.0717  1.464950E-15
1.07197  1.393270E-15
1.07224  1.423570E-15
1.07251  1.384920E-15
1.07278  1.425060E-15
1.07304  1.374130E-15
1.07331  1.397140E-15
1.07358  1.401970E-15
1.07385  1.372100E-15
1.07412  1.521260E-15
1.07439  1.424010E-15
1.07466  1.364260E-15
1.07493  1.372890E-15
1.0752  1.358220E-15
1.07547  1.337270E-15
1.07574  1.453600E-15
1.076  1.341320E-15
1.07627  1.408400E-15
1.07654  1.450180E-15
1.07681  1.406890E-15
1.07708  1.362520E-15
1.07735  1.390240E-15
1.07762  1.376360E-15
1.07789  1.338130E-15
1.07816  1.317250E-15
1.07843  1.320450E-15
1.0787  1.350040E-15
1.07896  1.296510E-15
1.07923  1.312120E-15
1.0795  1.416370E-15
1.07977  1.345090E-15
1.08004  1.406490E-15
1.08031  1.381780E-15
1.08058  1.425390E-15
1.08085  1.401520E-15
1.08112  1.360480E-15
1.08139  1.366720E-15
1.08165  1.432740E-15
1.08192  1.400760E-15
1.08219  1.379190E-15
1.08246  1.384510E-15
1.08273  1.314650E-15
1.083  1.359420E-15
1.08327  1.402880E-15
1.08354  1.395100E-15
1.08381  1.351440E-15
1.08408  1.346350E-15
1.08435  1.348990E-15
1.08461  1.347500E-15
1.08488  1.358300E-15
1.08515  1.362490E-15
1.08542  1.477990E-15
1.08569  1.373800E-15
1.08596  1.383610E-15
1.08623  1.397890E-15
1.0865  1.417580E-15
1.08677  1.460330E-15
1.08704  1.394310E-15
1.0873  1.437620E-15
1.08757  1.448700E-15
1.08784  1.419940E-15
1.08811  1.455640E-15
1.08838  1.382580E-15
1.08865  1.438080E-15
1.08892  1.462800E-15
1.08919  1.412350E-15
1.08946  1.357830E-15
1.08972  1.429810E-15
1.08999  1.466610E-15
1.09026  1.408730E-15
1.09053  1.385450E-15
1.0908  1.350650E-15
1.09107  1.360600E-15
1.09134  1.408480E-15
1.09161  1.339980E-15
1.09188  1.401300E-15
1.09215  1.297430E-15
1.09241  1.341740E-15
1.09268  1.346450E-15
1.09295  1.334790E-15
1.09322  1.352440E-15
1.09349  1.399030E-15
1.09376  1.461830E-15
1.09403  1.382280E-15
1.0943  1.422070E-15
1.09457  1.459520E-15
1.09483  1.406960E-15
1.0951  1.304390E-15
1.09537  1.344900E-15
1.09564  1.371370E-15
1.09591  1.320920E-15
1.09618  1.378780E-15
1.09645  1.401400E-15
1.09672  1.328710E-15
1.09699  1.397760E-15
1.09726  1.340590E-15
1.09752  1.398040E-15
1.09779  1.374900E-15
1.09806  1.379350E-15
1.09833  1.315420E-15
1.0986  1.322910E-15
1.09887  1.311410E-15
1.09914  1.338460E-15
1.09941  1.308890E-15
1.09968  1.396890E-15
1.09994  1.243030E-15
1.10021  1.329980E-15
1.10048  1.338930E-15
1.10075  1.302730E-15
1.10102  1.350000E-15
1.10129  1.312080E-15
1.10156  1.334050E-15
1.10183  1.342830E-15
1.1021  1.343520E-15
1.10236  1.304160E-15
1.10263  1.384720E-15
1.1029  1.305060E-15
1.10317  1.272360E-15
1.10344  1.352450E-15
1.10371  1.309240E-15
1.10398  1.446370E-15
1.10425  1.337020E-15
1.10451  1.289310E-15
1.10478  1.390530E-15
1.10505  1.420360E-15
1.10532  1.343980E-15
1.10559  1.400210E-15
1.10586  1.332430E-15
1.10613  1.286080E-15
1.1064  1.398830E-15
1.10667  1.294700E-15
1.10693  1.402650E-15
1.1072  1.359460E-15
1.10747  1.422950E-15
1.10774  1.425910E-15
1.10801  1.393140E-15
1.10828  1.415240E-15
1.10855  1.383190E-15
1.10882  1.385780E-15
1.10909  1.397410E-15
1.10935  1.469460E-15
1.10962  1.457360E-15
1.10989  1.474100E-15
1.11016  1.452040E-15
1.11043  1.468600E-15
1.1107  1.437330E-15
1.11097  1.426520E-15
1.11124  1.444040E-15
1.1115  1.479290E-15
1.11177  1.401090E-15
1.11204  1.533750E-15
1.11231  1.576560E-15
1.11258  1.622530E-15
1.11285  1.594720E-15
1.11312  1.649240E-15
1.11339  1.674880E-15
1.11365  1.724770E-15
1.11392  1.713120E-15
1.11419  1.753890E-15
1.11446  1.750750E-15
1.11473  1.797530E-15
1.115  1.902250E-15
1.11527  1.911630E-15
1.11554  2.021990E-15
1.11581  1.986980E-15
1.11607  1.985980E-15
1.11634  2.183510E-15
1.11661  2.207860E-15
1.11688  2.282680E-15
1.11715  2.383430E-15
1.11742  2.532770E-15
1.11769  2.680150E-15
1.11796  2.687720E-15
1.11822  3.003010E-15
1.11849  2.943010E-15
1.11876  3.160560E-15
1.11903  3.384940E-15
1.1193  3.564250E-15
1.11957  3.772970E-15
1.11984  4.026220E-15
1.12011  4.632290E-15
1.12037  5.043940E-15
1.12064  5.630310E-15
1.12091  6.126920E-15
1.12118  6.425950E-15
1.12145  6.790700E-15
1.12172  6.549950E-15
1.12199  6.311820E-15
1.12226  5.593700E-15
1.12252  5.150970E-15
1.12279  4.650300E-15
1.12306  4.588150E-15
1.12333  4.201120E-15
1.1236  4.116730E-15
1.12387  3.790470E-15
1.12414  3.753700E-15
1.12441  3.504730E-15
1.12467  3.354300E-15
1.12494  3.169850E-15
1.12521  3.180090E-15
1.12548  2.928120E-15
1.12575  2.890840E-15
1.12602  2.725210E-15
1.12629  2.695570E-15
1.12656  2.568050E-15
1.12682  2.495890E-15
1.12709  2.478590E-15
1.12736  2.341840E-15
1.12763  2.426940E-15
1.12766  2.426800E-15
1.12799  2.377730E-15
1.12831  2.377040E-15
1.12864  2.395190E-15
1.12896  2.369650E-15
1.12929  2.347700E-15
1.12961  2.370160E-15
1.12994  2.335800E-15
1.13026  2.395860E-15
1.13059  2.479130E-15
1.13091  2.513500E-15
1.13124  2.586610E-15
1.13156  2.596580E-15
1.13189  2.652980E-15
1.13221  2.756500E-15
1.13254  2.810420E-15
1.13286  2.730280E-15
1.13319  2.733400E-15
1.13351  2.575920E-15
1.13384  2.559290E-15
1.13416  2.420850E-15
1.13449  2.357490E-15
1.13482  2.222570E-15
1.13514  2.186710E-15
1.13547  2.133260E-15
1.13579  2.087430E-15
1.13612  2.006830E-15
1.13644  1.899250E-15
1.13677  1.893850E-15
1.13709  1.849150E-15
1.13742  1.765000E-15
1.13774  1.715160E-15
1.13807  1.709200E-15
1.13839  1.699590E-15
1.13872  1.602710E-15
1.13904  1.631040E-15
1.13937  1.631600E-15
1.13969  1.573460E-15
1.14002  1.549390E-15
1.14034  1.580480E-15
1.14067  1.535220E-15
1.14099  1.580380E-15
1.14132  1.514340E-15
1.14164  1.483230E-15
1.14197  1.497430E-15
1.14229  1.444860E-15
1.14262  1.467210E-15
1.14294  1.428450E-15
1.14327  1.457020E-15
1.14359  1.424310E-15
1.14392  1.416710E-15
1.14424  1.367520E-15
1.14457  1.404170E-15
1.14489  1.432050E-15
1.14522  1.398580E-15
1.14554  1.417110E-15
1.14587  1.365170E-15
1.14619  1.394400E-15
1.14651  1.386590E-15
1.14684  1.429990E-15
1.14716  1.392480E-15
1.14749  1.368000E-15
1.14781  1.398210E-15
1.14814  1.393290E-15
1.14846  1.376980E-15
1.14879  1.357470E-15
1.14911  1.334950E-15
1.14944  1.383350E-15
1.14976  1.374330E-15
1.15009  1.361320E-15
1.15041  1.343350E-15
1.15074  1.356910E-15
1.15106  1.399530E-15
1.15139  1.369330E-15
1.15171  1.403510E-15
1.15204  1.394280E-15
1.15236  1.371560E-15
1.15269  1.393900E-15
1.15301  1.352700E-15
1.15334  1.348590E-15
1.15366  1.345640E-15
1.15399  1.327420E-15
1.15431  1.320630E-15
1.15463  1.331150E-15
1.15496  1.359600E-15
1.15528  1.327820E-15
1.15561  1.338900E-15
1.15593  1.332030E-15
1.15626  1.319890E-15
1.15658  1.342650E-15
1.15691  1.332690E-15
1.15723  1.310260E-15
1.15756  1.333930E-15
1.15788  1.314630E-15
1.15821  1.325780E-15
1.15853  1.307590E-15
1.15885  1.334980E-15
1.15918  1.335640E-15
1.1595  1.321690E-15
1.15983  1.337290E-15
1.16015  1.342530E-15
1.16048  1.350950E-15
1.1608  1.300140E-15
1.16113  1.311680E-15
1.16145  1.336900E-15
1.16178  1.321340E-15
1.1621  1.325390E-15
1.16243  1.319730E-15
1.16275  1.347520E-15
1.16307  1.346610E-15
1.1634  1.332410E-15
1.16372  1.371460E-15
1.16405  1.361530E-15
1.16437  1.356570E-15
1.1647  1.365180E-15
1.16502  1.385750E-15
1.16535  1.392960E-15
1.16567  1.432930E-15
1.16599  1.465680E-15
1.16632  1.461100E-15
1.16664  1.502130E-15
1.16697  1.546300E-15
1.16729  1.524720E-15
1.16762  1.560520E-15
1.16794  1.597700E-15
1.16827  1.637590E-15
1.16859  1.669920E-15
1.16891  1.686430E-15
1.16924  1.668870E-15
1.16956  1.709450E-15
1.16989  1.665410E-15
1.17021  1.657070E-15
1.17054  1.593850E-15
1.17086  1.554400E-15
1.17119  1.544460E-15
1.17151  1.559690E-15
1.17183  1.488820E-15
1.17216  1.442360E-15
1.17248  1.435110E-15
1.17281  1.409000E-15
1.17313  1.405750E-15
1.17346  1.373710E-15
1.17378  1.347800E-15
1.1741  1.350960E-15
1.17443  1.329780E-15
1.17475  1.354540E-15
1.17508  1.354220E-15
1.1754  1.327860E-15
1.17573  1.333100E-15
1.17605  1.319550E-15
1.17637  1.310510E-15
1.1767  1.280530E-15
1.17702  1.299080E-15
1.17735  1.291270E-15
1.17767  1.298670E-15
1.178  1.282680E-15
1.17832  1.297880E-15
1.17864  1.290630E-15
1.17897  1.270460E-15
1.17929  1.279580E-15
1.17962  1.302480E-15
1.17994  1.305680E-15
1.18027  1.277270E-15
1.18059  1.252370E-15
1.18091  1.261350E-15
1.18124  1.262400E-15
1.18156  1.267470E-15
1.18189  1.311910E-15
1.18221  1.255360E-15
1.18253  1.282330E-15
1.18286  1.273800E-15
1.18318  1.269520E-15
1.18351  1.301570E-15
1.18383  1.284280E-15
1.18415  1.258500E-15
1.18448  1.261520E-15
1.1848  1.296240E-15
1.18513  1.268970E-15
1.18545  1.295300E-15
1.18578  1.262910E-15
1.1861  1.292680E-15
1.18642  1.305210E-15
1.18675  1.285780E-15
1.18707  1.299600E-15
1.1874  1.309290E-15
1.18772  1.259490E-15
1.18804  1.257140E-15
1.18837  1.265200E-15
1.18869  1.281150E-15
1.18902  1.266690E-15
1.18934  1.252130E-15
1.18966  1.281210E-15
1.18999  1.250040E-15
1.19031  1.284820E-15
1.19064  1.259280E-15
1.19096  1.285990E-15
1.19128  1.269470E-15
1.19161  1.293490E-15
1.19193  1.268980E-15
1.19226  1.287260E-15
1.19258  1.269960E-15
1.1929  1.257860E-15
1.19323  1.271190E-15
1.19355  1.291160E-15
1.19388  1.302410E-15
1.1942  1.262160E-15
1.19452  1.306430E-15
1.19485  1.268690E-15
1.19517  1.298040E-15
1.1955  1.284880E-15
1.19582  1.296100E-15
1.19614  1.273310E-15
1.19647  1.315020E-15
1.19679  1.287010E-15
1.19711  1.322290E-15
1.19744  1.280260E-15
1.19776  1.294630E-15
1.19809  1.273780E-15
1.19841  1.297480E-15
1.19873  1.293480E-15
1.19906  1.302540E-15
1.19938  1.306260E-15
1.19971  1.294230E-15
1.20003  1.279530E-15
1.20035  1.310350E-15
1.20068  1.303270E-15
1.201  1.283930E-15
1.20133  1.267310E-15
1.20165  1.298500E-15
1.20197  1.246890E-15
1.2023  1.295990E-15
1.20262  1.289890E-15
1.20294  1.303650E-15
1.20327  1.311070E-15
1.20359  1.288310E-15
1.20392  1.343560E-15
1.20424  1.323190E-15
1.20456  1.273680E-15
1.20489  1.318800E-15
1.20521  1.307760E-15
1.20553  1.317330E-15
1.20586  1.249390E-15
1.20618  1.312330E-15
1.20651  1.292270E-15
1.20683  1.284120E-15
1.20715  1.285810E-15
1.20748  1.275650E-15
1.2078  1.275840E-15
1.20812  1.262310E-15
1.20845  1.298560E-15
1.20877  1.312640E-15
1.20909  1.296360E-15
1.20942  1.301370E-15
1.20974  1.279090E-15
1.21007  1.279010E-15
1.21039  1.316360E-15
1.21071  1.280560E-15
1.21104  1.311880E-15
1.21136  1.291820E-15
1.21168  1.242340E-15
1.21201  1.294900E-15
1.21233  1.257060E-15
1.21266  1.290290E-15
1.21298  1.295670E-15
1.2133  1.291540E-15
1.21363  1.290910E-15
1.21395  1.309660E-15
1.21427  1.294730E-15
1.2146  1.268350E-15
1.21492  1.285030E-15
1.21524  1.302190E-15
1.21557  1.278270E-15
1.21589  1.290020E-15
1.21621  1.307820E-15
1.21654  1.267300E-15
1.21686  1.246950E-15
1.21719  1.311000E-15
1.21751  1.297190E-15
1.21783  1.314810E-15
1.21816  1.262340E-15
1.21848  1.255960E-15
1.2188  1.219040E-15
1.21913  1.255080E-15
1.21945  1.261820E-15
1.21977  1.290860E-15
1.2201  1.267450E-15
1.22042  1.295150E-15
1.22074  1.270190E-15
1.22107  1.293300E-15
1.22139  1.258450E-15
1.22171  1.263790E-15
1.22204  1.304510E-15
1.22236  1.288330E-15
1.22268  1.257820E-15
1.22301  1.291580E-15
1.22333  1.264220E-15
1.22366  1.270720E-15
1.22398  1.292090E-15
1.2243  1.254130E-15
1.22463  1.245400E-15
1.22495  1.271040E-15
1.22527  1.260640E-15
1.2256  1.295630E-15
1.22592  1.301010E-15
1.22624  1.283480E-15
1.22657  1.292510E-15
1.22689  1.293910E-15
1.22721  1.291900E-15
1.22754  1.286140E-15
1.22786  1.274990E-15
1.22818  1.265550E-15
1.22851  1.248640E-15
1.22883  1.301570E-15
1.22915  1.234400E-15
1.22948  1.300860E-15
1.2298  1.293710E-15
1.23012  1.340320E-15
1.23045  1.330790E-15
1.23077  1.297210E-15
1.23109  1.275470E-15
1.23142  1.294750E-15
1.23174  1.283410E-15
1.23206  1.306300E-15
1.23239  1.296870E-15
1.23271  1.329930E-15
1.23303  1.295950E-15
1.23336  1.312110E-15
1.23368  1.283880E-15
1.234  1.281640E-15
1.23433  1.280720E-15
1.23465  1.277860E-15
1.23497  1.263070E-15
1.2353  1.266570E-15
1.23562  1.254590E-15
1.23594  1.308960E-15
1.23627  1.272480E-15
1.23659  1.306800E-15
1.23691  1.281840E-15
1.23724  1.288270E-15
1.23756  1.295290E-15
1.23788  1.320130E-15
1.23821  1.289760E-15
1.23853  1.317170E-15
1.23885  1.254590E-15
1.23917  1.286340E-15
1.2395  1.250070E-15
1.23982  1.260560E-15
1.24014  1.260130E-15
1.24047  1.293030E-15
1.24079  1.283900E-15
1.24111  1.290850E-15
1.24144  1.268630E-15
1.24176  1.295490E-15
1.24208  1.298160E-15
1.24241  1.350110E-15
1.24273  1.297480E-15
1.24305  1.311110E-15
1.24338  1.295160E-15
1.2437  1.265670E-15
1.24402  1.276690E-15
1.24435  1.307340E-15
1.24467  1.274610E-15
1.24499  1.290970E-15
1.24531  1.272770E-15
1.24564  1.280640E-15
1.24596  1.283740E-15
1.24628  1.291970E-15
1.24661  1.274510E-15
1.24693  1.234520E-15
1.24725  1.311640E-15
1.24758  1.314400E-15
1.2479  1.284220E-15
1.24822  1.280040E-15
1.24855  1.279420E-15
1.24887  1.294350E-15
1.24919  1.279930E-15
1.24952  1.298120E-15
1.24984  1.277470E-15
1.25016  1.291200E-15
1.25048  1.223210E-15
1.25081  1.247560E-15
1.25113  1.277310E-15
1.25145  1.286600E-15
1.25178  1.270450E-15
1.2521  1.273770E-15
1.25242  1.250040E-15
1.25275  1.302010E-15
1.25307  1.265610E-15
1.25339  1.258580E-15
1.25371  1.291090E-15
1.25404  1.278070E-15
1.25436  1.260370E-15
1.25468  1.287240E-15
1.25501  1.276650E-15
1.25533  1.277530E-15
1.25565  1.250180E-15
1.25598  1.274980E-15
1.2563  1.240310E-15
1.25662  1.268590E-15
1.25694  1.295450E-15
1.25727  1.269500E-15
1.25759  1.261000E-15
1.25791  1.281290E-15
1.25824  1.259810E-15
1.25856  1.308230E-15
1.25888  1.276200E-15
1.25921  1.260800E-15
1.25953  1.250940E-15
1.25985  1.256370E-15
1.26017  1.282950E-15
1.2605  1.269380E-15
1.26082  1.279550E-15
1.26114  1.267640E-15
1.26147  1.252050E-15
1.26179  1.273560E-15
1.26211  1.267780E-15
1.26243  1.290800E-15
1.26276  1.255870E-15
1.26308  1.247550E-15
1.2634  1.250810E-15
1.26373  1.286620E-15
1.26405  1.281130E-15
1.26437  1.255350E-15
1.26469  1.241640E-15
1.26502  1.226140E-15
1.26534  1.244720E-15
1.26566  1.275620E-15
1.26599  1.266550E-15
1.26631  1.240930E-15
1.26663  1.243170E-15
1.26695  1.256120E-15
1.26728  1.236480E-15
1.2676  1.262400E-15
1.26792  1.276790E-15
1.26825  1.228650E-15
1.26857  1.226040E-15
1.26889  1.259050E-15
1.26921  1.268800E-15
1.26954  1.238700E-15
1.26986  1.252100E-15
1.27018  1.249640E-15
1.27051  1.288300E-15
1.27083  1.264440E-15
1.27115  1.226310E-15
1.27147  1.241700E-15
1.2718  1.238100E-15
1.27212  1.251550E-15
1.27244  1.222450E-15
1.27276  1.256510E-15
1.27309  1.216420E-15
1.27341  1.236530E-15
1.27373  1.226150E-15
1.27406  1.225400E-15
1.27438  1.215730E-15
1.2747  1.270450E-15
1.27502  1.226490E-15
1.27535  1.252840E-15
1.27567  1.237670E-15
1.27599  1.260620E-15
1.27631  1.246420E-15
1.27664  1.265310E-15
1.27696  1.282490E-15
1.27728  1.273280E-15
1.27761  1.290260E-15
1.27793  1.281840E-15
1.27825  1.258280E-15
1.27857  1.282020E-15
1.2789  1.244250E-15
1.27922  1.272040E-15
1.27954  1.268800E-15
1.27986  1.239290E-15
1.28019  1.250590E-15
1.28051  1.224630E-15
1.28083  1.283960E-15
1.28116  1.222640E-15
1.28148  1.232920E-15
1.2818  1.260220E-15
1.28212  1.257640E-15
1.28245  1.273580E-15
1.28277  1.254110E-15
1.28309  1.271540E-15
1.28341  1.257320E-15
1.28374  1.315920E-15
1.28406  1.274510E-15
1.28438  1.277220E-15
1.2847  1.289010E-15
1.28503  1.267590E-15
1.28535  1.247600E-15
1.28567  1.237450E-15
1.286  1.246060E-15
1.28632  1.254190E-15
1.28664  1.247560E-15
1.28696  1.246540E-15
1.28729  1.257430E-15
1.28761  1.246530E-15
1.28793  1.239440E-15
1.28825  1.253440E-15
1.28858  1.240990E-15
1.2889  1.239670E-15
1.28922  1.238740E-15
1.28954  1.245270E-15
1.28987  1.227560E-15
1.29019  1.271690E-15
1.29051  1.256610E-15
1.29083  1.259500E-15
1.29116  1.279810E-15
1.29148  1.258790E-15
1.2918  1.261230E-15
1.29212  1.280950E-15
1.29245  1.309300E-15
1.29277  1.265990E-15
1.29309  1.261960E-15
1.29341  1.289880E-15
1.29374  1.250740E-15
1.29406  1.258290E-15
1.29438  1.278180E-15
1.2947  1.260800E-15
1.29503  1.326260E-15
1.29535  1.329750E-15
1.29567  1.317920E-15
1.29599  1.362580E-15
1.29632  1.396070E-15
1.29664  1.346890E-15
1.29696  1.298370E-15
1.29728  1.328700E-15
1.29761  1.322510E-15
1.29793  1.273430E-15
1.29825  1.311610E-15
1.29857  1.290730E-15
1.2989  1.261630E-15
1.29922  1.307470E-15
1.29954  1.250060E-15
1.29986  1.328810E-15
1.30019  1.354010E-15
1.30051  1.406270E-15
1.30083  1.448670E-15
1.30115  1.442300E-15
1.30148  1.480730E-15
1.3018  1.405790E-15
1.30212  1.373510E-15
1.30244  1.316630E-15
1.30277  1.313880E-15
1.30309  1.302440E-15
1.30341  1.251530E-15
1.30373  1.290110E-15
1.30406  1.270430E-15
1.30438  1.258960E-15
1.3047  1.304270E-15
1.30502  1.250970E-15
1.30535  1.286300E-15
1.30567  1.259510E-15
1.30599  1.268100E-15
1.30631  1.289260E-15
1.30664  1.259970E-15
1.30696  1.264670E-15
1.30728  1.253210E-15
1.3076  1.284070E-15
1.30793  1.252590E-15
1.30825  1.272460E-15
1.30857  1.296300E-15
1.30889  1.285300E-15
1.30921  1.230630E-15
1.30954  1.295400E-15
1.30986  1.220030E-15
1.31018  1.236630E-15
1.3105  1.269950E-15
1.31083  1.286500E-15
1.31115  1.259880E-15
1.31147  1.293750E-15
1.31179  1.254970E-15
1.31212  1.245950E-15
1.31244  1.292550E-15
1.31276  1.312350E-15
1.31308  1.289870E-15
1.31341  1.294630E-15
1.31373  1.273840E-15
1.31405  1.300940E-15
1.31437  1.278890E-15
1.31469  1.326680E-15
1.31502  1.296410E-15
1.31534  1.327010E-15
1.31566  1.327680E-15
1.31598  1.304870E-15
1.31631  1.292290E-15
1.31663  1.323850E-15
1.31695  1.366830E-15
1.31727  1.394300E-15
1.3176  1.374310E-15
1.31792  1.368090E-15
1.31824  1.365280E-15
1.31856  1.377390E-15
1.31888  1.383060E-15
1.31921  1.446250E-15
1.31953  1.433500E-15
1.31985  1.483850E-15
1.32017  1.433450E-15
1.3205  1.505430E-15
1.32082  1.523370E-15
1.32114  1.554520E-15
1.32146  1.605980E-15
1.32179  1.646280E-15
1.32211  1.673580E-15
1.32243  1.704270E-15
1.32275  1.764770E-15
1.32307  1.834750E-15
1.3234  1.909130E-15
1.32372  2.000160E-15
1.32404  2.076940E-15
1.32436  2.148960E-15
1.32469  2.176450E-15
1.32501  2.275260E-15
1.32533  2.361100E-15
1.32565  2.480670E-15
1.32597  2.608930E-15
1.3263  2.705100E-15
1.32662  2.845250E-15
1.32694  2.965970E-15
1.32726  3.047540E-15
1.32759  2.975370E-15
1.32791  2.928800E-15
1.32823  2.856780E-15
1.32855  2.790590E-15
1.32887  2.702520E-15
1.3292  2.617280E-15
1.32952  2.530800E-15
1.32984  2.443430E-15
1.33016  2.358090E-15
1.33049  2.292080E-15
1.33081  2.200680E-15
1.33113  2.043780E-15
1.33145  2.042640E-15
1.33177  1.981210E-15
1.3321  1.862960E-15
1.33242  1.795680E-15
1.33274  1.796480E-15
1.33306  1.703350E-15
1.33339  1.647700E-15
1.33371  1.636390E-15
1.33403  1.545330E-15
1.33435  1.544530E-15
1.33467  1.568170E-15
1.335  1.498350E-15
1.33532  1.493340E-15
1.33564  1.536440E-15
1.33596  1.486810E-15
1.33628  1.491040E-15
1.33661  1.465520E-15
1.33693  1.410830E-15
1.33725  1.412370E-15
1.33757  1.389640E-15
1.3379  1.411760E-15
1.33822  1.380090E-15
1.33854  1.381910E-15
1.33886  1.384650E-15
1.33918  1.357100E-15
1.33951  1.332040E-15
1.33983  1.382260E-15
1.34015  1.351950E-15
1.34047  1.369520E-15
1.34079  1.364460E-15
1.34112  1.376680E-15
1.34144  1.361170E-15
1.34176  1.326780E-15
1.34208  1.330620E-15
1.34241  1.340100E-15
1.34273  1.287780E-15
1.34305  1.279140E-15
1.34337  1.328350E-15
1.34369  1.246970E-15
1.34402  1.312140E-15
1.34434  1.242010E-15
1.34466  1.252250E-15
1.34498  1.262160E-15
1.3453  1.266830E-15
1.34563  1.286270E-15
1.34595  1.289690E-15
1.34627  1.284060E-15
1.34659  1.264890E-15
1.34691  1.292870E-15
1.34724  1.262530E-15
1.34756  1.249110E-15
1.34788  1.247340E-15
1.3482  1.234710E-15
1.34853  1.236200E-15
1.34885  1.269450E-15
1.34917  1.244500E-15
1.34949  1.248900E-15
1.34981  1.261310E-15
1.35014  1.326720E-15
1.35046  1.271630E-15
1.35078  1.236900E-15
1.3511  1.257630E-15
1.35142  1.216030E-15
1.35175  1.205180E-15
1.35207  1.219530E-15
1.35239  1.177680E-15
1.35271  1.224500E-15
1.35303  1.194090E-15
1.35336  1.208410E-15
1.35368  1.199990E-15
1.354  1.196230E-15
1.35432  1.143850E-15
1.35464  1.163270E-15
1.35497  1.294840E-15
1.35529  1.320440E-15
1.35561  1.225240E-15
1.35593  1.235650E-15
1.35625  1.200860E-15
1.35658  1.266240E-15
1.3569  1.223120E-15
1.35722  1.185000E-15
1.35754  1.233480E-15
1.35786  1.232980E-15
1.35819  1.108150E-15
1.35851  1.189380E-15
1.35883  1.234720E-15
1.35915  1.268500E-15
1.35947  1.227450E-15
1.41103  1.151290E-15
1.41144  1.145140E-15
1.41185  1.165920E-15
1.41225  1.148810E-15
1.41266  1.180860E-15
1.41307  1.184680E-15
1.41348  1.179580E-15
1.41388  1.211450E-15
1.41429  1.157880E-15
1.4147  1.160820E-15
1.4151  1.163950E-15
1.41551  1.197940E-15
1.41592  1.187400E-15
1.41632  1.174470E-15
1.41673  1.182920E-15
1.41714  1.189880E-15
1.41754  1.178710E-15
1.41795  1.162920E-15
1.41836  1.137680E-15
1.41876  1.154100E-15
1.41917  1.174620E-15
1.41958  1.193760E-15
1.41998  1.187860E-15
1.42039  1.231120E-15
1.4208  1.220890E-15
1.4212  1.208650E-15
1.42161  1.231560E-15
1.42202  1.181350E-15
1.42242  1.204780E-15
1.42283  1.199640E-15
1.42324  1.170100E-15
1.42364  1.172220E-15
1.42405  1.214140E-15
1.42446  1.197640E-15
1.42486  1.198060E-15
1.42527  1.186740E-15
1.42568  1.182740E-15
1.42608  1.185780E-15
1.42649  1.191220E-15
1.4269  1.205490E-15
1.4273  1.205740E-15
1.42771  1.167480E-15
1.42812  1.176130E-15
1.42852  1.188620E-15
1.42893  1.197500E-15
1.42934  1.210400E-15
1.42974  1.213830E-15
1.43015  1.213180E-15
1.43055  1.182360E-15
1.43096  1.194080E-15
1.43137  1.163180E-15
1.43177  1.163510E-15
1.43218  1.131630E-15
1.43259  1.157820E-15
1.43299  1.187110E-15
1.4334  1.174130E-15
1.43381  1.181430E-15
1.43421  1.132520E-15
1.43462  1.194250E-15
1.43502  1.184340E-15
1.43543  1.180860E-15
1.43584  1.202450E-15
1.43624  1.200660E-15
1.43665  1.136370E-15
1.43706  1.179160E-15
1.43746  1.181010E-15
1.43787  1.190450E-15
1.43827  1.184100E-15
1.43868  1.187010E-15
1.43909  1.184640E-15
1.43949  1.155210E-15
1.4399  1.166990E-15
1.4403  1.180250E-15
1.44071  1.176780E-15
1.44112  1.188460E-15
1.44152  1.178250E-15
1.44193  1.205350E-15
1.44234  1.185490E-15
1.44274  1.196610E-15
1.44315  1.180750E-15
1.44355  1.196500E-15
1.44396  1.210460E-15
1.44437  1.174690E-15
1.44477  1.163790E-15
1.44518  1.163450E-15
1.44558  1.167080E-15
1.44599  1.158870E-15
1.4464  1.176890E-15
1.4468  1.183560E-15
1.44721  1.188430E-15
1.44761  1.185440E-15
1.44802  1.210830E-15
1.44843  1.201860E-15
1.44883  1.196710E-15
1.44924  1.204030E-15
1.44964  1.207030E-15
1.45005  1.175860E-15
1.45046  1.136770E-15
1.45086  1.171390E-15
1.45127  1.207100E-15
1.45167  1.203370E-15
1.45208  1.254950E-15
1.45248  1.218190E-15
1.45289  1.207930E-15
1.4533  1.195140E-15
1.4537  1.170550E-15
1.45411  1.201130E-15
1.45451  1.194320E-15
1.45492  1.204410E-15
1.45532  1.172820E-15
1.45573  1.206030E-15
1.45614  1.200010E-15
1.45654  1.163790E-15
1.45695  1.200790E-15
1.45735  1.199280E-15
1.45776  1.204140E-15
1.45816  1.194650E-15
1.45857  1.199250E-15
1.45898  1.201050E-15
1.45938  1.198710E-15
1.45979  1.167510E-15
1.46019  1.178000E-15
1.4606  1.184690E-15
1.461  1.180250E-15
1.46141  1.188970E-15
1.46182  1.170420E-15
1.46222  1.179920E-15
1.46263  1.170210E-15
1.46303  1.171010E-15
1.46344  1.169980E-15
1.46384  1.197050E-15
1.46425  1.194080E-15
1.46465  1.174160E-15
1.46506  1.182640E-15
1.46547  1.175590E-15
1.46587  1.184940E-15
1.46628  1.182840E-15
1.46668  1.189510E-15
1.46709  1.185670E-15
1.46749  1.164160E-15
1.4679  1.174820E-15
1.4683  1.171430E-15
1.46871  1.171370E-15
1.46911  1.179110E-15
1.46952  1.173270E-15
1.46992  1.164110E-15
1.47033  1.160610E-15
1.47074  1.187320E-15
1.47114  1.172360E-15
1.47155  1.168640E-15
1.47195  1.168400E-15
1.47236  1.171990E-15
1.47276  1.182630E-15
1.47317  1.158990E-15
1.47357  1.162250E-15
1.47398  1.191350E-15
1.47438  1.201470E-15
1.47479  1.187610E-15
1.47519  1.197320E-15
1.4756  1.185410E-15
1.476  1.199920E-15
1.47641  1.181890E-15
1.47681  1.188700E-15
1.47722  1.206230E-15
1.47763  1.210660E-15
1.47803  1.209090E-15
1.47844  1.217440E-15
1.47884  1.222550E-15
1.47925  1.266420E-15
1.47965  1.272950E-15
1.48006  1.316910E-15
1.48046  1.294890E-15
1.48087  1.280200E-15
1.48127  1.287390E-15
1.48168  1.269190E-15
1.48208  1.256630E-15
1.48249  1.212270E-15
1.48289  1.212450E-15
1.4833  1.245170E-15
1.4837  1.193350E-15
1.48411  1.196290E-15
1.48451  1.179110E-15
1.48492  1.189660E-15
1.48532  1.190210E-15
1.48573  1.193220E-15
1.48613  1.207590E-15
1.48654  1.204210E-15
1.48694  1.169150E-15
1.48735  1.193840E-15
1.48775  1.204900E-15
1.48816  1.201450E-15
1.48856  1.216300E-15
1.48897  1.191620E-15
1.48937  1.222760E-15
1.48978  1.196100E-15
1.49018  1.190980E-15
1.49059  1.192290E-15
1.49099  1.173290E-15
1.4914  1.192610E-15
1.4918  1.188330E-15
1.49221  1.224180E-15
1.49261  1.197740E-15
1.49302  1.200150E-15
1.49342  1.183010E-15
1.49383  1.198990E-15
1.49423  1.181330E-15
1.49464  1.191140E-15
1.49504  1.202100E-15
1.49545  1.204700E-15
1.49585  1.202620E-15
1.49625  1.206460E-15
1.49666  1.201540E-15
1.49706  1.211860E-15
1.49747  1.203790E-15
1.49787  1.209360E-15
1.49828  1.198940E-15
1.49868  1.217840E-15
1.49909  1.200510E-15
1.49949  1.209000E-15
1.4999  1.199530E-15
1.5003  1.204520E-15
1.50071  1.197960E-15
1.50111  1.200420E-15
1.50152  1.198310E-15
1.50192  1.180360E-15
1.50233  1.180480E-15
1.50273  1.195080E-15
1.50313  1.194310E-15
1.50354  1.206540E-15
1.50394  1.184360E-15
1.50435  1.183520E-15
1.50475  1.196870E-15
1.50516  1.212970E-15
1.50556  1.195780E-15
1.50597  1.215050E-15
1.50637  1.171180E-15
1.50678  1.174670E-15
1.50718  1.193460E-15
1.50758  1.200120E-15
1.50799  1.221400E-15
1.50839  1.190750E-15
1.5088  1.194850E-15
1.5092  1.198220E-15
1.50961  1.209450E-15
1.51001  1.206170E-15
1.51042  1.213710E-15
1.51082  1.191630E-15
1.51123  1.191960E-15
1.51163  1.188540E-15
1.51203  1.175840E-15
1.51244  1.194960E-15
1.51284  1.209340E-15
1.51325  1.196470E-15
1.51365  1.192280E-15
1.51406  1.185930E-15
1.51446  1.214300E-15
1.51487  1.199320E-15
1.51527  1.194150E-15
1.51567  1.186530E-15
1.51608  1.200470E-15
1.51648  1.179980E-15
1.51689  1.196710E-15
1.51729  1.198330E-15
1.5177  1.179850E-15
1.5181  1.186130E-15
1.5185  1.182870E-15
1.51891  1.205040E-15
1.51931  1.183760E-15
1.51972  1.191600E-15
1.52012  1.192370E-15
1.52053  1.185170E-15
1.52093  1.184280E-15
1.52133  1.193560E-15
1.52174  1.193140E-15
1.52214  1.194130E-15
1.52255  1.180350E-15
1.52295  1.169530E-15
1.52336  1.185370E-15
1.52376  1.221270E-15
1.52416  1.199860E-15
1.52457  1.205970E-15
1.52497  1.180060E-15
1.52538  1.216110E-15
1.52578  1.196850E-15
1.52618  1.197120E-15
1.52659  1.190820E-15
1.52699  1.207040E-15
1.5274  1.195420E-15
1.5278  1.192520E-15
1.52821  1.195400E-15
1.52861  1.188910E-15
1.52901  1.184250E-15
1.52942  1.193840E-15
1.52982  1.202360E-15
1.53023  1.215990E-15
1.53063  1.195030E-15
1.53103  1.209800E-15
1.53144  1.192550E-15
1.53184  1.198830E-15
1.53225  1.177400E-15
1.53265  1.155240E-15
1.53305  1.225510E-15
1.53346  1.205570E-15
1.53386  1.203480E-15
1.53427  1.222570E-15
1.53467  1.212470E-15
1.53507  1.206720E-15
1.53548  1.209910E-15
1.53588  1.197310E-15
1.53629  1.207080E-15
1.53669  1.208550E-15
1.53709  1.212720E-15
1.5375  1.192310E-15
1.5379  1.199680E-15
1.53831  1.193880E-15
1.53871  1.208650E-15
1.53911  1.210290E-15
1.53952  1.217270E-15
1.53992  1.197310E-15
1.54033  1.184210E-15
1.54073  1.190080E-15
1.54113  1.187380E-15
1.54154  1.215330E-15
1.54194  1.165720E-15
1.54235  1.218670E-15
1.54275  1.222900E-15
1.54315  1.203750E-15
1.54356  1.206200E-15
1.54396  1.212170E-15
1.54436  1.201240E-15
1.54477  1.201100E-15
1.54517  1.200510E-15
1.54558  1.209780E-15
1.54598  1.223260E-15
1.54638  1.218830E-15
1.54679  1.216830E-15
1.54719  1.196910E-15
1.54759  1.200620E-15
1.548  1.202920E-15
1.5484  1.221110E-15
1.54881  1.205060E-15
1.54921  1.207170E-15
1.54961  1.212090E-15
1.55002  1.205870E-15
1.55042  1.192710E-15
1.55082  1.196040E-15
1.55123  1.205140E-15
1.55163  1.193280E-15
1.55204  1.204290E-15
1.55244  1.199470E-15
1.55284  1.211620E-15
1.55325  1.214480E-15
1.55365  1.200360E-15
1.55405  1.189820E-15
1.55446  1.187710E-15
1.55486  1.181190E-15
1.55527  1.178070E-15
1.55567  1.171220E-15
1.55607  1.157300E-15
1.55648  1.170130E-15
1.55688  1.183110E-15
1.55728  1.169080E-15
1.55769  1.189530E-15
1.55809  1.182420E-15
1.55849  1.185990E-15
1.5589  1.200150E-15
1.5593  1.199630E-15
1.5597  1.199160E-15
1.56011  1.198390E-15
1.56051  1.215550E-15
1.56092  1.201760E-15
1.56132  1.195610E-15
1.56172  1.193220E-15
1.56213  1.202260E-15
1.56253  1.193250E-15
1.56293  1.196670E-15
1.56334  1.184360E-15
1.56374  1.190620E-15
1.56414  1.200460E-15
1.56455  1.190550E-15
1.56495  1.182120E-15
1.56535  1.197090E-15
1.56576  1.204660E-15
1.56616  1.210330E-15
1.56656  1.190880E-15
1.56697  1.195950E-15
1.56737  1.211120E-15
1.56778  1.188120E-15
1.56818  1.193610E-15
1.56858  1.197950E-15
1.56899  1.207800E-15
1.56939  1.186500E-15
1.56979  1.185020E-15
1.5702  1.160700E-15
1.5706  1.182630E-15
1.571  1.177590E-15
1.57141  1.194040E-15
1.57181  1.190240E-15
1.57221  1.202730E-15
1.57262  1.195950E-15
1.57302  1.208590E-15
1.57342  1.208640E-15
1.57383  1.209320E-15
1.57423  1.206700E-15
1.57463  1.209060E-15
1.57504  1.180010E-15
1.57544  1.188190E-15
1.57584  1.186490E-15
1.57625  1.166570E-15
1.57665  1.185960E-15
1.57705  1.194420E-15
1.57746  1.184990E-15
1.57786  1.175480E-15
1.57826  1.183920E-15
1.57867  1.183060E-15
1.57907  1.175990E-15
1.57947  1.189180E-15
1.57988  1.171060E-15
1.58028  1.190570E-15
1.58068  1.189780E-15
1.58109  1.197460E-15
1.58149  1.200170E-15
1.58189  1.193150E-15
1.5823  1.225220E-15
1.5827  1.185860E-15
1.5831  1.185730E-15
1.58351  1.181430E-15
1.58391  1.162470E-15
1.58431  1.215830E-15
1.58471  1.218010E-15
1.58512  1.241480E-15
1.58552  1.210580E-15
1.58592  1.232380E-15
1.58633  1.225160E-15
1.58673  1.234680E-15
1.58713  1.214150E-15
1.58754  1.222680E-15
1.58794  1.227680E-15
1.58834  1.229470E-15
1.58875  1.218510E-15
1.58915  1.219290E-15
1.58955  1.221230E-15
1.58996  1.215630E-15
1.59036  1.228010E-15
1.59076  1.230210E-15
1.59117  1.226340E-15
1.59157  1.215500E-15
1.59197  1.202520E-15
1.59237  1.198210E-15
1.59278  1.199630E-15
1.59318  1.213570E-15
1.59358  1.205610E-15
1.59399  1.207270E-15
1.59439  1.187790E-15
1.59479  1.187460E-15
1.5952  1.196930E-15
1.5956  1.199240E-15
1.596  1.178010E-15
1.59641  1.196430E-15
1.59681  1.182870E-15
1.59721  1.190170E-15
1.59761  1.180940E-15
1.59802  1.197630E-15
1.59842  1.203270E-15
1.59882  1.196730E-15
1.59923  1.192120E-15
1.59963  1.211290E-15
1.60003  1.211630E-15
1.60044  1.194350E-15
1.60084  1.202570E-15
1.60124  1.191440E-15
1.60164  1.216650E-15
1.60205  1.206450E-15
1.60245  1.178430E-15
1.60285  1.208590E-15
1.60326  1.171320E-15
1.60366  1.205100E-15
1.60406  1.183360E-15
1.60447  1.198170E-15
1.60487  1.210990E-15
1.60527  1.202090E-15
1.60567  1.200570E-15
1.60608  1.211330E-15
1.60648  1.216330E-15
1.60688  1.227500E-15
1.60729  1.234400E-15
1.60769  1.199960E-15
1.60809  1.193730E-15
1.60849  1.205360E-15
1.6089  1.202720E-15
1.6093  1.214500E-15
1.6097  1.206080E-15
1.61011  1.216010E-15
1.61051  1.206830E-15
1.61091  1.200660E-15
1.61131  1.198730E-15
1.61172  1.227080E-15
1.61212  1.216190E-15
1.61252  1.168280E-15
1.61293  1.189770E-15
1.61333  1.185490E-15
1.61373  1.188530E-15
1.61413  1.189000E-15
1.61454  1.210740E-15
1.61494  1.205560E-15
1.61534  1.208750E-15
1.61575  1.198660E-15
1.61615  1.207410E-15
1.61655  1.209790E-15
1.61695  1.179780E-15
1.61736  1.176840E-15
1.61776  1.181520E-15
1.61816  1.187200E-15
1.61857  1.183420E-15
1.61897  1.180890E-15
1.61937  1.209110E-15
1.61977  1.170860E-15
1.62018  1.175880E-15
1.62058  1.171320E-15
1.62098  1.203390E-15
1.62139  1.184610E-15
1.62179  1.182220E-15
1.62219  1.193240E-15
1.62259  1.192180E-15
1.623  1.155900E-15
1.6234  1.203420E-15
1.6238  1.195530E-15
1.6242  1.198750E-15
1.62461  1.211080E-15
1.62501  1.202250E-15
1.62541  1.206830E-15
1.62582  1.197030E-15
1.62622  1.206850E-15
1.62662  1.221000E-15
1.62702  1.209810E-15
1.62743  1.208010E-15
1.62783  1.198680E-15
1.62823  1.191670E-15
1.62863  1.194550E-15
1.62904  1.201860E-15
1.62944  1.173990E-15
1.62984  1.191920E-15
1.63025  1.190530E-15
1.63065  1.157380E-15
1.63105  1.176490E-15
1.63145  1.191420E-15
1.63186  1.173310E-15
1.63226  1.176540E-15
1.63266  1.157690E-15
1.63306  1.170900E-15
1.63347  1.163980E-15
1.63387  1.157100E-15
1.63427  1.165550E-15
1.63467  1.169880E-15
1.63508  1.199160E-15
1.63548  1.163100E-15
1.63588  1.177640E-15
1.63628  1.205280E-15
1.63669  1.192830E-15
1.63709  1.180680E-15
1.63749  1.192290E-15
1.6379  1.180480E-15
1.6383  1.193820E-15
1.6387  1.207240E-15
1.6391  1.193210E-15
1.63951  1.199280E-15
1.63991  1.203550E-15
1.64031  1.189500E-15
1.64071  1.202580E-15
1.64112  1.211490E-15
1.64152  1.236030E-15
1.64192  1.235200E-15
1.64232  1.266130E-15
1.64273  1.223610E-15
1.64313  1.233410E-15
1.64353  1.208770E-15
1.64393  1.192480E-15
1.64434  1.222540E-15
1.64474  1.221050E-15
1.64514  1.204760E-15
1.64554  1.191800E-15
1.64595  1.206580E-15
1.64635  1.217840E-15
1.64675  1.183710E-15
1.64715  1.209750E-15
1.64756  1.176540E-15
1.64796  1.195530E-15
1.64836  1.204500E-15
1.64876  1.177730E-15
1.64917  1.226930E-15
1.64957  1.204840E-15
1.64997  1.186540E-15
1.65037  1.160640E-15
1.65078  1.204020E-15
1.65118  1.188090E-15
1.65158  1.166310E-15
1.65198  1.190460E-15
1.65239  1.177310E-15
1.65279  1.184230E-15
1.65319  1.160660E-15
1.65359  1.179790E-15
1.654  1.181430E-15
1.6544  1.160530E-15
1.6548  1.152940E-15
1.6552  1.177420E-15
1.65561  1.179090E-15
1.65601  1.172560E-15
1.65641  1.162930E-15
1.65681  1.143680E-15
1.65722  1.143090E-15
1.65762  1.177620E-15
1.65802  1.159130E-15
1.65842  1.176650E-15
1.65883  1.174570E-15
1.65923  1.192120E-15
1.65963  1.169840E-15
1.66003  1.175340E-15
1.66044  1.174560E-15
1.66084  1.180610E-15
1.66124  1.164760E-15
1.66164  1.178510E-15
1.66205  1.195640E-15
1.66245  1.212280E-15
1.66285  1.176560E-15
1.66325  1.176610E-15
1.66366  1.181120E-15
1.66406  1.190560E-15
1.66446  1.176230E-15
1.66486  1.153460E-15
1.66527  1.190550E-15
1.66567  1.191600E-15
1.66607  1.191440E-15
1.66647  1.202370E-15
1.66688  1.206250E-15
1.66728  1.224240E-15
1.66768  1.211310E-15
1.66808  1.230060E-15
1.66848  1.251700E-15
1.66889  1.218320E-15
1.66929  1.268480E-15
1.66969  1.227280E-15
1.67009  1.199480E-15
1.6705  1.226260E-15
1.6709  1.221950E-15
1.6713  1.227400E-15
1.6717  1.197740E-15
1.67211  1.202810E-15
1.67251  1.206620E-15
1.67291  1.185300E-15
1.67331  1.171700E-15
1.67372  1.208580E-15
1.67412  1.190760E-15
1.67452  1.194090E-15
1.67492  1.168320E-15
1.67533  1.180330E-15
1.67573  1.155230E-15
1.67613  1.152320E-15
1.67653  1.163780E-15
1.67693  1.161140E-15
1.67734  1.165490E-15
1.67774  1.162800E-15
1.67814  1.151490E-15
1.67854  1.147300E-15
1.67895  1.178590E-15
1.67935  1.160600E-15
1.67975  1.168280E-15
1.68015  1.157170E-15
1.68056  1.169780E-15
1.68096  1.159500E-15
1.68136  1.149960E-15
1.68176  1.154450E-15
1.68217  1.164660E-15
1.68257  1.163640E-15
1.68297  1.172620E-15
1.68337  1.167030E-15
1.68377  1.163890E-15
1.68418  1.195190E-15
1.68458  1.197760E-15
1.68498  1.187410E-15
1.68538  1.204370E-15
1.68579  1.193400E-15
1.68619  1.189520E-15
1.68659  1.188450E-15
1.68699  1.184120E-15
1.68739  1.183540E-15
1.6878  1.190990E-15
1.6882  1.169910E-15
1.6886  1.181200E-15
1.689  1.158460E-15
1.68941  1.192940E-15
1.68981  1.159850E-15
1.69021  1.193010E-15
1.69061  1.168230E-15
1.69102  1.168030E-15
1.69142  1.193370E-15
1.69182  1.191170E-15
1.69222  1.193570E-15
1.69262  1.202060E-15
1.69303  1.175000E-15
1.69343  1.165850E-15
1.69383  1.198070E-15
1.69423  1.197350E-15
1.69464  1.210150E-15
1.69504  1.185530E-15
1.69544  1.206010E-15
1.69584  1.189960E-15
1.69625  1.198150E-15
1.69665  1.191900E-15
1.69705  1.203170E-15
1.69745  1.190390E-15
1.69785  1.204290E-15
1.69826  1.200750E-15
1.69866  1.199370E-15
1.69906  1.214170E-15
1.69946  1.203510E-15
1.69987  1.244120E-15
1.70027  1.279780E-15
1.70067  1.318370E-15
1.70107  1.372320E-15
1.70147  1.352790E-15
1.70188  1.328780E-15
1.70228  1.322160E-15
1.70268  1.287410E-15
1.70308  1.256000E-15
1.70349  1.237260E-15
1.70389  1.196850E-15
1.70429  1.212300E-15
1.70469  1.232280E-15
1.70509  1.169300E-15
1.7055  1.184270E-15
1.7059  1.194960E-15
1.7063  1.182610E-15
1.7067  1.183770E-15
1.70711  1.202300E-15
1.70751  1.170500E-15
1.70791  1.192550E-15
1.70831  1.174670E-15
1.70871  1.193290E-15
1.70912  1.191950E-15
1.70952  1.197760E-15
1.70992  1.154930E-15
1.71032  1.141460E-15
1.71073  1.174620E-15
1.71113  1.147820E-15
1.71153  1.163430E-15
1.71193  1.193410E-15
1.71233  1.153840E-15
1.71274  1.165270E-15
1.71314  1.138900E-15
1.71354  1.167630E-15
1.71394  1.150550E-15
1.71435  1.168850E-15
1.71475  1.132060E-15
1.71515  1.183880E-15
1.71555  1.150180E-15
1.71596  1.165230E-15
1.71636  1.189280E-15
1.71676  1.168930E-15
1.71716  1.166710E-15
1.71756  1.183540E-15
1.71797  1.146710E-15
1.71837  1.141630E-15
1.71877  1.173010E-15
1.71917  1.165930E-15
1.71958  1.170750E-15
1.71998  1.161240E-15
1.72038  1.152690E-15
1.72078  1.132250E-15
1.72118  1.158770E-15
1.72159  1.146660E-15
1.72199  1.139470E-15
1.72239  1.162720E-15
1.72279  1.125230E-15
1.72319  1.156240E-15
1.7236  1.139950E-15
1.724  1.148620E-15
1.7244  1.123130E-15
1.7248  1.105880E-15
1.72521  1.177450E-15
1.72561  1.146600E-15
1.72601  1.147430E-15
1.72641  1.148460E-15
1.72681  1.132600E-15
1.72722  1.156400E-15
1.72762  1.172550E-15
1.72802  1.146820E-15
1.72842  1.151860E-15
1.72883  1.165840E-15
1.72923  1.168450E-15
1.72963  1.166330E-15
1.73003  1.143440E-15
1.73043  1.155520E-15
1.73084  1.183350E-15
1.73124  1.153480E-15
1.73164  1.184470E-15
1.73204  1.156420E-15
1.73245  1.203680E-15
1.73285  1.175320E-15
1.73325  1.182570E-15
1.73365  1.161280E-15
1.73405  1.166790E-15
1.73446  1.199570E-15
1.73486  1.168500E-15
1.73526  1.203330E-15
1.73566  1.172750E-15
1.73607  1.189080E-15
1.73647  1.212160E-15
1.73687  1.213970E-15
1.73727  1.196320E-15
1.73767  1.210790E-15
1.73808  1.262630E-15
1.73848  1.223040E-15
1.73888  1.268500E-15
1.73928  1.257080E-15
1.73969  1.263450E-15
1.74009  1.263520E-15
1.74049  1.261560E-15
1.74089  1.243990E-15
1.74129  1.237810E-15
1.7417  1.221850E-15
1.7421  1.240220E-15
1.7425  1.225600E-15
1.7429  1.220620E-15
1.74331  1.206340E-15
1.74371  1.189820E-15
1.74411  1.197490E-15
1.74451  1.214810E-15
1.74491  1.163560E-15
1.74532  1.187050E-15
1.74572  1.193580E-15
1.74612  1.172920E-15
1.74652  1.204100E-15
1.74693  1.187150E-15
1.74733  1.197940E-15
1.74773  1.207580E-15
1.74813  1.184040E-15
1.74853  1.183580E-15
1.74894  1.181570E-15
1.74934  1.186030E-15
1.74974  1.190960E-15
1.75014  1.202340E-15
1.75055  1.197180E-15
1.75095  1.201900E-15
1.75135  1.158920E-15
1.75175  1.176620E-15
1.75215  1.182460E-15
1.75256  1.176690E-15
1.75296  1.177480E-15
1.75336  1.177160E-15
1.75376  1.176180E-15
1.75417  1.173950E-15
1.75457  1.157480E-15
1.75497  1.162380E-15
1.75537  1.172030E-15
1.75578  1.152060E-15
1.75618  1.204410E-15
1.75658  1.180650E-15
1.75698  1.178990E-15
1.75738  1.147590E-15
1.75779  1.141230E-15
1.75819  1.168280E-15
1.75859  1.181790E-15
1.75899  1.168470E-15
1.7594  1.162920E-15
1.7598  1.154800E-15
1.7602  1.145700E-15
1.7606  1.142520E-15
1.761  1.142280E-15
1.76141  1.193900E-15
1.76181  1.154060E-15
1.76221  1.176160E-15
1.76261  1.185780E-15
1.76302  1.156490E-15
1.76342  1.147440E-15
1.76382  1.166370E-15
1.76422  1.136900E-15
1.76462  1.165910E-15
1.76503  1.199810E-15
1.76543  1.134090E-15
1.76583  1.172860E-15
1.76623  1.150630E-15
1.76664  1.147320E-15
1.76704  1.196270E-15
1.76744  1.153320E-15
1.76784  1.141720E-15
1.76825  1.152840E-15
1.76865  1.155200E-15
1.76905  1.151700E-15
1.76945  1.156470E-15
1.76985  1.147400E-15
1.77026  1.116050E-15
1.77066  1.127420E-15
1.77106  1.116110E-15
1.77146  1.112040E-15
1.77187  1.132710E-15
1.77227  1.177710E-15
1.77267  1.152890E-15
1.77307  1.138140E-15
1.77348  1.147950E-15
1.77388  1.165470E-15
1.77428  1.147630E-15
1.77468  1.166900E-15
1.77508  1.148820E-15
1.77549  1.141210E-15
1.77589  1.142840E-15
1.77629  1.161360E-15
1.77669  1.155070E-15
1.7771  1.130120E-15
1.7775  1.123110E-15
1.7779  1.123490E-15
1.7783  1.121520E-15
1.77871  1.179570E-15
1.77911  1.158800E-15
1.77951  1.138900E-15
1.77991  1.139830E-15
1.78031  1.140510E-15
1.78072  1.151530E-15
1.78112  1.156890E-15
1.78152  1.167910E-15
1.78192  1.131150E-15
1.78233  1.170600E-15
1.78273  1.135750E-15
1.78313  1.130390E-15
1.78353  1.145410E-15
1.78394  1.126190E-15
1.78434  1.109750E-15
1.78474  1.150590E-15
1.78514  1.119140E-15
1.78555  1.140390E-15
1.78595  1.137490E-15
1.78635  1.100800E-15
1.78675  1.130180E-15
1.78715  1.185070E-15
1.78756  1.154470E-15
1.78796  1.154430E-15
1.78836  1.171700E-15
1.78876  1.189330E-15
1.78917  1.161760E-15
1.78957  1.160200E-15
1.78997  1.140270E-15
1.79037  1.172260E-15
1.79078  1.156110E-15
1.79118  1.167530E-15
1.79158  1.137450E-15
1.79198  1.158200E-15
1.79239  1.163540E-15
1.79279  1.168220E-15
1.79319  1.152440E-15
1.79359  1.174040E-15
1.794  1.190280E-15
1.7944  1.178230E-15
1.7948  1.203750E-15
1.7952  1.195690E-15
1.79561  1.212140E-15
1.79601  1.182900E-15
1.79641  1.193480E-15
1.79681  1.189490E-15
1.79721  1.241160E-15
1.79762  1.219570E-15
1.79802  1.245970E-15
1.79842  1.205330E-15
1.79882  1.230560E-15
1.79923  1.186060E-15
1.79963  1.217700E-15
1.80003  1.236780E-15
1.80043  1.195870E-15
1.80084  1.200720E-15
1.80124  1.140710E-15
1.80164  1.148990E-15
1.80204  1.211990E-15
1.80245  1.200200E-15
1.80285  1.213360E-15
1.80325  1.204370E-15
1.80365  1.193160E-15
1.80406  1.197110E-15
1.80446  1.175580E-15
1.80486  1.205650E-15
1.80526  1.139900E-15
1.80567  1.149740E-15
1.80607  1.122600E-15
1.80647  1.184300E-15
1.80687  1.188760E-15
1.80728  1.162820E-15
1.80768  1.166060E-15
1.80808  1.186890E-15
1.80848  1.183470E-15
1.80889  1.183590E-15
1.80929  1.181850E-15
1.80969  1.146720E-15
1.81009  1.136200E-15
1.8105  1.165010E-15
1.8109  1.141090E-15
1.8113  1.194690E-15
1.8117  1.132360E-15
1.81211  1.146820E-15
1.81251  1.131280E-15
1.81291  1.141170E-15
1.90195  1.020850E-15
1.90249  1.049560E-15
1.90303  1.077260E-15
1.90357  1.052870E-15
1.90411  1.040420E-15
1.90465  1.138760E-15
1.90519  1.129730E-15
1.90573  9.891460E-16
1.90627  9.345351E-16
1.90681  9.791480E-16
1.90735  1.034690E-15
1.90789  1.010590E-15
1.90843  1.071060E-15
1.90897  1.099390E-15
1.90951  1.094030E-15
1.91004  1.083060E-15
1.91058  1.060760E-15
1.91112  1.044160E-15
1.91166  1.040140E-15
1.9122  1.046350E-15
1.91274  9.906490E-16
1.91328  1.024150E-15
1.91382  9.715450E-16
1.91436  1.021550E-15
1.9149  1.036680E-15
1.91544  1.035210E-15
1.91598  1.018320E-15
1.91652  1.036480E-15
1.91706  1.030110E-15
1.9176  1.054740E-15
1.91813  1.128200E-15
1.91867  1.176720E-15
1.91921  1.217000E-15
1.91975  1.110910E-15
1.92029  1.019720E-15
1.92083  9.906440E-16
1.92137  1.048670E-15
1.92191  1.063320E-15
1.92245  1.138080E-15
1.92299  1.124420E-15
1.92353  1.093090E-15
1.92407  1.095790E-15
1.92461  1.093950E-15
1.92515  1.106470E-15
1.92568  1.146620E-15
1.92622  1.156060E-15
1.92676  1.173600E-15
1.9273  1.160100E-15
1.92784  1.121950E-15
1.92838  1.176200E-15
1.92892  1.218690E-15
1.92946  1.207690E-15
1.93  1.217530E-15
1.93054  1.241130E-15
1.93108  1.245180E-15
1.93162  1.253900E-15
1.93215  1.312000E-15
1.93269  1.352680E-15
1.93323  1.373450E-15
1.93377  1.440300E-15
1.93431  1.517130E-15
1.93485  1.574240E-15
1.93539  1.606980E-15
1.93593  1.696300E-15
1.93647  1.781200E-15
1.93701  1.839270E-15
1.93755  1.928740E-15
1.93808  2.033510E-15
1.93862  2.105970E-15
1.93916  2.287560E-15
1.9397  2.485170E-15
1.94024  2.627510E-15
1.94078  2.819660E-15
1.94132  3.007370E-15
1.94186  3.079540E-15
1.9424  3.006920E-15
1.94294  2.965750E-15
1.94347  2.821850E-15
1.94401  2.634050E-15
1.94455  2.491380E-15
1.94509  2.365550E-15
1.94563  2.243160E-15
1.94617  2.155600E-15
1.94671  2.066930E-15
1.94725  1.943560E-15
1.94779  1.834820E-15
1.94833  1.714990E-15
1.94886  1.620760E-15
1.9494  1.537700E-15
1.94994  1.488340E-15
1.95048  1.439230E-15
1.95102  1.411690E-15
1.95156  1.362110E-15
1.9521  1.329150E-15
1.95264  1.300390E-15
1.95318  1.247350E-15
1.95371  1.203090E-15
1.95425  1.175130E-15
1.95479  1.178780E-15
1.95533  1.120500E-15
1.95587  1.145640E-15
1.95641  1.117390E-15
1.95695  1.117540E-15
1.95749  1.106030E-15
1.95802  1.084230E-15
1.95856  1.094350E-15
1.9591  1.105800E-15
1.95964  1.098000E-15
1.96018  1.097450E-15
1.96072  1.108450E-15
1.96126  1.108290E-15
1.9618  1.102640E-15
1.96234  1.085030E-15
1.96287  1.082130E-15
1.96341  1.075700E-15
1.96395  1.084180E-15
1.96449  1.077140E-15
1.96503  1.083080E-15
1.96557  1.079070E-15
1.96611  1.072990E-15
1.96665  1.071740E-15
1.96718  1.075980E-15
1.96772  1.073020E-15
1.96826  1.064510E-15
1.9688  1.077800E-15
1.96934  1.069080E-15
1.96988  1.072410E-15
1.97042  1.073700E-15
1.97095  1.074790E-15
1.97149  1.074070E-15
1.97203  1.068620E-15
1.97257  1.080960E-15
1.97311  1.073900E-15
1.97365  1.083150E-15
1.97419  1.069540E-15
1.97473  1.075850E-15
1.97526  1.080580E-15
1.9758  1.091340E-15
1.97634  1.084480E-15
1.97688  1.095970E-15
1.97742  1.085740E-15
1.97796  1.092280E-15
1.9785  1.089140E-15
1.97903  1.089400E-15
1.97957  1.076630E-15
1.98011  1.094680E-15
1.98065  1.085020E-15
1.98119  1.082350E-15
1.98173  1.076430E-15
1.98227  1.094110E-15
1.9828  1.089070E-15
1.98334  1.086590E-15
1.98388  1.093630E-15
1.98442  1.087170E-15
1.98496  1.094440E-15
1.9855  1.100700E-15
1.98604  1.088260E-15
1.98657  1.100330E-15
1.98711  1.103880E-15
1.98765  1.097860E-15
1.98819  1.120620E-15
1.98873  1.119470E-15
1.98927  1.117180E-15
1.9898  1.110180E-15
1.99034  1.098810E-15
1.99088  1.103820E-15
1.99142  1.090380E-15
1.99196  1.097720E-15
1.9925  1.088770E-15
1.99304  1.087030E-15
1.99357  1.090330E-15
1.99411  1.091580E-15
1.99465  1.077730E-15
1.99519  1.084010E-15
1.99573  1.083260E-15
1.99627  1.083090E-15
1.9968  1.081890E-15
1.99734  1.092270E-15
1.99788  1.070780E-15
1.99842  1.063210E-15
1.99896  1.051150E-15
1.9995  1.030340E-15
2.00003  1.043940E-15
2.00057  1.036670E-15
2.00111  1.014750E-15
2.00165  1.034360E-15
2.00219  1.021920E-15
2.00273  1.017440E-15
2.00326  1.017480E-15
2.0038  1.011660E-15
2.00434  1.006380E-15
2.00488  9.873680E-16
2.00542  1.003270E-15
2.00596  9.956310E-16
2.00649  9.996110E-16
2.00703  1.021540E-15
2.00757  1.042760E-15
2.00811  1.069600E-15
2.00865  1.095390E-15
2.00919  1.104230E-15
2.00972  1.123000E-15
2.01026  1.104980E-15
2.0108  1.090020E-15
2.01134  1.096040E-15
2.01188  1.092080E-15
2.01241  1.112960E-15
2.01295  1.108460E-15
2.01349  1.122800E-15
2.01403  1.119610E-15
2.01457  1.112120E-15
2.01511  1.123850E-15
2.01564  1.132870E-15
2.01618  1.117960E-15
2.01672  1.102780E-15
2.01726  1.089820E-15
2.0178  1.087480E-15
2.01834  1.101840E-15
2.01887  1.095030E-15
2.01941  1.100580E-15
2.01995  1.105370E-15
2.02049  1.094830E-15
2.02103  1.101700E-15
2.02156  1.105010E-15
2.0221  1.096350E-15
2.02264  1.099700E-15
2.02318  1.087180E-15
2.02372  1.087030E-15
2.02425  1.096030E-15
2.02479  1.102750E-15
2.02533  1.117970E-15
2.02587  1.130700E-15
2.02641  1.109870E-15
2.02695  1.124600E-15
2.02748  1.104900E-15
2.02802  1.109290E-15
2.02856  1.106240E-15
2.0291  1.095370E-15
2.02964  1.104200E-15
2.03017  1.116590E-15
2.03071  1.132270E-15
2.03125  1.153060E-15
2.03179  1.173630E-15
2.03233  1.166020E-15
2.03286  1.176940E-15
2.0334  1.145980E-15
2.03394  1.125280E-15
2.03448  1.127640E-15
2.03502  1.117830E-15
2.03555  1.099700E-15
2.03609  1.092190E-15
2.03663  1.081940E-15
2.03717  1.081080E-15
2.03771  1.082710E-15
2.03824  1.084450E-15
2.03878  1.072990E-15
2.03932  1.079210E-15
2.03986  1.077360E-15
2.0404  1.060750E-15
2.04093  1.069620E-15
2.04147  1.060110E-15
2.04201  1.058910E-15
2.04255  1.059400E-15
2.04309  1.053850E-15
2.04362  1.060450E-15
2.04416  1.065040E-15
2.0447  1.057880E-15
2.04524  1.066190E-15
2.04578  1.065360E-15
2.04631  1.064090E-15
2.04685  1.052590E-15
2.04739  1.058520E-15
2.04793  1.062120E-15
2.04846  1.039190E-15
2.049  1.054880E-15
2.04954  1.048330E-15
2.05008  1.031200E-15
2.05062  1.042970E-15
2.05115  1.039800E-15
2.05169  1.037450E-15
2.05223  1.029460E-15
2.05277  1.043130E-15
2.05331  1.028860E-15
2.05384  1.027940E-15
2.05438  1.022410E-15
2.05492  1.025590E-15
2.05546  1.033820E-15
2.05599  1.037320E-15
2.05653  1.018590E-15
2.05707  1.004980E-15
2.05761  1.023020E-15
2.05815  1.026120E-15
2.05868  1.026200E-15
2.05922  1.041490E-15
2.05976  1.049890E-15
2.0603  1.046940E-15
2.06083  1.048810E-15
2.06137  1.049050E-15
2.06191  1.044940E-15
2.06245  1.033790E-15
2.06299  1.021560E-15
2.06352  1.019010E-15
2.06406  1.032930E-15
2.0646  1.030180E-15
2.06514  1.028070E-15
2.06567  1.024220E-15
2.06621  1.022560E-15
2.06675  1.029310E-15
2.06729  1.025510E-15
2.06783  1.031960E-15
2.06836  1.030270E-15
2.0689  1.026500E-15
2.06944  1.029390E-15
2.06998  1.036390E-15
2.07051  1.032780E-15
2.07105  1.033340E-15
2.07159  1.053260E-15
2.07213  1.047340E-15
2.07266  1.034190E-15
2.0732  1.047930E-15
2.07374  1.047070E-15
2.07428  1.042130E-15
2.07482  1.051110E-15
2.07535  1.040950E-15
2.07589  1.046310E-15
2.07643  1.039850E-15
2.07697  1.044300E-15
2.0775  1.043920E-15
2.07804  1.043120E-15
2.07858  1.048030E-15
2.07912  1.047280E-15
2.07965  1.047440E-15
2.08019  1.054920E-15
2.08073  1.045670E-15
2.08127  1.046470E-15
2.0818  1.050590E-15
2.08234  1.046270E-15
2.08288  1.042050E-15
2.08342  1.048840E-15
2.08396  1.044570E-15
2.08449  1.047670E-15
2.08503  1.049990E-15
2.08557  1.054940E-15
2.08611  1.053140E-15
2.08664  1.056730E-15
2.08718  1.053400E-15
2.08772  1.058770E-15
2.08826  1.051080E-15
2.08879  1.048560E-15
2.08933  1.043220E-15
2.08987  1.059410E-15
2.09041  1.051550E-15
2.09094  1.045910E-15
2.09148  1.043660E-15
2.09202  1.048040E-15
2.09256  1.044660E-15
2.09309  1.048040E-15
2.09363  1.050280E-15
2.09417  1.058290E-15
2.09471  1.047100E-15
2.09524  1.043930E-15
2.09578  1.061440E-15
2.09632  1.052750E-15
2.09686  1.052110E-15
2.09739  1.051460E-15
2.09793  1.052770E-15
2.09847  1.052780E-15
2.09901  1.048400E-15
2.09954  1.051340E-15
2.10008  1.054070E-15
2.10062  1.055080E-15
2.10116  1.045490E-15
2.10169  1.048760E-15
2.10223  1.046580E-15
2.10277  1.048070E-15
2.10331  1.054850E-15
2.10384  1.058810E-15
2.10438  1.067750E-15
2.10492  1.064180E-15
2.10546  1.062110E-15
2.10599  1.059370E-15
2.10653  1.061240E-15
2.10707  1.054570E-15
2.10761  1.058460E-15
2.10814  1.060880E-15
2.10868  1.057600E-15
2.10922  1.064990E-15
2.10976  1.061610E-15
2.11029  1.047840E-15
2.11083  1.048810E-15
2.11137  1.066910E-15
2.1119  1.065270E-15
2.11244  1.061400E-15
2.11298  1.062390E-15
2.11352  1.059630E-15
2.11405  1.068390E-15
2.11459  1.057180E-15
2.11513  1.062310E-15
2.11567  1.059810E-15
2.1162  1.068580E-15
2.11674  1.060110E-15
2.11728  1.062480E-15
2.11782  1.061380E-15
2.11835  1.064500E-15
2.11889  1.058080E-15
2.11943  1.061600E-15
2.11996  1.058760E-15
2.1205  1.057460E-15
2.12104  1.064570E-15
2.12158  1.063250E-15
2.12211  1.063860E-15
2.12265  1.068700E-15
2.12319  1.068890E-15
2.12373  1.067890E-15
2.12426  1.077200E-15
2.1248  1.065800E-15
2.12534  1.067700E-15
2.12588  1.071640E-15
2.12641  1.069850E-15
2.12695  1.077990E-15
2.12749  1.065680E-15
2.12802  1.078660E-15
2.12856  1.075220E-15
2.1291  1.073120E-15
2.12964  1.083740E-15
2.13017  1.090030E-15
2.13071  1.092080E-15
2.13125  1.086230E-15
2.13179  1.077350E-15
2.13232  1.077880E-15
2.13286  1.092600E-15
2.1334  1.083810E-15
2.13393  1.079500E-15
2.13447  1.083740E-15
2.13501  1.088990E-15
2.13555  1.066660E-15
2.13608  1.078590E-15
2.13662  1.076710E-15
2.13716  1.078020E-15
2.13769  1.074930E-15
2.13823  1.078080E-15
2.13877  1.079500E-15
2.13931  1.078710E-15
2.13984  1.076960E-15
2.14038  1.078770E-15
2.14092  1.073490E-15
2.14145  1.065610E-15
2.14199  1.058550E-15
2.14253  1.062190E-15
2.14307  1.060780E-15
2.1436  1.051080E-15
2.14414  1.064460E-15
2.14468  1.058310E-15
2.14522  1.051820E-15
2.14575  1.064270E-15
2.14629  1.054310E-15
2.14683  1.048900E-15
2.14736  1.059680E-15
2.1479  1.058060E-15
2.14844  1.052190E-15
2.14898  1.049210E-15
2.14951  1.056140E-15
2.15005  1.068660E-15
2.15059  1.064420E-15
2.15112  1.056180E-15
2.15166  1.041180E-15
2.1522  1.043300E-15
2.15274  1.060240E-15
2.15327  1.046010E-15
2.15381  1.042090E-15
2.15435  1.036420E-15
2.15488  1.048150E-15
2.15542  1.040510E-15
2.15596  1.034150E-15
2.15649  1.051070E-15
2.15703  1.051880E-15
2.15757  1.044140E-15
2.15811  1.048350E-15
2.15864  1.041030E-15
2.15918  1.048320E-15
2.15972  1.056050E-15
2.16025  1.051820E-15
2.16079  1.050850E-15
2.16133  1.054690E-15
2.16187  1.047020E-15
2.1624  1.045580E-15
2.16294  1.055540E-15
2.16348  1.044530E-15
2.16401  1.046480E-15
2.16455  1.054740E-15
2.16509  1.055530E-15
2.16563  1.058590E-15
2.16616  1.063110E-15
2.1667  1.076500E-15
2.16724  1.066620E-15
2.16777  1.060290E-15
2.16831  1.056610E-15
2.16885  1.049440E-15
2.16938  1.052050E-15
2.16992  1.052900E-15
2.17046  1.039710E-15
2.171  1.038470E-15
2.17153  1.041560E-15
2.17207  1.043340E-15
2.17261  1.053230E-15
2.17314  1.041480E-15
2.17368  1.045450E-15
2.17422  1.049370E-15
2.17475  1.038560E-15
2.17529  1.034440E-15
2.17583  1.037810E-15
2.17637  1.048160E-15
2.1769  1.031410E-15
2.17744  1.035360E-15
2.17798  1.040400E-15
2.17851  1.033610E-15
2.17905  1.041380E-15
2.17959  1.023060E-15
2.18012  1.032450E-15
2.18066  1.027800E-15
2.1812  1.041040E-15
2.18174  1.031720E-15
2.18227  1.042170E-15
2.18281  1.044260E-15
2.18335  1.049200E-15
2.18388  1.037430E-15
2.18442  1.045610E-15
2.18496  1.036320E-15
2.18549  1.042790E-15
2.18603  1.048220E-15
2.18657  1.046080E-15
2.1871  1.045430E-15
2.18764  1.040990E-15
2.18818  1.044610E-15
2.18872  1.037020E-15
2.18925  1.029420E-15
2.18979  1.042290E-15
2.19033  1.042400E-15
2.19086  1.034690E-15
2.1914  1.040270E-15
2.19194  1.033470E-15
2.19247  1.039700E-15
2.19301  1.049330E-15
2.19355  1.043530E-15
2.19408  1.053750E-15
2.19462  1.044920E-15
2.19516  1.069420E-15
2.1957  1.071700E-15
2.19623  1.063930E-15
2.19677  1.050380E-15
2.19731  1.055380E-15
2.19784  1.058250E-15
2.19838  1.061620E-15
2.19892  1.034740E-15
2.19945  1.029100E-15
2.19999  1.023980E-15
2.20053  1.014740E-15
2.20106  1.010900E-15
2.2016  1.026940E-15
2.20214  1.021580E-15
2.20267  1.021020E-15
2.20321  1.035710E-15
2.20375  1.035680E-15
2.20429  1.032970E-15
2.20482  1.035580E-15
2.20536  1.033970E-15
2.2059  1.038930E-15
2.20643  1.034850E-15
2.20697  1.031280E-15
2.20751  1.043650E-15
2.20804  1.043460E-15
2.20858  1.033770E-15
2.20912  1.028900E-15
2.20965  1.044010E-15
2.21019  1.038260E-15
2.21073  1.038670E-15
2.21126  1.034780E-15
2.2118  1.039330E-15
2.21234  1.048290E-15
2.21287  1.053600E-15
2.21341  1.049550E-15
2.21395  1.053890E-15
2.21449  1.035460E-15
2.21502  1.028750E-15
2.21556  1.039160E-15
2.2161  1.040100E-15
2.21663  1.037770E-15
2.21717  1.036820E-15
2.21771  1.039620E-15
2.21824  1.043300E-15
2.21878  1.034810E-15
2.21932  1.035120E-15
2.21985  1.036780E-15
2.22039  1.035760E-15
2.22093  1.033610E-15
2.22146  1.033330E-15
2.222  1.041370E-15
2.22254  1.034720E-15
2.22307  1.040680E-15
2.22361  1.034450E-15
2.22415  1.033080E-15
2.22468  1.036310E-15
2.22522  1.028220E-15
2.22576  1.049030E-15
2.22629  1.038550E-15
2.22683  1.037700E-15
2.22737  1.046560E-15
2.2279  1.039850E-15
2.22844  1.048100E-15
2.22898  1.051380E-15
2.22952  1.052260E-15
2.23005  1.044490E-15
2.23059  1.061380E-15
2.23113  1.050820E-15
2.23166  1.063820E-15
2.2322  1.057240E-15
2.23274  1.065600E-15
2.23327  1.072270E-15
2.23381  1.076770E-15
2.23435  1.082750E-15
2.23488  1.080040E-15
2.23542  1.088360E-15
2.23596  1.101590E-15
2.23649  1.108880E-15
2.23703  1.105730E-15
2.23757  1.104420E-15
2.2381  1.108190E-15
2.23864  1.133730E-15
2.23918  1.136420E-15
2.23971  1.143380E-15
2.24025  1.161350E-15
2.24079  1.174000E-15
2.24132  1.187450E-15
2.24186  1.203840E-15
2.2424  1.205620E-15
2.24293  1.211340E-15
2.24347  1.200750E-15
2.24401  1.194340E-15
2.24454  1.182950E-15
2.24508  1.178300E-15
2.24562  1.177000E-15
2.24615  1.148920E-15
2.24669  1.141630E-15
2.24723  1.132090E-15
2.24776  1.128660E-15
2.2483  1.126510E-15
2.24884  1.126850E-15
2.24937  1.104020E-15
2.24991  1.096260E-15
2.25045  1.085010E-15
2.25098  1.081390E-15
2.25152  1.081850E-15
2.25206  1.068010E-15
2.25259  1.070390E-15
2.25313  1.062130E-15
2.25367  1.058570E-15
2.2542  1.056790E-15
2.25474  1.044270E-15
2.25528  1.051750E-15
2.25581  1.043520E-15
2.25635  1.029730E-15
2.25689  1.039070E-15
2.25742  1.036740E-15
2.25796  1.029990E-15
2.2585  1.042550E-15
2.25903  1.038400E-15
2.25957  1.029260E-15
2.26011  1.043190E-15
2.26064  1.021370E-15
2.26118  1.025410E-15
2.26172  1.040600E-15
2.26225  1.017840E-15
2.26279  1.034870E-15
2.26333  1.022290E-15
2.26386  1.024470E-15
2.2644  1.023850E-15
2.26494  1.025520E-15
2.26547  1.030720E-15
2.26601  1.020920E-15
2.26655  1.031140E-15
2.26708  1.033310E-15
2.26762  1.035490E-15
2.26816  1.017000E-15
2.26869  1.018790E-15
2.26923  1.016240E-15
2.26977  1.020960E-15
2.2703  1.019930E-15
2.27084  1.013030E-15
2.27138  1.018650E-15
2.27191  1.007340E-15
2.27245  1.014780E-15
2.27299  1.023850E-15
2.27352  1.028300E-15
2.27406  1.030510E-15
2.2746  1.017530E-15
2.27513  1.015180E-15
2.27567  1.019140E-15
2.27621  1.001980E-15
2.27674  1.015340E-15
2.27728  1.015910E-15
2.27782  1.015000E-15
2.27835  1.008360E-15
2.27889  1.019900E-15
2.27943  1.021060E-15
2.27996  1.009700E-15
2.2805  1.021990E-15
2.28104  1.022950E-15
2.28157  1.011250E-15
2.28211  1.020150E-15
2.28265  1.009860E-15
2.28318  1.002320E-15
2.28372  1.012320E-15
2.28426  1.000170E-15
2.28479  1.009470E-15
2.28533  1.000520E-15
2.28587  1.008220E-15
2.2864  1.013300E-15
2.28694  1.011240E-15
2.28748  1.010680E-15
2.28801  1.012040E-15
2.28855  1.010350E-15
2.28909  1.001340E-15
2.28962  1.001060E-15
2.29016  1.011800E-15
2.29069  1.004670E-15
2.29123  1.010330E-15
2.29177  1.023720E-15
2.2923  1.011320E-15
2.29284  1.028480E-15
2.29338  1.010700E-15
2.29391  1.009450E-15
2.29445  1.014410E-15
2.29499  1.003370E-15
2.29552  9.913500E-16
2.29606  1.002030E-15
2.2966  1.013160E-15
2.29713  1.011110E-15
2.29767  1.008050E-15
2.29821  1.015580E-15
2.29874  9.982210E-16
2.29928  9.865160E-16
2.29982  9.896790E-16
2.30035  1.002280E-15
2.30089  1.016640E-15
2.30143  1.002810E-15
2.30196  1.020800E-15
2.3025  1.019340E-15
2.30304  1.003200E-15
2.30357  1.000550E-15
2.30411  1.005790E-15
2.30465  1.002580E-15
2.30518  1.006440E-15
2.30572  1.000210E-15
2.30626  9.914620E-16
2.30679  9.971930E-16
2.30733  1.005840E-15
2.30787  1.006480E-15
2.3084  9.991500E-16
2.30894  1.008320E-15
2.30948  1.003760E-15
2.31001  1.017680E-15
2.31055  1.015950E-15
2.31108  1.007130E-15
2.31162  1.010590E-15
2.31216  1.019690E-15
2.31269  1.015190E-15
2.31323  1.007210E-15
2.31377  1.000600E-15
2.3143  1.018100E-15
2.31484  1.009230E-15
2.31538  1.009160E-15
2.31591  9.935920E-16
2.31645  9.796790E-16
2.31699  9.689390E-16
2.31752  9.809160E-16
2.31806  9.739430E-16
2.3186  9.776340E-16
2.31913  9.886010E-16
2.31967  9.854570E-16
2.32021  9.882020E-16
2.32074  9.991980E-16
2.32128  9.873790E-16
2.32182  1.003270E-15
2.32235  9.832870E-16
2.32289  9.998660E-16
2.32343  1.001070E-15
2.32396  1.011600E-15
2.3245  9.996470E-16
2.32504  9.928870E-16
2.32557  1.008120E-15
2.32611  1.004710E-15
2.32664  1.002270E-15
2.32718  1.008690E-15
2.32772  1.010840E-15
2.32825  1.001680E-15
2.32879  9.994900E-16
2.32933  9.928230E-16
2.32986  1.003700E-15
2.3304  1.008640E-15
2.33094  1.000640E-15
2.33147  9.925830E-16
2.33201  9.975160E-16
2.33255  1.002680E-15
2.33308  9.994210E-16
2.33362  1.008860E-15
2.33416  9.957450E-16
2.33469  1.008600E-15
2.33523  9.984791E-16
2.33577  1.006020E-15
2.3363  9.988740E-16
2.33684  9.942160E-16
2.33738  9.855640E-16
2.33791  9.976100E-16
2.33845  1.005470E-15
2.33899  9.996130E-16
2.33952  1.009250E-15
2.34006  9.945169E-16
2.3406  9.875800E-16
2.34113  9.861440E-16
2.34167  9.728680E-16
2.3422  9.867870E-16
2.34274  9.867999E-16
2.34328  9.907081E-16
2.34381  9.873640E-16
2.34435  9.915520E-16
2.34489  9.934380E-16
2.34542  9.887359E-16
2.34596  9.941480E-16
2.3465  9.779600E-16
2.34703  9.857840E-16
2.34757  9.787080E-16
2.34811  9.997980E-16
2.34864  1.003790E-15
2.34918  9.913340E-16
2.34972  9.856080E-16
2.35025  9.940940E-16
2.35079  9.986660E-16
2.35133  9.831050E-16
2.35186  9.909500E-16
2.3524  9.820280E-16
2.35294  9.929130E-16
2.35347  9.881040E-16
2.35401  1.010050E-15
2.35455  9.796930E-16
2.35508  9.818670E-16
2.35562  9.771850E-16
2.35615  9.921890E-16
2.35669  9.804480E-16
2.35723  9.925800E-16
2.35776  9.767270E-16
2.3583  9.973380E-16
2.35884  9.872810E-16
2.35937  9.848639E-16
2.35991  1.000640E-15
2.36045  9.987100E-16
2.36098  9.932160E-16
2.36152  9.898050E-16
2.36206  9.904730E-16
2.36259  9.945730E-16
2.36313  1.011500E-15
2.36367  9.915570E-16
2.3642  9.768060E-16
2.36474  9.856530E-16
2.36528  1.002980E-15
2.36581  1.000470E-15
2.36635  9.905440E-16
2.36689  9.813740E-16
2.36742  9.944680E-16
2.36796  9.891570E-16
2.3685  9.892200E-16
2.36903  1.002040E-15
2.36957  9.652130E-16
2.37011  9.502450E-16
2.37064  9.661020E-16
2.37118  9.367420E-16
2.37171  9.396970E-16
2.37225  9.704590E-16
2.37279  9.664220E-16
2.37332  9.710280E-16
2.37386  9.797820E-16
2.3744  9.769230E-16
2.37493  9.733310E-16
2.37547  9.643420E-16
2.37601  9.577250E-16
2.37654  9.649010E-16
2.37708  9.752400E-16
2.37762  9.668950E-16
2.37815  9.782820E-16
2.37869  9.604530E-16
2.37923  9.621570E-16
2.37976  9.759750E-16
2.3803  9.522491E-16
2.38084  9.625250E-16
2.38137  9.654570E-16
2.38191  9.774950E-16
2.38245  9.719970E-16
2.38298  9.548340E-16
2.38352  9.551629E-16
2.38406  9.776550E-16
2.38459  9.641950E-16
2.38513  9.717210E-16
2.38567  9.635220E-16
2.3862  9.663650E-16
2.38674  9.708350E-16
2.38727  9.679279E-16
2.38781  9.649740E-16
2.38835  9.820040E-16
2.38888  9.819220E-16
2.38942  9.940760E-16
2.38996  9.848970E-16
2.39049  9.772800E-16
2.39103  9.753050E-16
2.39157  9.876420E-16
2.3921  9.810430E-16
2.39264  9.873390E-16
2.39318  9.675140E-16
2.39371  9.673400E-16
2.39425  9.781380E-16
2.39479  9.598410E-16
2.39532  9.766210E-16
2.39586  9.589550E-16
2.3964  9.700570E-16
2.39693  9.775410E-16
2.39747  9.725570E-16
2.39801  9.685630E-16
2.39854  9.873470E-16
2.39908  9.665720E-16
2.39962  9.549100E-16
2.40015  9.709240E-16
2.40069  9.730070E-16
2.40123  9.793380E-16
2.40176  9.899690E-16
2.4023  9.952750E-16
2.40284  1.006700E-15
2.40337  9.787950E-16
2.40391  9.841090E-16
2.40445  9.784860E-16
2.40498  9.687059E-16
2.40552  9.687890E-16
2.40605  9.527850E-16
2.40659  9.542000E-16
2.40713  9.668000E-16
2.40766  9.755330E-16
2.4082  9.668270E-16
2.40874  9.484680E-16
2.40927  9.688000E-16
2.40981  9.589160E-16
2.41035  9.519010E-16
2.41088  9.644650E-16
2.41142  9.603330E-16
2.41196  9.731900E-16
2.41249  9.785990E-16
2.41303  9.606660E-16
2.41357  9.865270E-16
2.4141  1.002330E-15
2.41464  9.668460E-16
2.41518  9.609700E-16
2.41571  9.547340E-16
2.41625  9.767500E-16
2.41679  9.704210E-16
2.41732  9.760290E-16
2.41786  9.784311E-16
2.4184  9.746950E-16
2.41893  9.637661E-16
2.41947  9.550170E-16
2.42001  9.591210E-16
2.42054  9.658810E-16
2.42108  9.652130E-16
2.42162  9.666050E-16
2.42215  9.903060E-16
2.42269  9.709880E-16
2.42323  9.561950E-16
2.42376  9.456460E-16
2.4243  9.829020E-16
2.42484  9.608310E-16
2.42537  9.589260E-16
