0.808813  1.906080E-15
0.809015  2.099070E-15
0.809217  2.326410E-15
0.809419  2.259850E-15
0.80962  1.976840E-15
0.809822  1.938020E-15
0.810024  2.078950E-15
0.810225  1.997380E-15
0.810427  2.088060E-15
0.810629  2.186480E-15
0.810831  2.297280E-15
0.811032  1.990760E-15
0.811234  2.139300E-15
0.811436  1.884800E-15
0.811638  2.095560E-15
0.811839  2.237280E-15
0.812041  2.250230E-15
0.81219  2.193030E-15
0.812424  2.250400E-15
0.812658  2.124080E-15
0.812892  2.141100E-15
0.813125  2.229940E-15
0.813359  2.317880E-15
0.813593  2.191520E-15
0.813827  2.050830E-15
0.814061  2.266460E-15
0.814294  2.090970E-15
0.814528  2.077290E-15
0.814762  2.141640E-15
0.814995  2.055870E-15
0.815229  2.018600E-15
0.815463  1.923300E-15
0.815696  2.039840E-15
0.81593  1.984360E-15
0.816164  1.890220E-15
0.816397  2.001820E-15
0.816631  2.084390E-15
0.816865  2.003980E-15
0.817098  2.117380E-15
0.817332  2.035290E-15
0.817566  2.124350E-15
0.817799  2.085410E-15
0.818033  2.024240E-15
0.818266  1.998500E-15
0.8185  1.958980E-15
0.818733  2.017020E-15
0.818967  1.999980E-15
0.819201  2.030580E-15
0.819434  2.047780E-15
0.819668  2.109740E-15
0.819901  2.011110E-15
0.820135  2.024230E-15
0.820368  2.022330E-15
0.820602  2.035860E-15
0.820835  2.106040E-15
0.821068  2.119090E-15
0.821302  2.068410E-15
0.821535  1.958220E-15
0.821769  2.057660E-15
0.822002  2.018650E-15
0.822236  2.008490E-15
0.822469  2.071880E-15
0.822702  2.000810E-15
0.822936  2.234410E-15
0.823169  1.947220E-15
0.823402  2.016790E-15
0.823636  1.934240E-15
0.823869  2.150360E-15
0.824102  2.067640E-15
0.824336  2.135280E-15
0.824569  1.986290E-15
0.824802  2.078170E-15
0.825036  1.977840E-15
0.825269  2.047240E-15
0.825502  2.081360E-15
0.825735  2.073240E-15
0.825969  2.085190E-15
0.826202  2.044380E-15
0.826435  2.024900E-15
0.826668  1.951590E-15
0.826902  2.005420E-15
0.827135  1.940090E-15
0.827368  1.966290E-15
0.827601  2.099600E-15
0.827834  1.952160E-15
0.828068  2.131670E-15
0.828301  2.093670E-15
0.828534  1.999740E-15
0.828767  2.058110E-15
0.829  2.182620E-15
0.829233  2.105990E-15
0.829466  2.181250E-15
0.829699  2.054020E-15
0.829933  2.141260E-15
0.830166  1.993510E-15
0.830399  2.071710E-15
0.830632  2.080530E-15
0.830865  2.069750E-15
0.831098  1.918280E-15
0.831331  2.074860E-15
0.831564  2.015870E-15
0.831797  1.955140E-15
0.83203  2.017400E-15
0.832263  1.974810E-15
0.832496  2.022500E-15
0.832729  2.146600E-15
0.832962  2.055390E-15
0.833195  2.024580E-15
0.833428  1.977940E-15
0.833661  1.969840E-15
0.833894  2.011470E-15
0.834127  2.142000E-15
0.83436  2.030320E-15
0.834592  2.034250E-15
0.834825  2.009360E-15
0.835058  2.103940E-15
0.835291  2.044830E-15
0.835524  2.046450E-15
0.835757  1.968870E-15
0.83599  2.112800E-15
0.836223  2.096190E-15
0.836455  2.073540E-15
0.836688  2.090560E-15
0.836921  2.100900E-15
0.837154  2.066490E-15
0.837387  2.111510E-15
0.837619  2.053400E-15
0.837852  2.028520E-15
0.838085  2.045320E-15
0.838318  2.036540E-15
0.838551  2.070230E-15
0.838783  2.115430E-15
0.839016  2.002700E-15
0.839249  2.075890E-15
0.839481  2.059450E-15
0.839714  1.910970E-15
0.839947  2.169290E-15
0.84018  2.092550E-15
0.840412  2.090990E-15
0.840645  2.155000E-15
0.840878  2.109880E-15
0.84111  1.982530E-15
0.841343  2.161400E-15
0.841576  2.081660E-15
0.841808  2.022230E-15
0.842041  2.202200E-15
0.842274  2.102490E-15
0.842506  2.094430E-15
0.842739  2.075350E-15
0.842971  2.094990E-15
0.843204  2.104400E-15
0.843437  2.115900E-15
0.843669  2.157950E-15
0.843902  2.203690E-15
0.844134  2.048690E-15
0.844367  2.071370E-15
0.844599  2.086350E-15
0.844832  2.012860E-15
0.845064  2.122690E-15
0.845297  2.070810E-15
0.845529  1.941080E-15
0.845762  2.129540E-15
0.845994  2.048240E-15
0.846227  2.051960E-15
0.846459  2.034810E-15
0.846692  1.985880E-15
0.846924  2.042870E-15
0.847157  2.132860E-15
0.847389  2.160960E-15
0.847622  2.191710E-15
0.847854  2.140600E-15
0.848087  2.150460E-15
0.848319  2.217640E-15
0.848551  2.160040E-15
0.848784  2.065390E-15
0.849016  2.129120E-15
0.849249  2.077300E-15
0.849481  2.111200E-15
0.849713  2.153050E-15
0.849946  2.165490E-15
0.850178  2.102910E-15
0.85041  2.063370E-15
0.850643  2.023990E-15
0.850875  2.061190E-15
0.851107  2.139850E-15
0.85134  2.113390E-15
0.851572  2.058850E-15
0.851804  2.082370E-15
0.852037  2.138560E-15
0.852269  2.050030E-15
0.852501  2.081600E-15
0.852733  2.164100E-15
0.852966  2.176120E-15
0.853198  2.137210E-15
0.85343  2.086070E-15
0.853662  2.199100E-15
0.853895  2.062270E-15
0.854127  2.121720E-15
0.854359  2.076310E-15
0.854591  2.141600E-15
0.854823  2.041220E-15
0.855056  2.138960E-15
0.855288  2.057260E-15
0.85552  2.128140E-15
0.855752  2.041890E-15
0.855984  2.004130E-15
0.856216  2.059250E-15
0.856449  1.977660E-15
0.856681  1.948290E-15
0.856913  1.965960E-15
0.857145  1.875630E-15
0.857377  1.932430E-15
0.857609  1.897180E-15
0.857841  1.966780E-15
0.858073  2.066340E-15
0.858306  2.043000E-15
0.858538  2.021670E-15
0.85877  2.084450E-15
0.859002  2.060870E-15
0.859234  2.087910E-15
0.859466  2.069330E-15
0.859698  2.094740E-15
0.85993  2.020780E-15
0.860162  1.993040E-15
0.860394  2.031390E-15
0.860626  2.042700E-15
0.860858  2.070400E-15
0.86109  2.028620E-15
0.861322  2.136140E-15
0.861554  2.056130E-15
0.861786  2.004970E-15
0.862018  2.054950E-15
0.86225  2.108030E-15
0.862482  2.102380E-15
0.862714  2.037800E-15
0.862946  2.061820E-15
0.863178  1.972860E-15
0.86341  1.988550E-15
0.863642  2.041430E-15
0.863874  2.054110E-15
0.864106  2.091960E-15
0.864337  2.080980E-15
0.864569  2.202980E-15
0.864801  2.201770E-15
0.865033  2.244890E-15
0.865265  2.203590E-15
0.865497  2.267660E-15
0.865729  2.328680E-15
0.865961  2.172710E-15
0.866192  2.351890E-15
0.866424  2.161230E-15
0.866656  2.313610E-15
0.866888  2.270550E-15
0.86712  2.326110E-15
0.867352  2.294970E-15
0.867583  2.282540E-15
0.867815  2.425000E-15
0.868047  2.405020E-15
0.868279  2.348970E-15
0.868511  2.406120E-15
0.868742  2.377240E-15
0.868974  2.402400E-15
0.869206  2.331950E-15
0.869438  2.372190E-15
0.869669  2.350650E-15
0.869901  2.277930E-15
0.870133  2.343390E-15
0.870365  2.336280E-15
0.870596  2.286810E-15
0.870828  2.334180E-15
0.87106  2.398820E-15
0.871292  2.351400E-15
0.871523  2.366590E-15
0.871755  2.338320E-15
0.871987  2.326260E-15
0.872218  2.312250E-15
0.87245  2.298030E-15
0.872682  2.370740E-15
0.872913  2.240250E-15
0.873145  2.267310E-15
0.873377  2.315390E-15
0.873608  2.323290E-15
0.87384  2.342750E-15
0.874072  2.206390E-15
0.874303  2.266170E-15
0.874535  2.210680E-15
0.874767  2.233190E-15
0.874998  2.163500E-15
0.87523  2.194290E-15
0.875461  2.194130E-15
0.875693  2.167740E-15
0.875925  2.185620E-15
0.876156  2.177080E-15
0.876388  2.091400E-15
0.876619  2.209030E-15
0.876851  2.200160E-15
0.877082  2.212000E-15
0.877314  2.194040E-15
0.877546  2.094390E-15
0.877777  2.161380E-15
0.878009  2.030250E-15
0.87824  2.045730E-15
0.878472  1.947650E-15
0.878703  1.976200E-15
0.878935  1.859510E-15
0.879166  1.978600E-15
0.879398  1.964630E-15
0.879629  1.887200E-15
0.879861  1.881840E-15
0.880092  1.912140E-15
0.880324  1.758340E-15
0.880555  1.828820E-15
0.880787  1.897220E-15
0.881018  1.913800E-15
0.88125  1.800010E-15
0.881481  1.914750E-15
0.881712  1.940450E-15
0.881944  1.929790E-15
0.882175  1.912570E-15
0.882407  1.957210E-15
0.882638  1.969200E-15
0.88287  1.946100E-15
0.883101  1.914980E-15
0.883332  2.031140E-15
0.883564  2.057050E-15
0.883795  1.906140E-15
0.884027  1.901540E-15
0.884258  1.904340E-15
0.884489  1.974830E-15
0.884721  1.921110E-15
0.884952  1.917050E-15
0.885184  1.902270E-15
0.885415  1.856720E-15
0.885646  1.915540E-15
0.885878  1.884520E-15
0.886109  1.918730E-15
0.88634  1.927510E-15
0.886572  1.902290E-15
0.886803  1.956080E-15
0.887034  1.926290E-15
0.887266  1.900330E-15
0.887497  1.930240E-15
0.887728  1.960470E-15
0.88796  1.956180E-15
0.888191  2.007250E-15
0.888422  2.005940E-15
0.888654  1.856610E-15
0.888885  1.992970E-15
0.889116  1.958010E-15
0.889347  1.945490E-15
0.889579  1.924100E-15
0.88981  1.846990E-15
0.890041  1.973930E-15
0.890272  1.860150E-15
0.890504  1.930160E-15
0.890735  1.935550E-15
0.890966  1.850970E-15
0.891197  1.945290E-15
0.891429  1.777910E-15
0.89166  1.840280E-15
0.891891  1.804720E-15
0.892122  1.815300E-15
0.892353  1.723690E-15
0.892585  1.761650E-15
0.892816  1.705110E-15
0.893047  1.673580E-15
0.893278  1.678980E-15
0.893509  1.841020E-15
0.893741  1.864430E-15
0.893972  1.857840E-15
0.894203  1.787900E-15
0.894434  1.825800E-15
0.894665  1.791420E-15
0.894897  1.788040E-15
0.895128  1.689210E-15
0.895359  1.753090E-15
0.89559  1.792370E-15
0.895821  1.810880E-15
0.896052  1.721230E-15
0.896283  1.841070E-15
0.896515  1.790740E-15
0.896746  1.711930E-15
0.896977  1.650400E-15
0.897208  1.836080E-15
0.897439  1.827840E-15
0.89767  1.842010E-15
0.897901  1.815140E-15
0.898132  1.850710E-15
0.898363  1.858770E-15
0.898594  1.793430E-15
0.898826  1.766080E-15
0.899057  1.792180E-15
0.899288  1.747610E-15
0.899519  1.795490E-15
0.89975  1.819290E-15
0.899981  1.825700E-15
0.900212  1.804550E-15
0.900443  1.798150E-15
0.900674  1.864610E-15
0.900905  1.731470E-15
0.901136  1.750740E-15
0.901367  1.690100E-15
0.901598  1.673850E-15
0.901829  1.776680E-15
0.90206  1.812600E-15
0.902291  1.867510E-15
0.902522  1.686710E-15
0.902753  1.866360E-15
0.902984  1.810130E-15
0.903215  1.777750E-15
0.903446  1.812920E-15
0.903677  1.743270E-15
0.903908  1.880150E-15
0.904139  1.783080E-15
0.90437  1.800110E-15
0.904601  1.773600E-15
0.904832  1.787340E-15
0.905063  1.755610E-15
0.905294  1.813400E-15
0.905525  1.803970E-15
0.905756  1.772520E-15
0.905987  1.752560E-15
0.906218  1.814650E-15
0.906449  1.741360E-15
0.90668  1.711220E-15
0.906911  1.714140E-15
0.907142  1.682390E-15
0.907373  1.769120E-15
0.907604  1.717570E-15
0.907835  1.681200E-15
0.908066  1.640590E-15
0.908297  1.845520E-15
0.908528  1.770460E-15
0.908758  1.713990E-15
0.908989  1.703980E-15
0.90922  1.722150E-15
0.909451  1.789250E-15
0.909682  1.785010E-15
0.909913  1.802260E-15
0.910144  1.852670E-15
0.910375  1.657090E-15
0.910606  1.693740E-15
0.910837  1.792070E-15
0.911067  1.872990E-15
0.911298  1.738320E-15
0.911529  1.831190E-15
0.91176  1.800920E-15
0.911991  1.779590E-15
0.912222  1.759780E-15
0.912453  1.803800E-15
0.912684  1.901410E-15
0.912914  1.746270E-15
0.913145  1.795280E-15
0.913376  1.817680E-15
0.913607  1.832370E-15
0.913838  1.751110E-15
0.914069  1.811990E-15
0.914299  1.808620E-15
0.91453  1.730430E-15
0.914761  1.765360E-15
0.914992  1.665980E-15
0.915223  1.710550E-15
0.915454  1.649650E-15
0.915684  1.655450E-15
0.915915  1.786470E-15
0.916146  1.701190E-15
0.916377  1.836740E-15
0.916608  1.839480E-15
0.916838  1.702550E-15
0.917069  1.770460E-15
0.9173  1.693750E-15
0.917531  1.703320E-15
0.917762  1.724480E-15
0.917992  1.606830E-15
0.918223  1.672720E-15
0.918454  1.692390E-15
0.918685  1.742970E-15
0.918916  1.679760E-15
0.919146  1.661990E-15
0.919377  1.671990E-15
0.919608  1.669280E-15
0.919839  1.817920E-15
0.920069  1.597110E-15
0.9203  1.658900E-15
0.920531  1.656500E-15
0.920762  1.757180E-15
0.920992  1.710810E-15
0.921223  1.719300E-15
0.921454  1.653870E-15
0.921685  1.676200E-15
0.921915  1.662560E-15
0.922146  1.715540E-15
0.922377  1.732220E-15
0.922608  1.710840E-15
0.922838  1.834160E-15
0.923069  1.736210E-15
0.9233  1.731020E-15
0.923531  1.693130E-15
0.923761  1.770580E-15
0.923992  1.810360E-15
0.924223  1.812510E-15
0.924453  1.797060E-15
0.924684  1.676180E-15
0.924915  1.659550E-15
0.925146  1.721910E-15
0.925376  1.727530E-15
0.925607  1.732900E-15
0.925838  1.754640E-15
0.926068  1.749860E-15
0.926299  1.659010E-15
0.92653  1.854560E-15
0.92676  1.842100E-15
0.926991  1.762460E-15
0.927222  1.847770E-15
0.927452  1.650770E-15
0.927683  1.749770E-15
0.927914  1.790650E-15
0.928144  1.672190E-15
0.928375  1.813010E-15
0.928606  1.826240E-15
0.928836  1.780610E-15
0.929067  1.792450E-15
0.929298  1.774010E-15
0.929528  1.846040E-15
0.929759  1.749880E-15
0.92999  1.768450E-15
0.93022  1.788190E-15
0.930451  1.881320E-15
0.930682  1.810470E-15
0.930912  1.710240E-15
0.931143  1.800090E-15
0.931374  1.838880E-15
0.931604  1.693040E-15
0.931835  1.729810E-15
0.932066  1.787240E-15
0.932296  1.758370E-15
0.932527  1.769490E-15
0.932758  1.768000E-15
0.932988  1.738830E-15
0.933219  1.838900E-15
0.933449  1.822020E-15
0.93368  1.967310E-15
0.933911  2.079280E-15
0.934141  2.126930E-15
0.934372  2.477210E-15
0.934603  2.524910E-15
0.934833  2.551660E-15
0.935064  2.522730E-15
0.935294  2.596990E-15
0.935525  2.327510E-15
0.935756  2.120790E-15
0.935986  1.815160E-15
0.936217  1.807870E-15
0.936448  1.679100E-15
0.936678  1.724230E-15
0.936909  1.712460E-15
0.937139  1.782200E-15
0.93737  1.689110E-15
0.937601  1.532480E-15
0.937831  1.757050E-15
0.938062  1.705710E-15
0.938292  1.741300E-15
0.938523  1.643420E-15
0.938753  1.784020E-15
0.938984  1.763950E-15
0.939215  1.814770E-15
0.939445  1.838960E-15
0.939519  1.814880E-15
0.939791  1.787380E-15
0.940062  1.779550E-15
0.940333  1.874730E-15
0.940604  1.763570E-15
0.940875  1.807390E-15
0.941147  1.797370E-15
0.941418  1.867390E-15
0.941689  1.854340E-15
0.94196  1.817150E-15
0.942231  1.877380E-15
0.942502  1.882760E-15
0.942773  1.821940E-15
0.943045  1.763700E-15
0.943316  1.873570E-15
0.943587  1.843910E-15
0.943858  1.920650E-15
0.944129  1.837290E-15
0.9444  1.872420E-15
0.944671  1.779190E-15
0.944942  1.874310E-15
0.945213  1.886330E-15
0.945484  1.862900E-15
0.945756  1.883670E-15
0.946027  1.935960E-15
0.946298  1.926030E-15
0.946569  1.857440E-15
0.94684  1.796530E-15
0.947111  1.927660E-15
0.947382  1.959310E-15
0.947653  1.877960E-15
0.947924  1.934950E-15
0.948195  1.905430E-15
0.948466  1.903400E-15
0.948737  1.862300E-15
0.949008  1.875370E-15
0.949279  1.931240E-15
0.94955  1.909580E-15
0.949821  1.865160E-15
0.950092  1.901660E-15
0.950363  1.909880E-15
0.950634  1.932250E-15
0.950905  1.954120E-15
0.951176  2.031370E-15
0.951447  1.956060E-15
0.951718  2.047630E-15
0.951989  1.935040E-15
0.952259  1.826770E-15
0.95253  1.763850E-15
0.952801  1.825050E-15
0.953072  1.826790E-15
0.953343  1.805210E-15
0.953614  1.734590E-15
0.953885  1.781290E-15
0.954156  1.788900E-15
0.954427  1.730280E-15
0.954698  1.796690E-15
0.954969  1.871230E-15
0.955239  1.813760E-15
0.95551  1.796070E-15
0.955781  1.841710E-15
0.956052  1.871860E-15
0.956323  1.829250E-15
0.956594  1.857620E-15
0.956865  1.829390E-15
0.957135  1.768930E-15
0.957406  1.772230E-15
0.957677  1.763500E-15
0.957948  1.707960E-15
0.958219  1.724860E-15
0.958489  1.737570E-15
0.95876  1.687990E-15
0.959031  1.703530E-15
0.959302  1.682850E-15
0.959573  1.721850E-15
0.959843  1.615500E-15
0.960114  1.655400E-15
0.960385  1.659830E-15
0.960656  1.573810E-15
0.960926  1.686050E-15
0.961197  1.608410E-15
0.961468  1.566460E-15
0.961739  1.556930E-15
0.962009  1.553660E-15
0.96228  1.628300E-15
0.962551  1.566500E-15
0.962822  1.558700E-15
0.963092  1.595500E-15
0.963363  1.664720E-15
0.963634  1.609940E-15
0.963905  1.636020E-15
0.964175  1.577650E-15
0.964446  1.613500E-15
0.964717  1.597310E-15
0.964987  1.566230E-15
0.965258  1.566060E-15
0.965529  1.628950E-15
0.965799  1.514030E-15
0.96607  1.551380E-15
0.966341  1.580610E-15
0.966611  1.595270E-15
0.966882  1.580200E-15
0.967153  1.552160E-15
0.967423  1.526140E-15
0.967694  1.550650E-15
0.967964  1.600030E-15
0.968235  1.565780E-15
0.968506  1.581970E-15
0.968776  1.579640E-15
0.969047  1.579060E-15
0.969317  1.568030E-15
0.969588  1.504950E-15
0.969859  1.564100E-15
0.970129  1.575750E-15
0.9704  1.500050E-15
0.97067  1.480760E-15
0.970941  1.532640E-15
0.971211  1.571440E-15
0.971482  1.566010E-15
0.971753  1.587290E-15
0.972023  1.535160E-15
0.972294  1.565650E-15
0.972564  1.522770E-15
0.972835  1.544720E-15
0.973105  1.496670E-15
0.973376  1.582840E-15
0.973646  1.556840E-15
0.973917  1.537930E-15
0.974187  1.562680E-15
0.974458  1.530120E-15
0.974728  1.536730E-15
0.974999  1.581940E-15
0.975269  1.552890E-15
0.97554  1.604080E-15
0.97581  1.632820E-15
0.976081  1.649420E-15
0.976351  1.671430E-15
0.976622  1.691570E-15
0.976892  1.675180E-15
0.977163  1.704730E-15
0.977433  1.713410E-15
0.977703  1.699070E-15
0.977974  1.779500E-15
0.978244  1.704390E-15
0.978515  1.701440E-15
0.978785  1.803610E-15
0.979056  1.748840E-15
0.979326  1.771810E-15
0.979596  1.731500E-15
0.979867  1.777200E-15
0.980137  1.785490E-15
0.980408  1.821620E-15
0.980678  1.854540E-15
0.980948  1.949950E-15
0.981219  2.098630E-15
0.981489  2.391010E-15
0.981759  2.861970E-15
0.98203  3.432910E-15
0.9823  3.893920E-15
0.982571  3.917440E-15
0.982841  3.550270E-15
0.983111  3.145170E-15
0.983382  2.650360E-15
0.983652  2.221980E-15
0.983922  2.000210E-15
0.984193  1.927360E-15
0.984463  1.945680E-15
0.984733  1.874650E-15
0.985003  1.889430E-15
0.985274  1.820100E-15
0.985544  1.789790E-15
0.985814  1.783770E-15
0.986085  1.743940E-15
0.986355  1.758140E-15
0.986625  1.757630E-15
0.986896  1.805790E-15
0.987166  1.745130E-15
0.987436  1.761190E-15
0.987706  1.758380E-15
0.987977  1.788860E-15
0.988247  1.755780E-15
0.988517  1.750940E-15
0.988787  1.694690E-15
0.989058  1.740530E-15
0.989328  1.691330E-15
0.989598  1.715270E-15
0.989868  1.691490E-15
0.990138  1.696410E-15
0.990409  1.686840E-15
0.990679  1.698080E-15
0.990949  1.660570E-15
0.991219  1.668570E-15
0.991489  1.659400E-15
0.99176  1.619080E-15
0.99203  1.615060E-15
0.9923  1.518420E-15
0.99257  1.578980E-15
0.99284  1.577690E-15
0.993111  1.573280E-15
0.993381  1.530000E-15
0.993651  1.536430E-15
0.993921  1.570970E-15
0.994191  1.585450E-15
0.994461  1.591800E-15
0.994731  1.558830E-15
0.995002  1.564100E-15
0.995272  1.557830E-15
0.995542  1.453310E-15
0.995812  1.535720E-15
0.996082  1.519770E-15
0.996352  1.543950E-15
0.996622  1.519720E-15
0.996892  1.502130E-15
0.997163  1.457180E-15
0.997433  1.540870E-15
0.997703  1.501150E-15
0.997973  1.522340E-15
0.998243  1.503180E-15
0.998513  1.501800E-15
0.998783  1.502130E-15
0.999053  1.512060E-15
0.999323  1.506980E-15
0.999593  1.498560E-15
0.999863  1.517960E-15
1.00013  1.462980E-15
1.0004  1.478650E-15
1.00067  1.488840E-15
1.00094  1.506820E-15
1.00121  1.474950E-15
1.00148  1.490550E-15
1.00175  1.435880E-15
1.00202  1.467720E-15
1.00229  1.450710E-15
1.00256  1.454520E-15
1.00283  1.435850E-15
1.0031  1.492190E-15
1.00337  1.461300E-15
1.00364  1.428330E-15
1.00391  1.452030E-15
1.00418  1.444770E-15
1.00445  1.444160E-15
1.00472  1.423700E-15
1.00499  1.441070E-15
1.00526  1.413150E-15
1.00553  1.444420E-15
1.0058  1.471410E-15
1.00607  1.487250E-15
1.00634  1.483810E-15
1.00661  1.453730E-15
1.00688  1.456390E-15
1.00715  1.436390E-15
1.00742  1.452350E-15
1.00769  1.443710E-15
1.00796  1.521420E-15
1.00823  1.445970E-15
1.0085  1.460700E-15
1.00877  1.500060E-15
1.00904  1.451060E-15
1.00931  1.468540E-15
1.00958  1.484050E-15
1.00985  1.461330E-15
1.01012  1.470030E-15
1.01039  1.492560E-15
1.01066  1.495890E-15
1.01093  1.510330E-15
1.0112  1.501870E-15
1.01147  1.490710E-15
1.01174  1.487500E-15
1.01201  1.499120E-15
1.01228  1.529270E-15
1.01255  1.483460E-15
1.01282  1.537250E-15
1.01309  1.480730E-15
1.01336  1.517120E-15
1.01363  1.511390E-15
1.0139  1.492630E-15
1.01417  1.546020E-15
1.01444  1.495730E-15
1.01471  1.501750E-15
1.01498  1.512020E-15
1.01525  1.584590E-15
1.01552  1.580030E-15
1.01579  1.578340E-15
1.01606  1.521240E-15
1.01633  1.552510E-15
1.0166  1.533580E-15
1.01687  1.494000E-15
1.01714  1.494950E-15
1.01741  1.548270E-15
1.01768  1.514810E-15
1.01795  1.546330E-15
1.01822  1.532090E-15
1.01849  1.533680E-15
1.01876  1.557590E-15
1.01903  1.534970E-15
1.0193  1.581560E-15
1.01957  1.566890E-15
1.01984  1.567430E-15
1.02011  1.594100E-15
1.02038  1.620010E-15
1.02064  1.659400E-15
1.02091  1.641780E-15
1.02118  1.671710E-15
1.02145  1.697360E-15
1.02172  1.779210E-15
1.02199  1.775810E-15
1.02226  1.717980E-15
1.02253  1.689630E-15
1.0228  1.675110E-15
1.02307  1.678890E-15
1.02334  1.588670E-15
1.02361  1.648290E-15
1.02388  1.613110E-15
1.02415  1.645000E-15
1.02442  1.680040E-15
1.02469  1.664560E-15
1.02496  1.659590E-15
1.02523  1.657170E-15
1.0255  1.619020E-15
1.02577  1.635230E-15
1.02604  1.658860E-15
1.02631  1.615560E-15
1.02658  1.650180E-15
1.02685  1.655360E-15
1.02712  1.657750E-15
1.02739  1.682280E-15
1.02766  1.747700E-15
1.02793  1.765660E-15
1.0282  1.782920E-15
1.02847  1.745340E-15
1.02873  1.734410E-15
1.029  1.767180E-15
1.02927  1.807400E-15
1.02954  1.818190E-15
1.02981  1.796570E-15
1.03008  1.825200E-15
1.03035  1.826270E-15
1.03062  1.826930E-15
1.03089  1.855310E-15
1.03116  1.829110E-15
1.03143  1.853100E-15
1.0317  1.857870E-15
1.03197  1.886500E-15
1.03224  1.843140E-15
1.03251  1.881190E-15
1.03278  1.913170E-15
1.03305  1.882630E-15
1.03332  1.861780E-15
1.03359  1.854050E-15
1.03386  1.887320E-15
1.03413  1.866540E-15
1.0344  1.944710E-15
1.03467  1.925200E-15
1.03494  1.942960E-15
1.0352  1.957300E-15
1.03547  1.995030E-15
1.03574  2.018840E-15
1.03601  1.984130E-15
1.03628  1.968110E-15
1.03655  1.966360E-15
1.03682  1.948020E-15
1.03709  1.882640E-15
1.03736  1.910280E-15
1.03763  1.904800E-15
1.0379  1.819250E-15
1.03817  1.875490E-15
1.03844  1.874580E-15
1.03871  1.868290E-15
1.03898  1.825100E-15
1.03925  1.823040E-15
1.03952  1.846820E-15
1.03979  1.829310E-15
1.04006  1.843580E-15
1.04033  1.838240E-15
1.04059  1.835360E-15
1.04086  1.825420E-15
1.04113  1.839660E-15
1.0414  1.810100E-15
1.04167  1.826330E-15
1.04194  1.859800E-15
1.04221  1.841250E-15
1.04248  1.848060E-15
1.04275  1.904510E-15
1.04302  1.898590E-15
1.04329  1.859840E-15
1.04356  1.916560E-15
1.04383  1.872400E-15
1.0441  1.811670E-15
1.04437  1.782210E-15
1.04464  1.747770E-15
1.04491  1.663170E-15
1.04517  1.644910E-15
1.04544  1.580070E-15
1.04571  1.569750E-15
1.04598  1.525160E-15
1.04625  1.576870E-15
1.04652  1.556930E-15
1.04679  1.552660E-15
1.04706  1.603460E-15
1.04733  1.561860E-15
1.0476  1.567230E-15
1.04787  1.523360E-15
1.04814  1.578510E-15
1.04841  1.569580E-15
1.04868  1.474000E-15
1.04895  1.525610E-15
1.04922  1.541500E-15
1.04948  1.519510E-15
1.04975  1.527500E-15
1.05002  1.514070E-15
1.05029  1.456560E-15
1.05056  1.543910E-15
1.05083  1.485900E-15
1.0511  1.479240E-15
1.05137  1.483100E-15
1.05164  1.495720E-15
1.05191  1.526710E-15
1.05218  1.484270E-15
1.05245  1.456470E-15
1.05272  1.488760E-15
1.05299  1.536280E-15
1.05326  1.497890E-15
1.05352  1.473280E-15
1.05379  1.477990E-15
1.05406  1.489880E-15
1.05433  1.490220E-15
1.0546  1.468050E-15
1.05487  1.444780E-15
1.05514  1.467020E-15
1.05541  1.482290E-15
1.05568  1.458950E-15
1.05595  1.440490E-15
1.05622  1.453810E-15
1.05649  1.483890E-15
1.05676  1.422630E-15
1.05703  1.435790E-15
1.05729  1.409540E-15
1.05756  1.459010E-15
1.05783  1.475540E-15
1.0581  1.417780E-15
1.05837  1.417340E-15
1.05864  1.454340E-15
1.05891  1.418450E-15
1.05918  1.446280E-15
1.05945  1.451390E-15
1.05972  1.493480E-15
1.05999  1.496610E-15
1.06026  1.555760E-15
1.06053  1.546810E-15
1.06079  1.530690E-15
1.06106  1.516110E-15
1.06133  1.470780E-15
1.0616  1.485160E-15
1.06187  1.517850E-15
1.06214  1.466340E-15
1.06241  1.482190E-15
1.06268  1.501730E-15
1.06295  1.454170E-15
1.06322  1.529790E-15
1.06349  1.538190E-15
1.06376  1.533190E-15
1.06402  1.536680E-15
1.06429  1.553940E-15
1.06456  1.552220E-15
1.06483  1.484140E-15
1.0651  1.501820E-15
1.06537  1.506100E-15
1.06564  1.485750E-15
1.06591  1.453930E-15
1.06618  1.470260E-15
1.06645  1.455600E-15
1.06672  1.419840E-15
1.06699  1.458030E-15
1.06725  1.435980E-15
1.06752  1.383790E-15
1.06779  1.421280E-15
1.06806  1.432570E-15
1.06833  1.474050E-15
1.0686  1.479860E-15
1.06887  1.441340E-15
1.06914  1.448380E-15
1.06941  1.478640E-15
1.06968  1.383760E-15
1.06995  1.454110E-15
1.07022  1.376590E-15
1.07048  1.381800E-15
1.07075  1.460290E-15
1.07102  1.416110E-15
1.07129  1.433690E-15
1.07156  1.446110E-15
1.07183  1.483110E-15
1.0721  1.475790E-15
1.07237  1.447460E-15
1.07264  1.423500E-15
1.07291  1.481840E-15
1.07318  1.535900E-15
1.07344  1.499130E-15
1.07371  1.479480E-15
1.07398  1.478950E-15
1.07425  1.499070E-15
1.07452  1.449410E-15
1.07479  1.421360E-15
1.07506  1.436290E-15
1.07533  1.434140E-15
1.0756  1.426210E-15
1.07587  1.490530E-15
1.07613  1.491040E-15
1.0764  1.464690E-15
1.07667  1.437150E-15
1.07694  1.486800E-15
1.07721  1.434070E-15
1.07748  1.472980E-15
1.07775  1.460460E-15
1.07802  1.396420E-15
1.07829  1.410680E-15
1.07856  1.457510E-15
1.07883  1.381800E-15
1.07909  1.402310E-15
1.07936  1.492750E-15
1.07963  1.432010E-15
1.0799  1.471450E-15
1.08017  1.470470E-15
1.08044  1.428610E-15
1.08071  1.453750E-15
1.08098  1.443760E-15
1.08125  1.413970E-15
1.08152  1.470620E-15
1.08178  1.449280E-15
1.08205  1.419620E-15
1.08232  1.527190E-15
1.08259  1.461240E-15
1.08286  1.434980E-15
1.08313  1.427170E-15
1.0834  1.453060E-15
1.08367  1.396990E-15
1.08394  1.494930E-15
1.08421  1.514370E-15
1.08447  1.473790E-15
1.08474  1.466090E-15
1.08501  1.447610E-15
1.08528  1.475520E-15
1.08555  1.411640E-15
1.08582  1.424030E-15
1.08609  1.448350E-15
1.08636  1.496900E-15
1.08663  1.431780E-15
1.08689  1.454350E-15
1.08716  1.477130E-15
1.08743  1.431850E-15
1.0877  1.403300E-15
1.08797  1.424580E-15
1.08824  1.450520E-15
1.08851  1.418600E-15
1.08878  1.439910E-15
1.08905  1.453660E-15
1.08932  1.407230E-15
1.08958  1.424560E-15
1.08985  1.436130E-15
1.09012  1.416610E-15
1.09039  1.478020E-15
1.09066  1.458910E-15
1.09093  1.393680E-15
1.0912  1.429070E-15
1.09147  1.482130E-15
1.09174  1.435450E-15
1.092  1.376320E-15
1.09227  1.412870E-15
1.09254  1.431150E-15
1.09281  1.363650E-15
1.09308  1.439620E-15
1.09335  1.441110E-15
1.09362  1.470140E-15
1.09389  1.491970E-15
1.09416  1.493420E-15
1.09442  1.474450E-15
1.09469  1.479490E-15
1.09496  1.528990E-15
1.09523  1.514850E-15
1.0955  1.499720E-15
1.09577  1.555610E-15
1.09604  1.475410E-15
1.09631  1.567750E-15
1.09658  1.543750E-15
1.09684  1.542240E-15
1.09711  1.546110E-15
1.09738  1.597330E-15
1.09765  1.583040E-15
1.09792  1.613590E-15
1.09819  1.598030E-15
1.09846  1.598590E-15
1.09873  1.572740E-15
1.099  1.584730E-15
1.09926  1.632560E-15
1.09953  1.635550E-15
1.0998  1.633450E-15
1.10007  1.621760E-15
1.10034  1.660980E-15
1.10061  1.682660E-15
1.10088  1.663560E-15
1.10115  1.631190E-15
1.10142  1.670790E-15
1.10168  1.641960E-15
1.10195  1.617340E-15
1.10222  1.712460E-15
1.10249  1.752480E-15
1.10276  1.711020E-15
1.10303  1.721780E-15
1.1033  1.721390E-15
1.10357  1.773710E-15
1.10383  1.788840E-15
1.1041  1.762800E-15
1.10437  1.747770E-15
1.10464  1.785110E-15
1.10491  1.777540E-15
1.10518  1.756980E-15
1.10545  1.845150E-15
1.10572  1.754880E-15
1.10598  1.790560E-15
1.10625  1.818680E-15
1.10652  1.860900E-15
1.10679  1.865840E-15
1.10706  1.882480E-15
1.10733  1.949540E-15
1.1076  1.962660E-15
1.10787  1.973700E-15
1.10814  1.937320E-15
1.1084  2.007890E-15
1.10867  2.108030E-15
1.10894  1.986450E-15
1.10921  2.082490E-15
1.10948  2.109160E-15
1.10975  2.110690E-15
1.11002  2.139290E-15
1.11029  2.238550E-15
1.11055  2.191160E-15
1.11082  2.253360E-15
1.11109  2.291830E-15
1.11136  2.287220E-15
1.11163  2.329300E-15
1.1119  2.325630E-15
1.11217  2.452920E-15
1.11244  2.478020E-15
1.1127  2.513810E-15
1.11297  2.583220E-15
1.11324  2.630860E-15
1.11351  2.644360E-15
1.11378  2.753890E-15
1.11405  2.848070E-15
1.11432  2.975100E-15
1.11459  3.075840E-15
1.11485  3.353010E-15
1.11512  3.559750E-15
1.11539  3.868360E-15
1.11566  4.541250E-15
1.11593  5.244880E-15
1.1162  5.837670E-15
1.11647  5.929160E-15
1.11674  5.862750E-15
1.117  5.201110E-15
1.11727  4.670450E-15
1.11754  4.063840E-15
1.11781  3.532400E-15
1.11808  3.271470E-15
1.11835  3.034290E-15
1.11862  2.881000E-15
1.11889  2.810250E-15
1.11915  2.730870E-15
1.11942  2.654900E-15
1.11969  2.676020E-15
1.11996  2.602200E-15
1.12023  2.499510E-15
1.1205  2.543770E-15
1.12077  2.532940E-15
1.12103  2.490540E-15
1.1213  2.582140E-15
1.12157  2.616440E-15
1.12184  2.492290E-15
1.12211  2.410420E-15
1.12238  2.462930E-15
1.12265  2.273100E-15
1.12292  2.296630E-15
1.12318  2.301200E-15
1.12345  2.499600E-15
1.12372  2.353040E-15
1.12399  2.320860E-15
1.12426  2.298920E-15
1.12453  2.409220E-15
1.1248  2.338230E-15
1.12507  2.368150E-15
1.12533  2.283870E-15
1.1256  2.293920E-15
1.12587  2.173710E-15
1.12614  2.199580E-15
1.12641  2.282640E-15
1.12668  2.312350E-15
1.12695  2.327180E-15
1.12721  2.380280E-15
1.12748  2.368340E-15
1.12775  2.280570E-15
1.12802  2.263600E-15
1.12815  2.264850E-15
1.12847  2.252260E-15
1.1288  2.199480E-15
1.12912  2.069290E-15
1.12945  2.109790E-15
1.12977  2.073790E-15
1.1301  2.036800E-15
1.13042  1.991470E-15
1.13075  1.990260E-15
1.13107  2.026430E-15
1.1314  1.976450E-15
1.13172  1.968330E-15
1.13205  1.924530E-15
1.13237  1.951210E-15
1.1327  1.892870E-15
1.13302  1.948410E-15
1.13335  1.905760E-15
1.13367  1.861070E-15
1.134  1.795200E-15
1.13432  1.842700E-15
1.13465  1.831530E-15
1.13497  1.691930E-15
1.1353  1.577690E-15
1.13562  1.723880E-15
1.13595  1.718470E-15
1.13627  1.605040E-15
1.1366  1.570590E-15
1.13692  1.614160E-15
1.13725  1.602740E-15
1.13757  1.551270E-15
1.1379  1.493870E-15
1.13822  1.549850E-15
1.13855  1.520440E-15
1.13887  1.528870E-15
1.1392  1.469250E-15
1.13952  1.541640E-15
1.13985  1.494380E-15
1.14017  1.480380E-15
1.1405  1.500980E-15
1.14082  1.508450E-15
1.14115  1.487770E-15
1.14147  1.450800E-15
1.1418  1.478820E-15
1.14212  1.484430E-15
1.14245  1.441240E-15
1.14277  1.423680E-15
1.1431  1.482030E-15
1.14342  1.483760E-15
1.14375  1.463950E-15
1.14407  1.453290E-15
1.1444  1.397510E-15
1.14472  1.382690E-15
1.14505  1.453510E-15
1.14537  1.447490E-15
1.1457  1.413170E-15
1.14602  1.446650E-15
1.14635  1.426010E-15
1.14667  1.408180E-15
1.147  1.429130E-15
1.14732  1.423450E-15
1.14764  1.449800E-15
1.14797  1.439100E-15
1.14829  1.434760E-15
1.14862  1.479450E-15
1.14894  1.415560E-15
1.14927  1.424770E-15
1.14959  1.443110E-15
1.14992  1.446920E-15
1.15024  1.419490E-15
1.15057  1.391820E-15
1.15089  1.464310E-15
1.15122  1.411800E-15
1.15154  1.396250E-15
1.15187  1.445910E-15
1.15219  1.413230E-15
1.15252  1.428980E-15
1.15284  1.397900E-15
1.15316  1.391100E-15
1.15349  1.462720E-15
1.15381  1.482370E-15
1.15414  1.448840E-15
1.15446  1.422370E-15
1.15479  1.481710E-15
1.15511  1.464450E-15
1.15544  1.503480E-15
1.15576  1.506110E-15
1.15609  1.505450E-15
1.15641  1.516350E-15
1.15674  1.536310E-15
1.15706  1.475960E-15
1.15738  1.508910E-15
1.15771  1.518160E-15
1.15803  1.494890E-15
1.15836  1.501050E-15
1.15868  1.517880E-15
1.15901  1.514950E-15
1.15933  1.512570E-15
1.15966  1.500830E-15
1.15998  1.510320E-15
1.1603  1.506730E-15
1.16063  1.523600E-15
1.16095  1.517270E-15
1.16128  1.530880E-15
1.1616  1.536260E-15
1.16193  1.528550E-15
1.16225  1.544230E-15
1.16258  1.531440E-15
1.1629  1.525750E-15
1.16322  1.519460E-15
1.16355  1.538330E-15
1.16387  1.538280E-15
1.1642  1.517840E-15
1.16452  1.531120E-15
1.16485  1.514260E-15
1.16517  1.504580E-15
1.1655  1.510090E-15
1.16582  1.501530E-15
1.16614  1.498960E-15
1.16647  1.523440E-15
1.16679  1.502250E-15
1.16712  1.503430E-15
1.16744  1.518750E-15
1.16777  1.485670E-15
1.16809  1.503240E-15
1.16842  1.474790E-15
1.16874  1.490660E-15
1.16906  1.481690E-15
1.16939  1.485310E-15
1.16971  1.479890E-15
1.17004  1.493910E-15
1.17036  1.496140E-15
1.17069  1.501060E-15
1.17101  1.478090E-15
1.17133  1.463270E-15
1.17166  1.477260E-15
1.17198  1.438390E-15
1.17231  1.437070E-15
1.17263  1.440380E-15
1.17296  1.398170E-15
1.17328  1.365870E-15
1.1736  1.376080E-15
1.17393  1.366000E-15
1.17425  1.368660E-15
1.17458  1.375100E-15
1.1749  1.369910E-15
1.17522  1.351130E-15
1.17555  1.359710E-15
1.17587  1.351240E-15
1.1762  1.386050E-15
1.17652  1.380670E-15
1.17685  1.391330E-15
1.17717  1.372000E-15
1.17749  1.403610E-15
1.17782  1.394880E-15
1.17814  1.383830E-15
1.17847  1.350150E-15
1.17879  1.382610E-15
1.17911  1.349950E-15
1.17944  1.370130E-15
1.17976  1.347190E-15
1.18009  1.367330E-15
1.18041  1.377330E-15
1.18074  1.389090E-15
1.18106  1.375090E-15
1.18138  1.384480E-15
1.18171  1.388900E-15
1.18203  1.368700E-15
1.18236  1.375540E-15
1.18268  1.392410E-15
1.183  1.405090E-15
1.18333  1.375070E-15
1.18365  1.357760E-15
1.18398  1.381640E-15
1.1843  1.383620E-15
1.18462  1.362950E-15
1.18495  1.383240E-15
1.18527  1.397410E-15
1.1856  1.377280E-15
1.18592  1.381650E-15
1.18624  1.384660E-15
1.18657  1.376150E-15
1.18689  1.363060E-15
1.18722  1.360700E-15
1.18754  1.370200E-15
1.18786  1.360840E-15
1.18819  1.365580E-15
1.18851  1.355710E-15
1.18884  1.358970E-15
1.18916  1.380280E-15
1.18948  1.365340E-15
1.18981  1.386890E-15
1.19013  1.398680E-15
1.19046  1.384410E-15
1.19078  1.379560E-15
1.1911  1.391420E-15
1.19143  1.377660E-15
1.19175  1.378580E-15
1.19208  1.394920E-15
1.1924  1.362190E-15
1.19272  1.378130E-15
1.19305  1.385410E-15
1.19337  1.377830E-15
1.1937  1.398730E-15
1.19402  1.369620E-15
1.19434  1.370640E-15
1.19467  1.360010E-15
1.19499  1.366140E-15
1.19531  1.353570E-15
1.19564  1.371650E-15
1.19596  1.372310E-15
1.19629  1.332090E-15
1.19661  1.362620E-15
1.19693  1.377040E-15
1.19726  1.381670E-15
1.19758  1.390340E-15
1.19791  1.400610E-15
1.19823  1.390420E-15
1.19855  1.411680E-15
1.19888  1.394530E-15
1.1992  1.392650E-15
1.19952  1.407090E-15
1.19985  1.371400E-15
1.20017  1.371890E-15
1.2005  1.377770E-15
1.20082  1.370920E-15
1.20114  1.381780E-15
1.20147  1.380200E-15
1.20179  1.364120E-15
1.20211  1.372600E-15
1.20244  1.381420E-15
1.20276  1.388710E-15
1.20309  1.386460E-15
1.20341  1.399480E-15
1.20373  1.349950E-15
1.20406  1.376050E-15
1.20438  1.368190E-15
1.2047  1.387330E-15
1.20503  1.353740E-15
1.20535  1.360640E-15
1.20568  1.382850E-15
1.206  1.367720E-15
1.20632  1.381840E-15
1.20665  1.372230E-15
1.20697  1.373080E-15
1.20729  1.386920E-15
1.20762  1.364070E-15
1.20794  1.375850E-15
1.20826  1.359140E-15
1.20859  1.386300E-15
1.20891  1.387120E-15
1.20924  1.364840E-15
1.20956  1.348130E-15
1.20988  1.395150E-15
1.21021  1.351460E-15
1.21053  1.378990E-15
1.21085  1.365770E-15
1.21118  1.355470E-15
1.2115  1.386380E-15
1.21182  1.386970E-15
1.21215  1.361400E-15
1.21247  1.375300E-15
1.21279  1.390590E-15
1.21312  1.348190E-15
1.21344  1.362870E-15
1.21377  1.368130E-15
1.21409  1.313850E-15
1.21441  1.343280E-15
1.21474  1.335420E-15
1.21506  1.356400E-15
1.21538  1.383290E-15
1.21571  1.378490E-15
1.21603  1.351680E-15
1.21635  1.346940E-15
1.21668  1.365550E-15
1.217  1.359690E-15
1.21732  1.342190E-15
1.21765  1.357430E-15
1.21797  1.373010E-15
1.21829  1.356280E-15
1.21862  1.361040E-15
1.21894  1.361640E-15
1.21926  1.328820E-15
1.21959  1.336310E-15
1.21991  1.348900E-15
1.22024  1.348820E-15
1.22056  1.367760E-15
1.22088  1.337380E-15
1.22121  1.365960E-15
1.22153  1.377270E-15
1.22185  1.362200E-15
1.22218  1.357450E-15
1.2225  1.374920E-15
1.22282  1.357660E-15
1.22315  1.363380E-15
1.22347  1.385150E-15
1.22379  1.385380E-15
1.22412  1.378400E-15
1.22444  1.381060E-15
1.22476  1.382820E-15
1.22509  1.405210E-15
1.22541  1.373300E-15
1.22573  1.388610E-15
1.22606  1.378940E-15
1.22638  1.394390E-15
1.2267  1.372700E-15
1.22703  1.359070E-15
1.22735  1.382860E-15
1.22767  1.382530E-15
1.228  1.370410E-15
1.22832  1.365300E-15
1.22864  1.362120E-15
1.22897  1.372360E-15
1.22929  1.349250E-15
1.22961  1.352070E-15
1.22994  1.364600E-15
1.23026  1.376040E-15
1.23058  1.354640E-15
1.23091  1.354020E-15
1.23123  1.348690E-15
1.23155  1.375640E-15
1.23188  1.373000E-15
1.2322  1.364500E-15
1.23252  1.366690E-15
1.23285  1.359240E-15
1.23317  1.361660E-15
1.23349  1.350530E-15
1.23382  1.348270E-15
1.23414  1.368440E-15
1.23446  1.364550E-15
1.23479  1.328420E-15
1.23511  1.313990E-15
1.23543  1.342930E-15
1.23576  1.329020E-15
1.23608  1.323050E-15
1.2364  1.359370E-15
1.23673  1.346740E-15
1.23705  1.382220E-15
1.23737  1.357880E-15
1.23769  1.345370E-15
1.23802  1.363790E-15
1.23834  1.372220E-15
1.23866  1.376660E-15
1.23899  1.379220E-15
1.23931  1.360730E-15
1.23963  1.361340E-15
1.23996  1.351020E-15
1.24028  1.333800E-15
1.2406  1.349500E-15
1.24093  1.355410E-15
1.24125  1.374080E-15
1.24157  1.359360E-15
1.2419  1.353130E-15
1.24222  1.375930E-15
1.24254  1.351390E-15
1.24287  1.375840E-15
1.24319  1.394450E-15
1.24351  1.365110E-15
1.24383  1.381900E-15
1.24416  1.381170E-15
1.24448  1.361940E-15
1.2448  1.360730E-15
1.24513  1.334990E-15
1.24545  1.350360E-15
1.24577  1.324390E-15
1.2461  1.340460E-15
1.24642  1.356260E-15
1.24674  1.347240E-15
1.24707  1.353770E-15
1.24739  1.353460E-15
1.24771  1.345290E-15
1.24803  1.351120E-15
1.24836  1.333720E-15
1.24868  1.332590E-15
1.249  1.377800E-15
1.24933  1.357400E-15
1.24965  1.371610E-15
1.24997  1.379270E-15
1.2503  1.357950E-15
1.25062  1.375630E-15
1.25094  1.352070E-15
1.25126  1.359660E-15
1.25159  1.366730E-15
1.25191  1.367320E-15
1.25223  1.369880E-15
1.25256  1.372340E-15
1.25288  1.361210E-15
1.2532  1.365190E-15
1.25353  1.351490E-15
1.25385  1.357680E-15
1.25417  1.358650E-15
1.25449  1.336690E-15
1.25482  1.340950E-15
1.25514  1.346530E-15
1.25546  1.366620E-15
1.25579  1.334550E-15
1.25611  1.356250E-15
1.25643  1.351500E-15
1.25676  1.331960E-15
1.25708  1.371700E-15
1.2574  1.354030E-15
1.25772  1.381190E-15
1.25805  1.340380E-15
1.25837  1.361040E-15
1.25869  1.362990E-15
1.25902  1.350870E-15
1.25934  1.362870E-15
1.25966  1.344690E-15
1.25998  1.364460E-15
1.26031  1.346540E-15
1.26063  1.355820E-15
1.26095  1.364860E-15
1.26128  1.340230E-15
1.2616  1.348430E-15
1.26192  1.377790E-15
1.26224  1.334130E-15
1.26257  1.344730E-15
1.26289  1.343560E-15
1.26321  1.356560E-15
1.26354  1.362660E-15
1.26386  1.363630E-15
1.26418  1.344920E-15
1.2645  1.348070E-15
1.26483  1.323850E-15
1.26515  1.358090E-15
1.26547  1.345870E-15
1.2658  1.343260E-15
1.26612  1.349090E-15
1.26644  1.331290E-15
1.26676  1.355950E-15
1.26709  1.330880E-15
1.26741  1.367380E-15
1.26773  1.324980E-15
1.26806  1.365370E-15
1.26838  1.360200E-15
1.2687  1.328040E-15
1.26902  1.309700E-15
1.26935  1.292730E-15
1.26967  1.345330E-15
1.26999  1.363290E-15
1.27032  1.315700E-15
1.27064  1.362920E-15
1.27096  1.331560E-15
1.27128  1.357680E-15
1.27161  1.356280E-15
1.27193  1.345100E-15
1.27225  1.351160E-15
1.27257  1.350550E-15
1.2729  1.352970E-15
1.27322  1.343900E-15
1.27354  1.358200E-15
1.27387  1.379100E-15
1.27419  1.318930E-15
1.27451  1.343350E-15
1.27483  1.345010E-15
1.27516  1.339860E-15
1.27548  1.349600E-15
1.2758  1.342010E-15
1.27612  1.349360E-15
1.27645  1.335290E-15
1.27677  1.350820E-15
1.27709  1.347040E-15
1.27742  1.346630E-15
1.27774  1.331420E-15
1.27806  1.352910E-15
1.27838  1.359170E-15
1.27871  1.353110E-15
1.27903  1.357080E-15
1.27935  1.368480E-15
1.27967  1.340370E-15
1.28  1.332030E-15
1.28032  1.340830E-15
1.28064  1.319820E-15
1.28096  1.325900E-15
1.28129  1.339500E-15
1.28161  1.312790E-15
1.28193  1.339480E-15
1.28226  1.354290E-15
1.28258  1.339340E-15
1.2829  1.360420E-15
1.28322  1.364870E-15
1.28355  1.369250E-15
1.28387  1.341730E-15
1.28419  1.373450E-15
1.28451  1.362440E-15
1.28484  1.356700E-15
1.28516  1.357840E-15
1.28548  1.352900E-15
1.2858  1.388810E-15
1.28613  1.364180E-15
1.28645  1.364600E-15
1.28677  1.372800E-15
1.28709  1.365450E-15
1.28742  1.373620E-15
1.28774  1.384840E-15
1.28806  1.388190E-15
1.28839  1.374910E-15
1.28871  1.387220E-15
1.28903  1.396930E-15
1.28935  1.388320E-15
1.28968  1.412070E-15
1.29  1.434400E-15
1.29032  1.433130E-15
1.29064  1.461740E-15
1.29097  1.451220E-15
1.29129  1.437100E-15
1.29161  1.446380E-15
1.29193  1.430030E-15
1.29226  1.391620E-15
1.29258  1.374770E-15
1.2929  1.380080E-15
1.29322  1.389800E-15
1.29355  1.395500E-15
1.29387  1.402900E-15
1.29419  1.416780E-15
1.29451  1.460860E-15
1.29484  1.527400E-15
1.29516  1.522800E-15
1.29548  1.558000E-15
1.2958  1.523310E-15
1.29613  1.496500E-15
1.29645  1.468600E-15
1.29677  1.432960E-15
1.29709  1.432020E-15
1.29742  1.379180E-15
1.29774  1.387330E-15
1.29806  1.395460E-15
1.29838  1.404220E-15
1.29871  1.421970E-15
1.29903  1.386130E-15
1.29935  1.410980E-15
1.29967  1.395770E-15
1.3  1.437710E-15
1.30032  1.443700E-15
1.30064  1.431840E-15
1.30096  1.414490E-15
1.30129  1.436130E-15
1.30161  1.460570E-15
1.30193  1.450390E-15
1.30225  1.429840E-15
1.30258  1.452930E-15
1.3029  1.452090E-15
1.30322  1.452670E-15
1.30354  1.433970E-15
1.30386  1.452230E-15
1.30419  1.442760E-15
1.30451  1.463810E-15
1.30483  1.477460E-15
1.30515  1.466040E-15
1.30548  1.485890E-15
1.3058  1.487070E-15
1.30612  1.496990E-15
1.30644  1.486250E-15
1.30677  1.495860E-15
1.30709  1.497250E-15
1.30741  1.509280E-15
1.30773  1.490650E-15
1.30806  1.523430E-15
1.30838  1.505130E-15
1.3087  1.545830E-15
1.30902  1.560280E-15
1.30935  1.577430E-15
1.30967  1.540970E-15
1.30999  1.550590E-15
1.31031  1.594630E-15
1.31064  1.589410E-15
1.31096  1.624680E-15
1.31128  1.637970E-15
1.3116  1.659820E-15
1.31192  1.705750E-15
1.31225  1.739230E-15
1.31257  1.727180E-15
1.31289  1.789900E-15
1.31321  1.780130E-15
1.31354  1.796960E-15
1.31386  1.845550E-15
1.31418  1.843480E-15
1.3145  1.877230E-15
1.31483  1.876810E-15
1.31515  1.859660E-15
1.31547  1.908300E-15
1.31579  1.944330E-15
1.31611  1.958580E-15
1.31644  1.972380E-15
1.31676  1.971240E-15
1.31708  1.990130E-15
1.3174  1.985100E-15
1.31773  2.054300E-15
1.31805  2.052850E-15
1.31837  2.064340E-15
1.31869  2.060160E-15
1.31902  2.049630E-15
1.31934  2.058590E-15
1.31966  2.083020E-15
1.31998  2.140190E-15
1.3203  2.204360E-15
1.32063  2.234730E-15
1.32095  2.367440E-15
1.32127  2.412420E-15
1.32159  2.377000E-15
1.32192  2.327210E-15
1.32224  2.252200E-15
1.32256  2.131720E-15
1.32288  2.060140E-15
1.32321  1.998380E-15
1.32353  2.032310E-15
1.32385  1.983330E-15
1.32417  1.968010E-15
1.32449  1.974800E-15
1.32482  1.986920E-15
1.32514  1.964140E-15
1.32546  1.952020E-15
1.32578  1.921700E-15
1.32611  1.918480E-15
1.32643  1.927370E-15
1.32675  1.886550E-15
1.32707  1.904670E-15
1.32739  1.873250E-15
1.32772  1.866280E-15
1.32804  1.885390E-15
1.32836  1.818610E-15
1.32868  1.830700E-15
1.32901  1.794880E-15
1.32933  1.771480E-15
1.32965  1.733400E-15
1.32997  1.747070E-15
1.33029  1.727440E-15
1.33062  1.703020E-15
1.33094  1.679790E-15
1.33126  1.653310E-15
1.33158  1.629180E-15
1.33191  1.599380E-15
1.33223  1.598990E-15
1.33255  1.548350E-15
1.33287  1.520260E-15
1.33319  1.547030E-15
1.33352  1.532860E-15
1.33384  1.495990E-15
1.33416  1.510550E-15
1.33448  1.481030E-15
1.3348  1.488770E-15
1.33513  1.485330E-15
1.33545  1.467800E-15
1.33577  1.444440E-15
1.33609  1.456540E-15
1.33642  1.452370E-15
1.33674  1.416510E-15
1.33706  1.438210E-15
1.33738  1.402360E-15
1.3377  1.418060E-15
1.33803  1.403910E-15
1.33835  1.423930E-15
1.33867  1.383920E-15
1.33899  1.427020E-15
1.33931  1.406090E-15
1.33964  1.392890E-15
1.33996  1.384630E-15
1.34028  1.447900E-15
1.3406  1.348660E-15
1.34093  1.371910E-15
1.34125  1.379760E-15
1.34157  1.430200E-15
1.34189  1.363330E-15
1.34221  1.345290E-15
1.34254  1.410030E-15
1.34286  1.370560E-15
1.34318  1.320330E-15
1.3435  1.367400E-15
1.34382  1.389410E-15
1.34415  1.347670E-15
1.34447  1.343590E-15
1.34479  1.322140E-15
1.34511  1.358960E-15
1.34544  1.356140E-15
1.34576  1.328540E-15
1.34608  1.322180E-15
1.3464  1.357300E-15
1.34672  1.329950E-15
1.34705  1.324900E-15
1.34737  1.362340E-15
1.34769  1.335770E-15
1.34801  1.257090E-15
1.34833  1.265040E-15
1.34866  1.307630E-15
1.34898  1.296170E-15
1.3493  1.358600E-15
1.34962  1.333810E-15
1.34994  1.386970E-15
1.35027  1.299500E-15
1.35059  1.290900E-15
1.35091  1.256400E-15
1.35123  1.294490E-15
1.35155  1.351460E-15
1.35188  1.274280E-15
1.3522  1.243070E-15
1.35252  1.233770E-15
1.35284  1.355480E-15
1.35316  1.243380E-15
1.35349  1.257620E-15
1.35381  1.216300E-15
1.35413  1.290080E-15
1.35445  1.306960E-15
1.35478  1.207820E-15
1.3551  1.094300E-15
1.35542  1.292980E-15
1.35574  1.338200E-15
1.35606  1.214630E-15
1.35639  1.249390E-15
1.35671  1.395970E-15
1.35703  1.258830E-15
1.35735  1.301420E-15
1.35767  1.167490E-15
1.358  1.153680E-15
1.35832  1.279190E-15
1.35864  1.144020E-15
1.35896  1.281220E-15
1.35928  1.377890E-15
1.35961  1.286280E-15
1.35993  1.221510E-15
1.41128  1.258200E-15
1.41169  1.277180E-15
1.4121  1.261470E-15
1.4125  1.253590E-15
1.41291  1.266930E-15
1.41332  1.318070E-15
1.41372  1.341220E-15
1.41413  1.282710E-15
1.41453  1.149260E-15
1.41494  1.224710E-15
1.41535  1.213770E-15
1.41575  1.243860E-15
1.41616  1.266590E-15
1.41657  1.316240E-15
1.41697  1.301170E-15
1.41738  1.275680E-15
1.41779  1.236850E-15
1.41819  1.290280E-15
1.4186  1.280380E-15
1.419  1.314220E-15
1.41941  1.174770E-15
1.41982  1.182180E-15
1.42022  1.269010E-15
1.42063  1.266920E-15
1.42103  1.259470E-15
1.42144  1.262400E-15
1.42185  1.280660E-15
1.42225  1.278650E-15
1.42266  1.309090E-15
1.42307  1.293980E-15
1.42347  1.243150E-15
1.42388  1.241630E-15
1.42428  1.232820E-15
1.42469  1.256350E-15
1.4251  1.318940E-15
1.4255  1.299370E-15
1.42591  1.229030E-15
1.42631  1.237260E-15
1.42672  1.288250E-15
1.42713  1.290980E-15
1.42753  1.246790E-15
1.42794  1.243260E-15
1.42834  1.231710E-15
1.42875  1.222320E-15
1.42916  1.222730E-15
1.42956  1.282100E-15
1.42997  1.260460E-15
1.43037  1.287910E-15
1.43078  1.291770E-15
1.43119  1.323790E-15
1.43159  1.220560E-15
1.432  1.215750E-15
1.4324  1.267230E-15
1.43281  1.230030E-15
1.43322  1.243850E-15
1.43362  1.267970E-15
1.43403  1.284810E-15
1.43443  1.228310E-15
1.43484  1.202530E-15
1.43524  1.226090E-15
1.43565  1.280950E-15
1.43606  1.290910E-15
1.43646  1.254150E-15
1.43687  1.251640E-15
1.43727  1.275790E-15
1.43768  1.254440E-15
1.43809  1.188980E-15
1.43849  1.228400E-15
1.4389  1.296540E-15
1.4393  1.279240E-15
1.43971  1.242100E-15
1.44011  1.222000E-15
1.44052  1.245470E-15
1.44093  1.293450E-15
1.44133  1.248970E-15
1.44174  1.234950E-15
1.44214  1.234380E-15
1.44255  1.280160E-15
1.44295  1.233220E-15
1.44336  1.226240E-15
1.44377  1.238400E-15
1.44417  1.284760E-15
1.44458  1.253420E-15
1.44498  1.280980E-15
1.44539  1.304510E-15
1.44579  1.244100E-15
1.4462  1.182300E-15
1.4466  1.250850E-15
1.44701  1.291440E-15
1.44742  1.262590E-15
1.44782  1.264600E-15
1.44823  1.287390E-15
1.44863  1.266190E-15
1.44904  1.259890E-15
1.44944  1.280050E-15
1.44985  1.278280E-15
1.45025  1.259570E-15
1.45066  1.212540E-15
1.45106  1.171070E-15
1.45147  1.169530E-15
1.45188  1.244210E-15
1.45228  1.253950E-15
1.45269  1.229710E-15
1.45309  1.244960E-15
1.4535  1.266120E-15
1.4539  1.233060E-15
1.45431  1.255080E-15
1.45471  1.261590E-15
1.45512  1.248200E-15
1.45552  1.239270E-15
1.45593  1.225140E-15
1.45634  1.255380E-15
1.45674  1.254290E-15
1.45715  1.259260E-15
1.45755  1.248280E-15
1.45796  1.246990E-15
1.45836  1.257330E-15
1.45877  1.264460E-15
1.45917  1.270660E-15
1.45958  1.253940E-15
1.45998  1.281940E-15
1.46039  1.268460E-15
1.46079  1.262350E-15
1.4612  1.237040E-15
1.4616  1.267350E-15
1.46201  1.227170E-15
1.46241  1.252790E-15
1.46282  1.263070E-15
1.46322  1.225940E-15
1.46363  1.221340E-15
1.46404  1.231290E-15
1.46444  1.281150E-15
1.46485  1.286760E-15
1.46525  1.249970E-15
1.46566  1.218670E-15
1.46606  1.222320E-15
1.46647  1.247310E-15
1.46687  1.233640E-15
1.46728  1.229830E-15
1.46768  1.235410E-15
1.46809  1.243120E-15
1.46849  1.252390E-15
1.4689  1.274520E-15
1.4693  1.290380E-15
1.46971  1.231180E-15
1.47011  1.248070E-15
1.47052  1.274830E-15
1.47092  1.261870E-15
1.47133  1.245850E-15
1.47173  1.269160E-15
1.47214  1.309100E-15
1.47254  1.308430E-15
1.47295  1.303430E-15
1.47335  1.329770E-15
1.47376  1.375990E-15
1.47416  1.364320E-15
1.47457  1.354380E-15
1.47497  1.369210E-15
1.47538  1.346090E-15
1.47578  1.297800E-15
1.47619  1.272450E-15
1.47659  1.246430E-15
1.477  1.259710E-15
1.4774  1.275820E-15
1.47781  1.225700E-15
1.47821  1.251890E-15
1.47862  1.246240E-15
1.47902  1.278670E-15
1.47943  1.262320E-15
1.47983  1.242150E-15
1.48024  1.266330E-15
1.48064  1.258550E-15
1.48105  1.243090E-15
1.48145  1.270860E-15
1.48185  1.288670E-15
1.48226  1.258830E-15
1.48266  1.271380E-15
1.48307  1.267330E-15
1.48347  1.279410E-15
1.48388  1.269370E-15
1.48428  1.236970E-15
1.48469  1.252410E-15
1.48509  1.257000E-15
1.4855  1.280950E-15
1.4859  1.275330E-15
1.48631  1.277940E-15
1.48671  1.248210E-15
1.48712  1.230690E-15
1.48752  1.259850E-15
1.48793  1.277800E-15
1.48833  1.255190E-15
1.48874  1.253370E-15
1.48914  1.286170E-15
1.48954  1.283900E-15
1.48995  1.252460E-15
1.49035  1.261910E-15
1.49076  1.259000E-15
1.49116  1.282550E-15
1.49157  1.288940E-15
1.49197  1.280860E-15
1.49238  1.279090E-15
1.49278  1.284320E-15
1.49319  1.269390E-15
1.49359  1.284710E-15
1.494  1.284730E-15
1.4944  1.279650E-15
1.4948  1.265670E-15
1.49521  1.262270E-15
1.49561  1.270930E-15
1.49602  1.278910E-15
1.49642  1.275020E-15
1.49683  1.269830E-15
1.49723  1.264460E-15
1.49764  1.276590E-15
1.49804  1.267750E-15
1.49845  1.257860E-15
1.49885  1.252930E-15
1.49925  1.275330E-15
1.49966  1.272370E-15
1.50006  1.259120E-15
1.50047  1.252640E-15
1.50087  1.257830E-15
1.50128  1.260710E-15
1.50168  1.265490E-15
1.50209  1.279610E-15
1.50249  1.271630E-15
1.50289  1.273390E-15
1.5033  1.270150E-15
1.5037  1.266170E-15
1.50411  1.254830E-15
1.50451  1.229060E-15
1.50492  1.224000E-15
1.50532  1.263460E-15
1.50572  1.226190E-15
1.50613  1.257670E-15
1.50653  1.246810E-15
1.50694  1.243780E-15
1.50734  1.251610E-15
1.50775  1.256750E-15
1.50815  1.261410E-15
1.50856  1.254080E-15
1.50896  1.285760E-15
1.50936  1.258260E-15
1.50977  1.253860E-15
1.51017  1.261920E-15
1.51058  1.263920E-15
1.51098  1.249670E-15
1.51138  1.262580E-15
1.51179  1.279180E-15
1.51219  1.271450E-15
1.5126  1.246280E-15
1.513  1.263200E-15
1.51341  1.271400E-15
1.51381  1.273810E-15
1.51421  1.269080E-15
1.51462  1.263610E-15
1.51502  1.273670E-15
1.51543  1.259740E-15
1.51583  1.258900E-15
1.51624  1.260610E-15
1.51664  1.266790E-15
1.51704  1.271280E-15
1.51745  1.267710E-15
1.51785  1.278170E-15
1.51826  1.250380E-15
1.51866  1.273970E-15
1.51906  1.267510E-15
1.51947  1.260700E-15
1.51987  1.264890E-15
1.52028  1.265750E-15
1.52068  1.266830E-15
1.52109  1.286590E-15
1.52149  1.274280E-15
1.52189  1.254720E-15
1.5223  1.267400E-15
1.5227  1.254430E-15
1.52311  1.278400E-15
1.52351  1.260240E-15
1.52391  1.278880E-15
1.52432  1.277440E-15
1.52472  1.301200E-15
1.52513  1.281470E-15
1.52553  1.270570E-15
1.52593  1.283010E-15
1.52634  1.259740E-15
1.52674  1.272950E-15
1.52715  1.266010E-15
1.52755  1.277000E-15
1.52795  1.262990E-15
1.52836  1.264720E-15
1.52876  1.279180E-15
1.52917  1.265920E-15
1.52957  1.269510E-15
1.52997  1.264590E-15
1.53038  1.271310E-15
1.53078  1.264030E-15
1.53118  1.276950E-15
1.53159  1.273960E-15
1.53199  1.258950E-15
1.5324  1.254080E-15
1.5328  1.251020E-15
1.5332  1.230100E-15
1.53361  1.215140E-15
1.53401  1.235130E-15
1.53442  1.249920E-15
1.53482  1.264500E-15
1.53522  1.273030E-15
1.53563  1.271660E-15
1.53603  1.264370E-15
1.53644  1.265440E-15
1.53684  1.272330E-15
1.53724  1.280350E-15
1.53765  1.284570E-15
1.53805  1.285670E-15
1.53845  1.278300E-15
1.53886  1.269760E-15
1.53926  1.278700E-15
1.53967  1.276250E-15
1.54007  1.285280E-15
1.54047  1.283920E-15
1.54088  1.279690E-15
1.54128  1.286370E-15
1.54168  1.297070E-15
1.54209  1.301170E-15
1.54249  1.293080E-15
1.5429  1.273950E-15
1.5433  1.272640E-15
1.5437  1.289530E-15
1.54411  1.283480E-15
1.54451  1.277740E-15
1.54491  1.288350E-15
1.54532  1.277940E-15
1.54572  1.284540E-15
1.54613  1.288700E-15
1.54653  1.274970E-15
1.54693  1.267520E-15
1.54734  1.276270E-15
1.54774  1.260720E-15
1.54814  1.259160E-15
1.54855  1.248110E-15
1.54895  1.239860E-15
1.54935  1.249420E-15
1.54976  1.261990E-15
1.55016  1.239180E-15
1.55057  1.241950E-15
1.55097  1.239650E-15
1.55137  1.255570E-15
1.55178  1.245640E-15
1.55218  1.260340E-15
1.55258  1.290660E-15
1.55299  1.285670E-15
1.55339  1.272480E-15
1.55379  1.293140E-15
1.5542  1.270330E-15
1.5546  1.291270E-15
1.555  1.284790E-15
1.55541  1.290620E-15
1.55581  1.279510E-15
1.55622  1.280380E-15
1.55662  1.278290E-15
1.55702  1.281560E-15
1.55743  1.287460E-15
1.55783  1.270080E-15
1.55823  1.279600E-15
1.55864  1.285350E-15
1.55904  1.281450E-15
1.55944  1.259250E-15
1.55985  1.274510E-15
1.56025  1.284790E-15
1.56065  1.293420E-15
1.56106  1.287940E-15
1.56146  1.275060E-15
1.56186  1.279190E-15
1.56227  1.266540E-15
1.56267  1.269990E-15
1.56307  1.270810E-15
1.56348  1.281700E-15
1.56388  1.271700E-15
1.56428  1.273520E-15
1.56469  1.264020E-15
1.56509  1.281910E-15
1.5655  1.266000E-15
1.5659  1.261650E-15
1.5663  1.274250E-15
1.56671  1.285710E-15
1.56711  1.283910E-15
1.56751  1.281680E-15
1.56792  1.284480E-15
1.56832  1.278750E-15
1.56872  1.260840E-15
1.56913  1.258910E-15
1.56953  1.251980E-15
1.56993  1.248100E-15
1.57034  1.247070E-15
1.57074  1.241630E-15
1.57114  1.262810E-15
1.57155  1.266410E-15
1.57195  1.266020E-15
1.57235  1.275950E-15
1.57276  1.266020E-15
1.57316  1.267380E-15
1.57356  1.270380E-15
1.57397  1.274640E-15
1.57437  1.267700E-15
1.57477  1.271930E-15
1.57518  1.261570E-15
1.57558  1.266180E-15
1.57598  1.270300E-15
1.57639  1.268260E-15
1.57679  1.268580E-15
1.57719  1.288180E-15
1.57759  1.283590E-15
1.578  1.288720E-15
1.5784  1.284780E-15
1.5788  1.277430E-15
1.57921  1.280410E-15
1.57961  1.288310E-15
1.58001  1.292470E-15
1.58042  1.304120E-15
1.58082  1.307930E-15
1.58122  1.284460E-15
1.58163  1.290860E-15
1.58203  1.304030E-15
1.58243  1.286600E-15
1.58284  1.308140E-15
1.58324  1.303270E-15
1.58364  1.276720E-15
1.58405  1.282320E-15
1.58445  1.287000E-15
1.58485  1.292150E-15
1.58526  1.298430E-15
1.58566  1.290630E-15
1.58606  1.279980E-15
1.58647  1.298770E-15
1.58687  1.281960E-15
1.58727  1.298990E-15
1.58767  1.315800E-15
1.58808  1.277810E-15
1.58848  1.299970E-15
1.58888  1.285130E-15
1.58929  1.279330E-15
1.58969  1.285010E-15
1.59009  1.307390E-15
1.5905  1.291810E-15
1.5909  1.311530E-15
1.5913  1.300150E-15
1.59171  1.319510E-15
1.59211  1.329260E-15
1.59251  1.309670E-15
1.59291  1.322960E-15
1.59332  1.306330E-15
1.59372  1.298850E-15
1.59412  1.305120E-15
1.59453  1.316410E-15
1.59493  1.300880E-15
1.59533  1.320580E-15
1.59574  1.322240E-15
1.59614  1.307030E-15
1.59654  1.314530E-15
1.59694  1.295810E-15
1.59735  1.289920E-15
1.59775  1.268860E-15
1.59815  1.272000E-15
1.59856  1.288160E-15
1.59896  1.291320E-15
1.59936  1.289230E-15
1.59977  1.299910E-15
1.60017  1.300770E-15
1.60057  1.291460E-15
1.60097  1.288680E-15
1.60138  1.281000E-15
1.60178  1.287630E-15
1.60218  1.275550E-15
1.60259  1.269710E-15
1.60299  1.285300E-15
1.60339  1.268190E-15
1.6038  1.269090E-15
1.6042  1.275680E-15
1.6046  1.278120E-15
1.605  1.272810E-15
1.60541  1.265100E-15
1.60581  1.281010E-15
1.60621  1.251360E-15
1.60662  1.250220E-15
1.60702  1.268680E-15
1.60742  1.293060E-15
1.60782  1.290870E-15
1.60823  1.289700E-15
1.60863  1.283680E-15
1.60903  1.301870E-15
1.60944  1.297180E-15
1.60984  1.283160E-15
1.61024  1.285500E-15
1.61064  1.274540E-15
1.61105  1.269090E-15
1.61145  1.277540E-15
1.61185  1.294930E-15
1.61226  1.273000E-15
1.61266  1.306830E-15
1.61306  1.310620E-15
1.61346  1.275000E-15
1.61387  1.296890E-15
1.61427  1.296740E-15
1.61467  1.319270E-15
1.61508  1.308730E-15
1.61548  1.296900E-15
1.61588  1.302120E-15
1.61628  1.294350E-15
1.61669  1.290770E-15
1.61709  1.301210E-15
1.61749  1.288080E-15
1.6179  1.291460E-15
1.6183  1.315380E-15
1.6187  1.303130E-15
1.6191  1.320190E-15
1.61951  1.291890E-15
1.61991  1.301250E-15
1.62031  1.311280E-15
1.62072  1.287620E-15
1.62112  1.276860E-15
1.62152  1.291240E-15
1.62192  1.286370E-15
1.62233  1.294360E-15
1.62273  1.276780E-15
1.62313  1.276980E-15
1.62353  1.264640E-15
1.62394  1.252780E-15
1.62434  1.276900E-15
1.62474  1.254110E-15
1.62515  1.236850E-15
1.62555  1.223100E-15
1.62595  1.243720E-15
1.62635  1.235830E-15
1.62676  1.245410E-15
1.62716  1.239180E-15
1.62756  1.264450E-15
1.62796  1.267490E-15
1.62837  1.264740E-15
1.62877  1.280700E-15
1.62917  1.259570E-15
1.62958  1.270640E-15
1.62998  1.269030E-15
1.63038  1.267690E-15
1.63078  1.262580E-15
1.63119  1.253270E-15
1.63159  1.260270E-15
1.63199  1.261030E-15
1.63239  1.251710E-15
1.6328  1.263970E-15
1.6332  1.268580E-15
1.6336  1.268760E-15
1.63401  1.286830E-15
1.63441  1.291770E-15
1.63481  1.296210E-15
1.63521  1.291400E-15
1.63562  1.295430E-15
1.63602  1.287180E-15
1.63642  1.278360E-15
1.63682  1.285790E-15
1.63723  1.257370E-15
1.63763  1.240520E-15
1.63803  1.234310E-15
1.63843  1.232760E-15
1.63884  1.265790E-15
1.63924  1.260500E-15
1.63964  1.276190E-15
1.64004  1.260930E-15
1.64045  1.281760E-15
1.64085  1.264980E-15
1.64125  1.277690E-15
1.64166  1.295140E-15
1.64206  1.323480E-15
1.64246  1.294050E-15
1.64286  1.276360E-15
1.64327  1.290400E-15
1.64367  1.293510E-15
1.64407  1.268230E-15
1.64447  1.290800E-15
1.64488  1.297070E-15
1.64528  1.274140E-15
1.64568  1.266770E-15
1.64608  1.243210E-15
1.64649  1.258280E-15
1.64689  1.261930E-15
1.64729  1.239960E-15
1.64769  1.237210E-15
1.6481  1.265230E-15
1.6485  1.256760E-15
1.6489  1.287510E-15
1.6493  1.273160E-15
1.64971  1.269260E-15
1.65011  1.248840E-15
1.65051  1.275860E-15
1.65091  1.259350E-15
1.65132  1.269850E-15
1.65172  1.262020E-15
1.65212  1.273020E-15
1.65252  1.292270E-15
1.65293  1.273370E-15
1.65333  1.281070E-15
1.65373  1.262800E-15
1.65413  1.252030E-15
1.65454  1.272700E-15
1.65494  1.270800E-15
1.65534  1.260000E-15
1.65574  1.254360E-15
1.65615  1.258220E-15
1.65655  1.251040E-15
1.65695  1.270040E-15
1.65735  1.244480E-15
1.65776  1.277400E-15
1.65816  1.269920E-15
1.65856  1.266400E-15
1.65896  1.273960E-15
1.65937  1.283510E-15
1.65977  1.282280E-15
1.66017  1.287960E-15
1.66057  1.286460E-15
1.66098  1.280190E-15
1.66138  1.283030E-15
1.66178  1.262080E-15
1.66218  1.258390E-15
1.66259  1.259010E-15
1.66299  1.276180E-15
1.66339  1.275420E-15
1.66379  1.271550E-15
1.6642  1.268620E-15
1.6646  1.287400E-15
1.665  1.264070E-15
1.6654  1.270540E-15
1.66581  1.273100E-15
1.66621  1.272760E-15
1.66661  1.277110E-15
1.66701  1.282030E-15
1.66742  1.264970E-15
1.66782  1.273490E-15
1.66822  1.244720E-15
1.66862  1.234440E-15
1.66903  1.211570E-15
1.66943  1.232460E-15
1.66983  1.234520E-15
1.67023  1.230800E-15
1.67063  1.226040E-15
1.67104  1.226490E-15
1.67144  1.225310E-15
1.67184  1.256360E-15
1.67224  1.255480E-15
1.67265  1.250220E-15
1.67305  1.250260E-15
1.67345  1.274540E-15
1.67385  1.267350E-15
1.67426  1.269880E-15
1.67466  1.251020E-15
1.67506  1.261440E-15
1.67546  1.252410E-15
1.67587  1.266940E-15
1.67627  1.272460E-15
1.67667  1.279940E-15
1.67707  1.291540E-15
1.67748  1.270850E-15
1.67788  1.266230E-15
1.67828  1.291650E-15
1.67868  1.281660E-15
1.67909  1.289790E-15
1.67949  1.284230E-15
1.67989  1.287750E-15
1.68029  1.279120E-15
1.68069  1.273340E-15
1.6811  1.283610E-15
1.6815  1.259190E-15
1.6819  1.282850E-15
1.6823  1.278340E-15
1.68271  1.296070E-15
1.68311  1.292110E-15
1.68351  1.256010E-15
1.68391  1.282750E-15
1.68432  1.278050E-15
1.68472  1.301500E-15
1.68512  1.274700E-15
1.68552  1.297150E-15
1.68593  1.294280E-15
1.68633  1.282020E-15
1.68673  1.282830E-15
1.68713  1.271930E-15
1.68753  1.296010E-15
1.68794  1.257220E-15
1.68834  1.278600E-15
1.68874  1.239950E-15
1.68914  1.250810E-15
1.68955  1.261350E-15
1.68995  1.237820E-15
1.69035  1.275660E-15
1.69075  1.239390E-15
1.69116  1.241610E-15
1.69156  1.268110E-15
1.69196  1.281770E-15
1.69236  1.283080E-15
1.69276  1.309590E-15
1.69317  1.321250E-15
1.69357  1.353460E-15
1.69397  1.364880E-15
1.69437  1.370660E-15
1.69478  1.338510E-15
1.69518  1.325940E-15
1.69558  1.331160E-15
1.69598  1.281680E-15
1.69639  1.274960E-15
1.69679  1.274470E-15
1.69719  1.264150E-15
1.69759  1.269940E-15
1.69799  1.274240E-15
1.6984  1.269280E-15
1.6988  1.260530E-15
1.6992  1.263710E-15
1.6996  1.253700E-15
1.70001  1.258640E-15
1.70041  1.257500E-15
1.70081  1.284050E-15
1.70121  1.258160E-15
1.70162  1.283280E-15
1.70202  1.277030E-15
1.70242  1.283740E-15
1.70282  1.258850E-15
1.70322  1.275470E-15
1.70363  1.256140E-15
1.70403  1.254580E-15
1.70443  1.230040E-15
1.70483  1.244220E-15
1.70524  1.250390E-15
1.70564  1.252200E-15
1.70604  1.247590E-15
1.70644  1.265240E-15
1.70685  1.250360E-15
1.70725  1.253660E-15
1.70765  1.264810E-15
1.70805  1.270780E-15
1.70845  1.255280E-15
1.70886  1.257820E-15
1.70926  1.249610E-15
1.70966  1.256490E-15
1.71006  1.270680E-15
1.71047  1.241080E-15
1.71087  1.260010E-15
1.71127  1.265880E-15
1.71167  1.243360E-15
1.71207  1.237970E-15
1.71248  1.232500E-15
1.71288  1.244220E-15
1.71328  1.237180E-15
1.71368  1.247990E-15
1.71409  1.241600E-15
1.71449  1.263720E-15
1.71489  1.245930E-15
1.71529  1.245740E-15
1.71569  1.269140E-15
1.7161  1.239090E-15
1.7165  1.243620E-15
1.7169  1.235970E-15
1.7173  1.227850E-15
1.71771  1.247740E-15
1.71811  1.259520E-15
1.71851  1.250400E-15
1.71891  1.242770E-15
1.71932  1.231140E-15
1.71972  1.264570E-15
1.72012  1.248270E-15
1.72052  1.263370E-15
1.72092  1.263380E-15
1.72133  1.249910E-15
1.72173  1.258410E-15
1.72213  1.269170E-15
1.72253  1.273670E-15
1.72294  1.266360E-15
1.72334  1.262650E-15
1.72374  1.256750E-15
1.72414  1.266070E-15
1.72454  1.278180E-15
1.72495  1.285020E-15
1.72535  1.302830E-15
1.72575  1.265390E-15
1.72615  1.270620E-15
1.72656  1.255050E-15
1.72696  1.253400E-15
1.72736  1.263020E-15
1.72776  1.259830E-15
1.72816  1.295800E-15
1.72857  1.292230E-15
1.72897  1.299580E-15
1.72937  1.300240E-15
1.72977  1.309580E-15
1.73018  1.305660E-15
1.73058  1.297810E-15
1.73098  1.293650E-15
1.73138  1.296990E-15
1.73178  1.286180E-15
1.73219  1.301790E-15
1.73259  1.290980E-15
1.73299  1.273650E-15
1.73339  1.285120E-15
1.7338  1.286360E-15
1.7342  1.303860E-15
1.7346  1.281530E-15
1.735  1.250670E-15
1.7354  1.248330E-15
1.73581  1.248420E-15
1.73621  1.244900E-15
1.73661  1.250580E-15
1.73701  1.257020E-15
1.73742  1.260600E-15
1.73782  1.242740E-15
1.73822  1.275490E-15
1.73862  1.272920E-15
1.73902  1.303750E-15
1.73943  1.250130E-15
1.73983  1.239250E-15
1.74023  1.262920E-15
1.74063  1.273930E-15
1.74104  1.279210E-15
1.74144  1.281610E-15
1.74184  1.275840E-15
1.74224  1.288360E-15
1.74265  1.280220E-15
1.74305  1.277230E-15
1.74345  1.294690E-15
1.74385  1.287500E-15
1.74425  1.276520E-15
1.74466  1.277540E-15
1.74506  1.278430E-15
1.74546  1.254980E-15
1.74586  1.292500E-15
1.74627  1.261320E-15
1.74667  1.254580E-15
1.74707  1.233190E-15
1.74747  1.252460E-15
1.74787  1.238540E-15
1.74828  1.249390E-15
1.74868  1.260330E-15
1.74908  1.270280E-15
1.74948  1.245490E-15
1.74989  1.255600E-15
1.75029  1.255770E-15
1.75069  1.272920E-15
1.75109  1.283100E-15
1.75149  1.262160E-15
1.7519  1.260250E-15
1.7523  1.243450E-15
1.7527  1.224090E-15
1.7531  1.247330E-15
1.75351  1.242910E-15
1.75391  1.249780E-15
1.75431  1.241760E-15
1.75471  1.265230E-15
1.75511  1.250150E-15
1.75552  1.223110E-15
1.75592  1.254810E-15
1.75632  1.247800E-15
1.75672  1.227750E-15
1.75713  1.242710E-15
1.75753  1.219020E-15
1.75793  1.234130E-15
1.75833  1.208490E-15
1.75873  1.201710E-15
1.75914  1.217360E-15
1.75954  1.203300E-15
1.75994  1.224120E-15
1.76034  1.233450E-15
1.76075  1.227800E-15
1.76115  1.214850E-15
1.76155  1.212870E-15
1.76195  1.208860E-15
1.76236  1.206640E-15
1.76276  1.196920E-15
1.76316  1.218210E-15
1.76356  1.188730E-15
1.76396  1.217350E-15
1.76437  1.204710E-15
1.76477  1.205050E-15
1.76517  1.222580E-15
1.76557  1.210610E-15
1.76598  1.183470E-15
1.76638  1.189680E-15
1.76678  1.217030E-15
1.76718  1.280240E-15
1.76758  1.244020E-15
1.76799  1.224740E-15
1.76839  1.242340E-15
1.76879  1.233310E-15
1.76919  1.247640E-15
1.7696  1.231490E-15
1.77  1.215630E-15
1.7704  1.241290E-15
1.7708  1.238130E-15
1.77121  1.224100E-15
1.77161  1.237720E-15
1.77201  1.239910E-15
1.77241  1.222200E-15
1.77281  1.226460E-15
1.77322  1.213870E-15
1.77362  1.224680E-15
1.77402  1.234690E-15
1.77442  1.201790E-15
1.77483  1.223280E-15
1.77523  1.234330E-15
1.77563  1.236720E-15
1.77603  1.239470E-15
1.77644  1.220080E-15
1.77684  1.219460E-15
1.77724  1.215290E-15
1.77764  1.232540E-15
1.77804  1.230720E-15
1.77845  1.238280E-15
1.77885  1.214540E-15
1.77925  1.212600E-15
1.77965  1.223110E-15
1.78006  1.269290E-15
1.78046  1.280310E-15
1.78086  1.242170E-15
1.78126  1.200120E-15
1.78166  1.208910E-15
1.78207  1.196740E-15
1.78247  1.251170E-15
1.78287  1.228730E-15
1.78327  1.238440E-15
1.78368  1.217570E-15
1.78408  1.228960E-15
1.78448  1.213300E-15
1.78488  1.176670E-15
1.78529  1.149070E-15
1.78569  1.172030E-15
1.78609  1.215960E-15
1.78649  1.198400E-15
1.7869  1.215810E-15
1.7873  1.180360E-15
1.7877  1.213670E-15
1.7881  1.246070E-15
1.7885  1.256780E-15
1.78891  1.247550E-15
1.78931  1.226430E-15
1.78971  1.220490E-15
1.79011  1.270640E-15
1.79052  1.235200E-15
1.79092  1.223470E-15
1.79132  1.211740E-15
1.79172  1.251380E-15
1.79213  1.241500E-15
1.79253  1.216380E-15
1.79293  1.246360E-15
1.79333  1.246030E-15
1.79374  1.185270E-15
1.79414  1.170630E-15
1.79454  1.223740E-15
1.79494  1.262530E-15
1.79534  1.252570E-15
1.79575  1.220500E-15
1.79615  1.248150E-15
1.79655  1.205090E-15
1.79695  1.213770E-15
1.79736  1.224680E-15
1.79776  1.247470E-15
1.79816  1.229250E-15
1.79856  1.205310E-15
1.79897  1.248770E-15
1.79937  1.291810E-15
1.79977  1.201260E-15
1.80017  1.174040E-15
1.80058  1.162230E-15
1.80098  1.174020E-15
1.80138  1.153470E-15
1.8828  1.163990E-15
1.88334  1.220610E-15
1.88388  1.205140E-15
1.88442  1.097340E-15
1.88496  9.964981E-16
1.8855  1.057670E-15
1.88604  1.162440E-15
1.88658  1.152480E-15
1.88712  1.151740E-15
1.88766  1.107980E-15
1.8882  1.097420E-15
1.88873  1.184430E-15
1.88927  1.197270E-15
1.88981  1.191260E-15
1.89035  1.134400E-15
1.89089  9.837800E-16
1.89143  1.015280E-15
1.89197  1.217050E-15
1.89251  1.187090E-15
1.89305  1.041630E-15
1.89359  1.055950E-15
1.89413  1.105670E-15
1.89466  1.067530E-15
1.8952  1.099980E-15
1.89574  1.177830E-15
1.89628  1.174470E-15
1.89682  1.151490E-15
1.89736  1.133390E-15
1.8979  1.159870E-15
1.89844  1.101400E-15
1.89898  1.033240E-15
1.89952  1.088590E-15
1.90006  1.005890E-15
1.90059  9.036090E-16
1.90113  9.890330E-16
1.90167  1.062570E-15
1.90221  1.167180E-15
1.90275  1.241760E-15
1.90329  1.116940E-15
1.90383  9.782510E-16
1.90437  1.071940E-15
1.90491  1.269340E-15
1.90545  1.205430E-15
1.90598  9.390350E-16
1.90652  8.697660E-16
1.90706  1.117900E-15
1.9076  1.089530E-15
1.90814  1.161640E-15
1.90868  1.280810E-15
1.90922  1.231440E-15
1.90976  1.172360E-15
1.9103  1.205430E-15
1.91084  1.254180E-15
1.91137  1.173250E-15
1.91191  1.116410E-15
1.91245  1.091370E-15
1.91299  1.189890E-15
1.91353  1.326580E-15
1.91407  1.143230E-15
1.91461  1.055860E-15
1.91515  1.127420E-15
1.91569  1.244130E-15
1.91622  1.393920E-15
1.91676  1.277660E-15
1.9173  1.185750E-15
1.91784  1.296740E-15
1.91838  1.438480E-15
1.91892  1.503130E-15
1.91946  1.499630E-15
1.92  1.483960E-15
1.92054  1.290420E-15
1.92107  1.164550E-15
1.92161  1.404220E-15
1.92215  1.524600E-15
1.92269  1.646860E-15
1.92323  1.681750E-15
1.92377  1.704760E-15
1.92431  1.616480E-15
1.92485  1.473740E-15
1.92538  1.557350E-15
1.92592  1.814110E-15
1.92646  1.849150E-15
1.927  1.772840E-15
1.92754  1.649520E-15
1.92808  1.613810E-15
1.92862  1.776890E-15
1.92916  1.762870E-15
1.92969  1.756990E-15
1.93023  1.937810E-15
1.93077  1.937100E-15
1.93131  1.819560E-15
1.93185  1.999460E-15
1.93239  2.223230E-15
1.93293  2.422670E-15
1.93347  2.443020E-15
1.934  2.372700E-15
1.93454  2.085500E-15
1.93508  1.877560E-15
1.93562  1.879220E-15
1.93616  1.889800E-15
1.9367  1.771880E-15
1.93724  1.650140E-15
1.93778  1.689880E-15
1.93831  1.707930E-15
1.93885  1.648190E-15
1.93939  1.604120E-15
1.93993  1.547950E-15
1.94047  1.504700E-15
1.94101  1.619620E-15
1.94155  1.614110E-15
1.94208  1.482620E-15
1.94262  1.507110E-15
1.94316  1.574880E-15
1.9437  1.547320E-15
1.94424  1.460740E-15
1.94478  1.457960E-15
1.94532  1.422300E-15
1.94585  1.433280E-15
1.94639  1.472920E-15
1.94693  1.482150E-15
1.94747  1.427200E-15
1.94801  1.408350E-15
1.94855  1.366070E-15
1.94909  1.353880E-15
1.94962  1.332750E-15
1.95016  1.308750E-15
1.9507  1.277170E-15
1.95124  1.267550E-15
1.95178  1.268460E-15
1.95232  1.266320E-15
1.95286  1.246270E-15
1.95339  1.186770E-15
1.95393  1.183680E-15
1.95447  1.180640E-15
1.95501  1.203700E-15
1.95555  1.172670E-15
1.95609  1.189360E-15
1.95663  1.145890E-15
1.95716  1.154290E-15
1.9577  1.159940E-15
1.95824  1.158430E-15
1.95878  1.164930E-15
1.95932  1.150040E-15
1.95986  1.132840E-15
1.96039  1.146450E-15
1.96093  1.184120E-15
1.96147  1.156560E-15
1.96201  1.154320E-15
1.96255  1.155790E-15
1.96309  1.139420E-15
1.96363  1.106440E-15
1.96416  1.114990E-15
1.9647  1.139740E-15
1.96524  1.147330E-15
1.96578  1.142650E-15
1.96632  1.145720E-15
1.96686  1.141400E-15
1.96739  1.153580E-15
1.96793  1.154080E-15
1.96847  1.135380E-15
1.96901  1.143330E-15
1.96955  1.131930E-15
1.97009  1.141820E-15
1.97062  1.148910E-15
1.97116  1.144900E-15
1.9717  1.146010E-15
1.97224  1.123090E-15
1.97278  1.138200E-15
1.97332  1.159480E-15
1.97385  1.155460E-15
1.97439  1.137150E-15
1.97493  1.117580E-15
1.97547  1.147340E-15
1.97601  1.154310E-15
1.97655  1.147990E-15
1.97708  1.155400E-15
1.97762  1.151060E-15
1.97816  1.155040E-15
1.9787  1.148060E-15
1.97924  1.168030E-15
1.97978  1.166740E-15
1.98031  1.148150E-15
1.98085  1.125120E-15
1.98139  1.164190E-15
1.98193  1.172960E-15
1.98247  1.146160E-15
1.98301  1.161300E-15
1.98354  1.143340E-15
1.98408  1.142840E-15
1.98462  1.152140E-15
1.98516  1.135290E-15
1.9857  1.132020E-15
1.98624  1.137400E-15
1.98677  1.147870E-15
1.98731  1.124590E-15
1.98785  1.124040E-15
1.98839  1.135920E-15
1.98893  1.152420E-15
1.98946  1.144820E-15
1.99  1.132000E-15
1.99054  1.119980E-15
1.99108  1.138000E-15
1.99162  1.146270E-15
1.99216  1.170400E-15
1.99269  1.169860E-15
1.99323  1.152640E-15
1.99377  1.154200E-15
1.99431  1.151710E-15
1.99485  1.165470E-15
1.99538  1.160980E-15
1.99592  1.162600E-15
1.99646  1.170300E-15
1.997  1.172230E-15
1.99754  1.183600E-15
1.99808  1.173910E-15
1.99861  1.175230E-15
1.99915  1.159370E-15
1.99969  1.169530E-15
2.00023  1.168520E-15
2.00077  1.162670E-15
2.0013  1.133340E-15
2.00184  1.148640E-15
2.00238  1.139900E-15
2.00292  1.184130E-15
2.00346  1.152550E-15
2.00399  1.163430E-15
2.00453  1.183660E-15
2.00507  1.172410E-15
2.00561  1.160290E-15
2.00615  1.167630E-15
2.00668  1.158640E-15
2.00722  1.177990E-15
2.00776  1.171690E-15
2.0083  1.155890E-15
2.00884  1.163160E-15
2.00937  1.189840E-15
2.00991  1.193590E-15
2.01045  1.148000E-15
2.01099  1.134970E-15
2.01153  1.150870E-15
2.01206  1.174730E-15
2.0126  1.166240E-15
2.01314  1.160400E-15
2.01368  1.167880E-15
2.01422  1.159350E-15
2.01475  1.151720E-15
2.01529  1.169610E-15
2.01583  1.180430E-15
2.01637  1.169600E-15
2.01691  1.190020E-15
2.01744  1.196450E-15
2.01798  1.181040E-15
2.01852  1.171320E-15
2.01906  1.178790E-15
2.0196  1.162090E-15
2.02013  1.170310E-15
2.02067  1.188910E-15
2.02121  1.204350E-15
2.02175  1.221720E-15
2.02229  1.256880E-15
2.02282  1.292330E-15
2.02336  1.304900E-15
2.0239  1.307250E-15
2.02444  1.275300E-15
2.02498  1.234730E-15
2.02551  1.189360E-15
2.02605  1.158510E-15
2.02659  1.146560E-15
2.02713  1.124590E-15
2.02767  1.139830E-15
2.0282  1.126390E-15
2.02874  1.110710E-15
2.02928  1.123260E-15
2.02982  1.120960E-15
2.03035  1.124170E-15
2.03089  1.116890E-15
2.03143  1.113360E-15
2.03197  1.100580E-15
2.03251  1.107120E-15
2.03304  1.111710E-15
2.03358  1.094150E-15
2.03412  1.098690E-15
2.03466  1.096240E-15
2.0352  1.098630E-15
2.03573  1.095320E-15
2.03627  1.101350E-15
2.03681  1.098410E-15
2.03735  1.096970E-15
2.03788  1.083420E-15
2.03842  1.092220E-15
2.03896  1.085440E-15
2.0395  1.088500E-15
2.04004  1.089460E-15
2.04057  1.096040E-15
2.04111  1.089080E-15
2.04165  1.096750E-15
2.04219  1.097760E-15
2.04272  1.095940E-15
2.04326  1.102750E-15
2.0438  1.101390E-15
2.04434  1.103320E-15
2.04488  1.092880E-15
2.04541  1.106440E-15
2.04595  1.100280E-15
2.04649  1.086360E-15
2.04703  1.087080E-15
2.04756  1.081990E-15
2.0481  1.090380E-15
2.04864  1.101740E-15
2.04918  1.089600E-15
2.04971  1.092710E-15
2.05025  1.082590E-15
2.05079  1.100050E-15
2.05133  1.082430E-15
2.05187  1.081680E-15
2.0524  1.088600E-15
2.05294  1.082010E-15
2.05348  1.086150E-15
2.05402  1.088860E-15
2.05455  1.078920E-15
2.05509  1.079900E-15
2.05563  1.066910E-15
2.05617  1.080240E-15
2.0567  1.091670E-15
2.05724  1.084920E-15
2.05778  1.085310E-15
2.05832  1.085460E-15
2.05886  1.078000E-15
2.05939  1.082450E-15
2.05993  1.094710E-15
2.06047  1.094800E-15
2.06101  1.098260E-15
2.06154  1.091560E-15
2.06208  1.087660E-15
2.06262  1.088450E-15
2.06316  1.081280E-15
2.06369  1.090540E-15
2.06423  1.096370E-15
2.06477  1.089400E-15
2.06531  1.101490E-15
2.06584  1.096230E-15
2.06638  1.087890E-15
2.06692  1.089060E-15
2.06746  1.092140E-15
2.06799  1.084720E-15
2.06853  1.086350E-15
2.06907  1.096920E-15
2.06961  1.094870E-15
2.07015  1.090210E-15
2.07068  1.087340E-15
2.07122  1.104520E-15
2.07176  1.092840E-15
2.0723  1.088400E-15
2.07283  1.102220E-15
2.07337  1.088240E-15
2.07391  1.091760E-15
2.07445  1.084690E-15
2.07498  1.093510E-15
2.07552  1.088660E-15
2.07606  1.091810E-15
2.0766  1.099220E-15
2.07713  1.098550E-15
2.07767  1.083240E-15
2.07821  1.086190E-15
2.07875  1.078760E-15
2.07928  1.092360E-15
2.07982  1.090580E-15
2.08036  1.090110E-15
2.0809  1.093430E-15
2.08143  1.081910E-15
2.08197  1.090080E-15
2.08251  1.085370E-15
2.08305  1.083820E-15
2.08358  1.088300E-15
2.08412  1.089390E-15
2.08466  1.083750E-15
2.0852  1.092070E-15
2.08573  1.084690E-15
2.08627  1.095920E-15
2.08681  1.085110E-15
2.08735  1.087580E-15
2.08788  1.090980E-15
2.08842  1.092820E-15
2.08896  1.095080E-15
2.08949  1.092160E-15
2.09003  1.086270E-15
2.09057  1.093090E-15
2.09111  1.084110E-15
2.09164  1.095950E-15
2.09218  1.085730E-15
2.09272  1.090580E-15
2.09326  1.091680E-15
2.09379  1.098460E-15
2.09433  1.089660E-15
2.09487  1.111230E-15
2.09541  1.107810E-15
2.09594  1.108400E-15
2.09648  1.100090E-15
2.09702  1.105630E-15
2.09756  1.088020E-15
2.09809  1.090570E-15
2.09863  1.098200E-15
2.09917  1.090850E-15
2.09971  1.090490E-15
2.10024  1.091740E-15
2.10078  1.097560E-15
2.10132  1.095500E-15
2.10186  1.094390E-15
2.10239  1.093370E-15
2.10293  1.090320E-15
2.10347  1.096480E-15
2.104  1.102050E-15
2.10454  1.089810E-15
2.10508  1.107350E-15
2.10562  1.103110E-15
2.10615  1.099020E-15
2.10669  1.101560E-15
2.10723  1.097220E-15
2.10777  1.103420E-15
2.1083  1.109360E-15
2.10884  1.115570E-15
2.10938  1.102860E-15
2.10991  1.102860E-15
2.11045  1.095420E-15
2.11099  1.097580E-15
2.11153  1.100460E-15
2.11206  1.096450E-15
2.1126  1.084770E-15
2.11314  1.083020E-15
2.11368  1.098410E-15
2.11421  1.089000E-15
2.11475  1.085240E-15
2.11529  1.095500E-15
2.11582  1.096550E-15
2.11636  1.093600E-15
2.1169  1.096720E-15
2.11744  1.089040E-15
2.11797  1.083630E-15
2.11851  1.079090E-15
2.11905  1.077360E-15
2.11959  1.076330E-15
2.12012  1.090360E-15
2.12066  1.085560E-15
2.1212  1.102060E-15
2.12173  1.104060E-15
2.12227  1.098330E-15
2.12281  1.094280E-15
2.12335  1.092750E-15
2.12388  1.092390E-15
2.12442  1.088870E-15
2.12496  1.090640E-15
2.1255  1.084770E-15
2.12603  1.086120E-15
2.12657  1.091280E-15
2.12711  1.082700E-15
2.12764  1.089470E-15
2.12818  1.086110E-15
2.12872  1.091920E-15
2.12926  1.089830E-15
2.12979  1.095140E-15
2.13033  1.094800E-15
2.13087  1.099880E-15
2.1314  1.092870E-15
2.13194  1.081600E-15
2.13248  1.088010E-15
2.13302  1.089640E-15
2.13355  1.083260E-15
2.13409  1.086420E-15
2.13463  1.091580E-15
2.13516  1.082740E-15
2.1357  1.089760E-15
2.13624  1.086660E-15
2.13678  1.088170E-15
2.13731  1.084000E-15
2.13785  1.078240E-15
2.13839  1.083840E-15
2.13892  1.091860E-15
2.13946  1.075580E-15
2.14  1.090750E-15
2.14054  1.084790E-15
2.14107  1.085150E-15
2.14161  1.080160E-15
2.14215  1.092420E-15
2.14268  1.083950E-15
2.14322  1.078270E-15
2.14376  1.078680E-15
2.1443  1.080400E-15
2.14483  1.072800E-15
2.14537  1.080540E-15
2.14591  1.083820E-15
2.14644  1.087400E-15
2.14698  1.081650E-15
2.14752  1.077540E-15
2.14805  1.075990E-15
2.14859  1.077410E-15
2.14913  1.081460E-15
2.14967  1.083110E-15
2.1502  1.074630E-15
2.15074  1.072870E-15
2.15128  1.069780E-15
2.15181  1.088410E-15
2.15235  1.088290E-15
2.15289  1.069760E-15
2.15343  1.086930E-15
2.15396  1.070250E-15
2.1545  1.090010E-15
2.15504  1.067520E-15
2.15557  1.083110E-15
2.15611  1.073880E-15
2.15665  1.076210E-15
2.15718  1.098100E-15
2.15772  1.080980E-15
2.15826  1.086860E-15
2.1588  1.076550E-15
2.15933  1.080150E-15
2.15987  1.078090E-15
2.16041  1.062880E-15
2.16094  1.070070E-15
2.16148  1.071860E-15
2.16202  1.080980E-15
2.16255  1.073740E-15
2.16309  1.079070E-15
2.16363  1.066320E-15
2.16417  1.079150E-15
2.1647  1.081960E-15
2.16524  1.083820E-15
2.16578  1.091070E-15
2.16631  1.085370E-15
2.16685  1.096440E-15
2.16739  1.093900E-15
2.16792  1.083280E-15
2.16846  1.099160E-15
2.169  1.083060E-15
2.16954  1.077080E-15
2.17007  1.071830E-15
2.17061  1.074490E-15
2.17115  1.076430E-15
2.17168  1.066830E-15
2.17222  1.071610E-15
2.17276  1.076430E-15
2.17329  1.063030E-15
2.17383  1.086380E-15
2.17437  1.075780E-15
2.1749  1.077500E-15
2.17544  1.081940E-15
2.17598  1.079250E-15
2.17652  1.077130E-15
2.17705  1.072350E-15
2.17759  1.076270E-15
2.17813  1.082220E-15
2.17866  1.078330E-15
2.1792  1.071910E-15
2.17974  1.072660E-15
2.18027  1.062890E-15
2.18081  1.081540E-15
2.18135  1.069540E-15
2.18188  1.064300E-15
2.18242  1.070470E-15
2.18296  1.076060E-15
2.1835  1.072040E-15
2.18403  1.066610E-15
2.18457  1.069620E-15
2.18511  1.070510E-15
2.18564  1.086050E-15
2.18618  1.089490E-15
2.18672  1.106840E-15
2.18725  1.090850E-15
2.18779  1.074950E-15
2.18833  1.080480E-15
2.18886  1.077080E-15
2.1894  1.072240E-15
2.18994  1.071290E-15
2.19047  1.082540E-15
2.19101  1.079860E-15
2.19155  1.070400E-15
2.19209  1.070110E-15
2.19262  1.080670E-15
2.19316  1.076610E-15
2.1937  1.070660E-15
2.19423  1.070920E-15
2.19477  1.075580E-15
2.19531  1.065320E-15
2.19584  1.088350E-15
2.19638  1.077900E-15
2.19692  1.082050E-15
2.19745  1.076700E-15
2.19799  1.079830E-15
2.19853  1.072760E-15
2.19906  1.076350E-15
2.1996  1.080890E-15
2.20014  1.072990E-15
2.20067  1.075120E-15
2.20121  1.076880E-15
2.20175  1.093850E-15
2.20229  1.093900E-15
2.20282  1.075740E-15
2.20336  1.080790E-15
2.2039  1.083620E-15
2.20443  1.085980E-15
2.20497  1.083470E-15
2.20551  1.063450E-15
2.20604  1.071020E-15
2.20658  1.084320E-15
2.20712  1.083450E-15
2.20765  1.077400E-15
2.20819  1.069880E-15
2.20873  1.075630E-15
2.20926  1.093250E-15
2.2098  1.073640E-15
2.21034  1.072990E-15
2.21087  1.073320E-15
2.21141  1.068060E-15
2.21195  1.067600E-15
2.21248  1.090700E-15
2.21302  1.077170E-15
2.21356  1.082450E-15
2.21409  1.091140E-15
2.21463  1.084880E-15
2.21517  1.080990E-15
2.2157  1.090690E-15
2.21624  1.086720E-15
2.21678  1.090030E-15
2.21731  1.109430E-15
2.21785  1.106090E-15
2.21839  1.105530E-15
2.21892  1.119320E-15
2.21946  1.105120E-15
2.22  1.108010E-15
2.22054  1.109550E-15
2.22107  1.109570E-15
2.22161  1.109960E-15
2.22215  1.106600E-15
2.22268  1.108250E-15
2.22322  1.116370E-15
2.22376  1.115310E-15
2.22429  1.118550E-15
2.22483  1.114950E-15
2.22537  1.124580E-15
2.2259  1.107730E-15
2.22644  1.127930E-15
2.22698  1.120640E-15
2.22751  1.121600E-15
2.22805  1.130220E-15
2.22859  1.119710E-15
2.22912  1.136560E-15
2.22966  1.135730E-15
2.2302  1.129250E-15
2.23073  1.130380E-15
2.23127  1.148050E-15
2.23181  1.157570E-15
2.23234  1.143010E-15
2.23288  1.150230E-15
2.23342  1.148810E-15
2.23395  1.144990E-15
2.23449  1.129690E-15
2.23503  1.130170E-15
2.23556  1.118610E-15
2.2361  1.126200E-15
2.23664  1.111000E-15
2.23717  1.113770E-15
2.23771  1.122740E-15
2.23825  1.116410E-15
2.23878  1.126010E-15
2.23932  1.121010E-15
2.23986  1.121270E-15
2.24039  1.113420E-15
2.24093  1.107210E-15
2.24147  1.110890E-15
2.242  1.116890E-15
2.24254  1.108530E-15
2.24308  1.112750E-15
2.24361  1.110560E-15
2.24415  1.093400E-15
2.24469  1.096200E-15
2.24522  1.090140E-15
2.24576  1.106260E-15
2.2463  1.100990E-15
2.24683  1.100320E-15
2.24737  1.082360E-15
2.24791  1.084820E-15
2.24844  1.086880E-15
2.24898  1.096910E-15
2.24951  1.087020E-15
2.25005  1.080990E-15
2.25059  1.079320E-15
2.25112  1.072880E-15
2.25166  1.085080E-15
2.2522  1.067400E-15
2.25273  1.073320E-15
2.25327  1.074240E-15
2.25381  1.070060E-15
2.25434  1.062220E-15
2.25488  1.062730E-15
2.25542  1.069750E-15
2.25595  1.068470E-15
2.25649  1.068010E-15
2.25703  1.060690E-15
2.25756  1.062550E-15
2.2581  1.065240E-15
2.25864  1.058030E-15
2.25917  1.059990E-15
2.25971  1.056200E-15
2.26025  1.062550E-15
2.26078  1.056750E-15
2.26132  1.069320E-15
2.26186  1.052070E-15
2.26239  1.059930E-15
2.26293  1.060980E-15
2.26347  1.060880E-15
2.264  1.063980E-15
2.26454  1.049050E-15
2.26508  1.048550E-15
2.26561  1.062320E-15
2.26615  1.064450E-15
2.26669  1.057240E-15
2.26722  1.060810E-15
2.26776  1.059110E-15
2.2683  1.050670E-15
2.26883  1.034420E-15
2.26937  1.044400E-15
2.2699  1.073520E-15
2.27044  1.056000E-15
2.27098  1.042440E-15
2.27151  1.046810E-15
2.27205  1.041740E-15
2.27259  1.039650E-15
2.27312  1.035360E-15
2.27366  1.039480E-15
2.2742  1.047210E-15
2.27473  1.042530E-15
2.27527  1.039660E-15
2.27581  1.025410E-15
2.27634  1.028420E-15
2.27688  1.045800E-15
2.27742  1.054150E-15
2.27795  1.042910E-15
2.27849  1.041980E-15
2.27903  1.050430E-15
2.27956  1.046350E-15
2.2801  1.062550E-15
2.28064  1.061200E-15
2.28117  1.043080E-15
2.28171  1.040200E-15
2.28224  1.066250E-15
2.28278  1.048300E-15
2.28332  1.033390E-15
2.28385  1.047380E-15
2.28439  1.060120E-15
2.28493  1.057070E-15
2.28546  1.061190E-15
2.286  1.048080E-15
2.28654  1.048530E-15
2.28707  1.056220E-15
2.28761  1.049690E-15
2.28815  1.050230E-15
2.28868  1.051990E-15
2.28922  1.042750E-15
2.28976  1.044160E-15
2.29029  1.036490E-15
2.29083  1.046910E-15
2.29137  1.058280E-15
2.2919  1.043020E-15
2.29244  1.042110E-15
2.29297  1.033240E-15
2.29351  1.029520E-15
2.29405  1.048950E-15
2.29458  1.041570E-15
2.29512  1.029820E-15
2.29566  1.039840E-15
2.29619  1.033540E-15
2.29673  1.031530E-15
2.29727  1.045680E-15
2.2978  1.044010E-15
2.29834  1.046670E-15
2.29888  1.032380E-15
2.29941  1.040040E-15
2.29995  1.061590E-15
2.30049  1.044280E-15
2.30102  1.039880E-15
2.30156  1.042630E-15
2.30209  1.053900E-15
2.30263  1.052410E-15
2.30317  1.043890E-15
2.3037  1.026990E-15
2.30424  1.029750E-15
2.30478  1.043310E-15
2.30531  1.039840E-15
2.30585  1.036720E-15
2.30639  1.042400E-15
2.30692  1.040230E-15
2.30746  1.034640E-15
2.308  1.038830E-15
2.30853  1.043640E-15
2.30907  1.044080E-15
2.3096  1.048600E-15
2.31014  1.033110E-15
2.31068  1.035660E-15
2.31121  1.045010E-15
2.31175  1.047900E-15
2.31229  1.045600E-15
2.31282  1.041550E-15
2.31336  1.036610E-15
2.3139  1.034940E-15
2.31443  1.047470E-15
2.31497  1.039300E-15
2.31551  1.041920E-15
2.31604  1.043060E-15
2.31658  1.049630E-15
2.31711  1.023380E-15
2.31765  1.009490E-15
2.31819  1.028110E-15
2.31872  1.044160E-15
2.31926  1.038340E-15
2.3198  1.027710E-15
2.32033  1.036490E-15
2.32087  1.039620E-15
2.32141  1.034260E-15
2.32194  1.040990E-15
2.32248  1.035760E-15
2.32302  1.026870E-15
2.32355  1.028510E-15
2.32409  1.031330E-15
2.32462  1.027580E-15
2.32516  1.036620E-15
2.3257  1.035050E-15
2.32623  1.018030E-15
2.32677  1.025470E-15
2.32731  1.034330E-15
2.32784  1.035220E-15
2.32838  1.039810E-15
2.32892  1.026450E-15
2.32945  1.026520E-15
2.32999  1.030940E-15
2.33052  1.035920E-15
2.33106  1.042220E-15
2.3316  1.024950E-15
2.33213  1.036930E-15
2.33267  1.025370E-15
2.33321  1.032230E-15
2.33374  1.035650E-15
2.33428  1.031760E-15
2.33482  1.023420E-15
2.33535  1.020570E-15
2.33589  1.034760E-15
2.33642  1.024680E-15
2.33696  1.023280E-15
2.3375  1.043670E-15
2.33803  1.029700E-15
2.33857  1.021260E-15
2.33911  1.026380E-15
2.33964  1.035410E-15
2.34018  1.017310E-15
2.34072  1.021140E-15
2.34125  1.025340E-15
2.34179  1.028520E-15
2.34232  1.032670E-15
2.34286  1.039290E-15
2.3434  1.039790E-15
2.34393  1.030560E-15
2.34447  1.035290E-15
2.34501  1.031380E-15
2.34554  1.035950E-15
2.34608  1.029830E-15
2.34662  1.045820E-15
2.34715  1.022770E-15
2.34769  1.039560E-15
2.34822  1.014900E-15
2.34876  1.022800E-15
2.3493  1.026010E-15
2.34983  1.028720E-15
2.35037  1.022220E-15
2.35091  1.005930E-15
2.35144  1.021100E-15
2.35198  1.024190E-15
2.35252  1.017880E-15
2.35305  1.021810E-15
2.35359  1.010660E-15
2.35412  1.016910E-15
2.35466  1.025740E-15
2.3552  1.042630E-15
2.35573  1.024970E-15
2.35627  1.018800E-15
2.35681  1.028870E-15
2.35734  1.021830E-15
2.35788  1.037490E-15
2.35842  1.018010E-15
2.35895  9.998240E-16
2.35949  1.009460E-15
2.36002  1.036800E-15
2.36056  1.041390E-15
2.3611  1.021910E-15
2.36163  1.022410E-15
2.36217  9.997220E-16
2.36271  1.007020E-15
2.36324  9.917550E-16
2.36378  9.993600E-16
2.36432  9.800080E-16
2.36485  9.836980E-16
2.36539  9.890240E-16
2.36592  9.864820E-16
2.36646  9.865060E-16
2.367  9.958550E-16
2.36753  9.971370E-16
2.36807  9.780560E-16
2.36861  9.853410E-16
2.36914  1.018830E-15
2.36968  1.017280E-15
2.37021  1.015740E-15
2.37075  9.924570E-16
2.37129  9.816070E-16
2.37182  9.788180E-16
2.37236  1.004590E-15
2.3729  1.014290E-15
2.37343  1.008870E-15
2.37397  1.011610E-15
2.37451  1.018170E-15
2.37504  1.002070E-15
2.37558  1.005640E-15
2.37611  1.004920E-15
2.37665  9.940440E-16
2.37719  9.952620E-16
2.37772  9.970670E-16
2.37826  1.000560E-15
2.3788  9.881400E-16
2.37933  1.004420E-15
2.37987  1.024390E-15
2.3804  9.890940E-16
2.38094  1.003280E-15
2.38148  1.001420E-15
2.38201  1.019380E-15
2.38255  1.014810E-15
2.38309  1.005150E-15
2.38362  9.805310E-16
2.38416  9.879399E-16
2.3847  9.866850E-16
2.38523  9.941900E-16
2.38577  1.019910E-15
2.3863  1.002480E-15
2.38684  1.001990E-15
2.38738  1.001070E-15
2.38791  1.018100E-15
2.38845  9.882610E-16
2.38899  1.003510E-15
2.38952  1.020250E-15
2.39006  1.015030E-15
2.39059  1.022770E-15
2.39113  1.013380E-15
2.39167  1.013920E-15
2.3922  1.024130E-15
2.39274  1.043030E-15
2.39328  1.031280E-15
2.39381  1.020100E-15
2.39435  1.000400E-15
2.39489  9.857710E-16
2.39542  9.992490E-16
2.39596  9.770820E-16
2.39649  9.889010E-16
2.39703  9.565680E-16
2.39757  9.761600E-16
2.3981  9.760470E-16
2.39864  9.838280E-16
2.39918  9.765760E-16
2.39971  9.941030E-16
2.40025  9.901120E-16
2.40078  9.752610E-16
2.40132  9.796710E-16
2.40186  9.971020E-16
2.40239  9.789150E-16
2.40293  1.006620E-15
2.40347  1.016510E-15
2.404  1.001780E-15
2.40454  9.612670E-16
2.40507  9.676021E-16
2.40561  1.003980E-15
2.40615  1.007230E-15
2.40668  1.000560E-15
2.40722  9.640870E-16
2.40776  9.633771E-16
2.40829  9.668890E-16
2.40883  9.805759E-16
2.40937  9.855860E-16
2.4099  9.650840E-16
2.41044  9.589950E-16
2.41097  9.875450E-16
2.41151  1.000900E-15
2.41205  9.819790E-16
2.41258  9.853860E-16
2.41312  9.947200E-16
2.41366  1.016560E-15
2.41419  9.856570E-16
2.41473  9.734950E-16
2.41526  9.871140E-16
2.4158  9.822180E-16
2.41634  9.427850E-16
2.41687  9.638610E-16
2.41741  9.829770E-16
2.41795  1.027890E-15
2.41848  9.846230E-16
2.41902  9.332450E-16
2.41955  9.214510E-16
2.42009  9.675070E-16
2.42063  9.988970E-16
2.42116  9.979540E-16
2.4217  9.826280E-16
2.42224  9.846011E-16
2.42277  9.867270E-16
2.42331  9.858260E-16
2.42385  9.657820E-16
2.42438  9.584440E-16
2.42492  9.449860E-16
2.42545  9.747160E-16
2.42599  9.693650E-16
