0.806014  4.040356E-15
0.806216  4.158538E-15
0.806418  4.141157E-15
0.80662  4.033893E-15
0.806822  4.112951E-15
0.807024  4.170401E-15
0.807226  4.032662E-15
0.807428  3.969514E-15
0.80763  4.134700E-15
0.807832  4.310187E-15
0.808034  4.210257E-15
0.808236  3.959943E-15
0.808438  4.075095E-15
0.80864  4.125349E-15
0.808842  4.099049E-15
0.809044  4.112430E-15
0.809246  3.983352E-15
0.809448  4.162789E-15
0.80965  3.918801E-15
0.809685  4.008002E-15
0.809918  4.070044E-15
0.810152  4.115381E-15
0.810386  4.070426E-15
0.81062  3.996491E-15
0.810853  3.883655E-15
0.811087  4.003990E-15
0.811321  4.039227E-15
0.811554  3.961597E-15
0.811788  3.939487E-15
0.812021  4.025382E-15
0.812255  3.958343E-15
0.812489  4.003724E-15
0.812722  3.956517E-15
0.812956  3.821632E-15
0.813189  3.813272E-15
0.813423  3.878429E-15
0.813657  3.748545E-15
0.81389  3.804280E-15
0.814124  3.812588E-15
0.814357  3.915651E-15
0.814591  3.875897E-15
0.814824  3.825427E-15
0.815058  3.920012E-15
0.815291  3.773142E-15
0.815525  3.796188E-15
0.815758  3.640388E-15
0.815992  3.783686E-15
0.816225  3.803997E-15
0.816459  3.829535E-15
0.816692  3.909441E-15
0.816926  3.901250E-15
0.817159  3.910842E-15
0.817392  3.974227E-15
0.817626  3.734437E-15
0.817859  3.730106E-15
0.818093  3.981256E-15
0.818326  3.907918E-15
0.818559  3.791686E-15
0.818793  3.946303E-15
0.819026  3.758615E-15
0.81926  3.651746E-15
0.819493  3.772420E-15
0.819726  3.832708E-15
0.81996  3.833551E-15
0.820193  3.829989E-15
0.820426  3.838489E-15
0.82066  3.839633E-15
0.820893  3.703294E-15
0.821126  3.809030E-15
0.821359  3.637821E-15
0.821593  3.767895E-15
0.821826  3.702439E-15
0.822059  3.780939E-15
0.822292  3.691521E-15
0.822526  3.721485E-15
0.822759  3.766873E-15
0.822992  3.684016E-15
0.823225  3.803735E-15
0.823458  3.775308E-15
0.823692  3.786322E-15
0.823925  3.771795E-15
0.824158  3.747390E-15
0.824391  3.900716E-15
0.824624  3.861821E-15
0.824858  3.780981E-15
0.825091  3.695148E-15
0.825324  3.797677E-15
0.825557  3.819448E-15
0.82579  3.862186E-15
0.826023  3.802311E-15
0.826256  3.575174E-15
0.826489  3.802827E-15
0.826722  3.662812E-15
0.826955  3.688903E-15
0.827189  3.705170E-15
0.827422  3.774163E-15
0.827655  3.738658E-15
0.827888  3.734334E-15
0.828121  3.860085E-15
0.828354  3.856620E-15
0.828587  3.880461E-15
0.82882  4.043027E-15
0.829053  3.960812E-15
0.829286  3.868967E-15
0.829519  3.818434E-15
0.829752  3.817950E-15
0.829985  3.934150E-15
0.830218  3.917345E-15
0.830451  3.815700E-15
0.830684  3.818955E-15
0.830917  3.932851E-15
0.831149  3.840400E-15
0.831382  3.887414E-15
0.831615  3.881490E-15
0.831848  3.809078E-15
0.832081  3.835685E-15
0.832314  3.966235E-15
0.832547  3.851615E-15
0.83278  3.786402E-15
0.833013  3.773362E-15
0.833246  3.940102E-15
0.833478  3.884200E-15
0.833711  3.839705E-15
0.833944  3.803213E-15
0.834177  3.909803E-15
0.83441  3.811340E-15
0.834642  3.797991E-15
0.834875  3.777825E-15
0.835108  3.759756E-15
0.835341  3.822902E-15
0.835574  3.906809E-15
0.835806  3.872750E-15
0.836039  3.933079E-15
0.836272  3.770075E-15
0.836505  3.927691E-15
0.836737  3.780269E-15
0.83697  3.724771E-15
0.837203  3.888115E-15
0.837436  3.893432E-15
0.837668  3.864546E-15
0.837901  3.901214E-15
0.838134  3.831912E-15
0.838366  3.866691E-15
0.838599  3.987380E-15
0.838832  3.862866E-15
0.839064  3.907351E-15
0.839297  3.992070E-15
0.83953  3.726020E-15
0.839762  3.877029E-15
0.839995  3.861062E-15
0.840228  3.835492E-15
0.84046  3.867984E-15
0.840693  3.920677E-15
0.840926  3.791499E-15
0.841158  3.812955E-15
0.841391  3.895784E-15
0.841623  3.880536E-15
0.841856  3.808344E-15
0.842088  3.881069E-15
0.842321  3.852983E-15
0.842554  3.799711E-15
0.842786  3.868242E-15
0.843019  4.061991E-15
0.843251  4.044440E-15
0.843484  4.063129E-15
0.843716  4.029124E-15
0.843949  4.016697E-15
0.844181  4.127779E-15
0.844414  4.032000E-15
0.844646  3.960238E-15
0.844879  3.956740E-15
0.845111  3.919164E-15
0.845344  3.935500E-15
0.845576  3.934170E-15
0.845809  3.834737E-15
0.846041  3.858974E-15
0.846273  3.732469E-15
0.846506  3.776226E-15
0.846738  3.741738E-15
0.846971  3.788510E-15
0.847203  3.794285E-15
0.847436  3.854664E-15
0.847668  3.819628E-15
0.8479  3.796773E-15
0.848133  3.794005E-15
0.848365  3.740772E-15
0.848597  3.844493E-15
0.84883  3.930517E-15
0.849062  3.824811E-15
0.849294  3.852887E-15
0.849527  3.800497E-15
0.849759  3.790342E-15
0.849992  3.827423E-15
0.850224  3.771731E-15
0.850456  3.712167E-15
0.850688  3.875540E-15
0.850921  3.801260E-15
0.851153  3.825872E-15
0.851385  3.804900E-15
0.851618  3.704980E-15
0.85185  3.788707E-15
0.852082  3.674285E-15
0.852314  3.564198E-15
0.852547  3.733394E-15
0.852779  3.569111E-15
0.853011  3.648513E-15
0.853243  3.615250E-15
0.853476  3.719389E-15
0.853708  3.601917E-15
0.85394  3.685736E-15
0.854172  3.722166E-15
0.854404  3.629150E-15
0.854637  3.543275E-15
0.854869  3.649901E-15
0.855101  3.708778E-15
0.855333  3.522103E-15
0.855565  3.576256E-15
0.855797  3.674173E-15
0.85603  3.705492E-15
0.856262  3.572238E-15
0.856494  3.610953E-15
0.856726  3.541314E-15
0.856958  3.658084E-15
0.85719  3.729070E-15
0.857422  3.708681E-15
0.857654  3.613546E-15
0.857886  3.596806E-15
0.858119  3.748715E-15
0.858351  3.668282E-15
0.858583  3.717999E-15
0.858815  3.810484E-15
0.859047  3.755457E-15
0.859279  3.686057E-15
0.859511  3.694027E-15
0.859743  3.654392E-15
0.859975  3.684254E-15
0.860207  3.632713E-15
0.860439  3.636749E-15
0.860671  3.684222E-15
0.860903  3.744399E-15
0.861135  3.756655E-15
0.861367  3.707354E-15
0.861599  3.671018E-15
0.861831  3.751547E-15
0.862063  3.686719E-15
0.862295  3.702950E-15
0.862527  3.837643E-15
0.862759  3.838735E-15
0.862991  3.965251E-15
0.863223  3.990960E-15
0.863455  4.085802E-15
0.863687  4.099426E-15
0.863919  4.231117E-15
0.864151  4.212461E-15
0.864383  4.330770E-15
0.864614  4.537002E-15
0.864846  4.620232E-15
0.865078  4.813430E-15
0.86531  4.772470E-15
0.865542  4.986081E-15
0.865774  5.049000E-15
0.866006  5.085978E-15
0.866238  5.081564E-15
0.86647  5.175290E-15
0.866701  4.881830E-15
0.866933  4.829418E-15
0.867165  4.769587E-15
0.867397  4.596214E-15
0.867629  4.405863E-15
0.867861  4.370291E-15
0.868092  4.250646E-15
0.868324  4.133342E-15
0.868556  3.946780E-15
0.868788  4.022235E-15
0.86902  3.878927E-15
0.869251  3.936987E-15
0.869483  3.865458E-15
0.869715  3.827261E-15
0.869947  3.807764E-15
0.870179  3.892217E-15
0.87041  3.761053E-15
0.870642  3.788658E-15
0.870874  3.801631E-15
0.871106  3.696963E-15
0.871337  3.772286E-15
0.871569  3.786407E-15
0.871801  3.614619E-15
0.872033  3.598574E-15
0.872264  3.604939E-15
0.872496  3.585222E-15
0.872728  3.570100E-15
0.872959  3.429646E-15
0.873191  3.455276E-15
0.873423  3.561037E-15
0.873654  3.429145E-15
0.873886  3.490163E-15
0.874118  3.392972E-15
0.874349  3.451547E-15
0.874581  3.385071E-15
0.874813  3.528890E-15
0.875044  3.456974E-15
0.875276  3.493192E-15
0.875508  3.392360E-15
0.875739  3.466818E-15
0.875971  3.578808E-15
0.876203  3.339983E-15
0.876434  3.356758E-15
0.876666  3.331788E-15
0.876897  3.368895E-15
0.877129  3.317863E-15
0.877361  3.336509E-15
0.877592  3.229561E-15
0.877824  3.231040E-15
0.878055  3.280256E-15
0.878287  3.255002E-15
0.878518  3.298062E-15
0.87875  3.247411E-15
0.878982  3.197402E-15
0.879213  3.301752E-15
0.879445  3.213670E-15
0.879676  3.256429E-15
0.879908  3.146212E-15
0.880139  3.214128E-15
0.880371  3.272467E-15
0.880602  3.355031E-15
0.880834  3.228845E-15
0.881065  3.203039E-15
0.881297  3.315904E-15
0.881528  3.323297E-15
0.88176  3.245879E-15
0.881991  3.310456E-15
0.882223  3.216747E-15
0.882454  3.332809E-15
0.882686  3.266489E-15
0.882917  3.094380E-15
0.883149  3.163070E-15
0.88338  3.143286E-15
0.883612  3.191204E-15
0.883843  3.113438E-15
0.884074  3.189701E-15
0.884306  3.213324E-15
0.884537  3.088021E-15
0.884769  3.155350E-15
0.885  3.133657E-15
0.885232  3.039981E-15
0.885463  3.186826E-15
0.885694  3.067166E-15
0.885926  3.091524E-15
0.886157  3.221007E-15
0.886389  3.193042E-15
0.88662  3.181149E-15
0.886851  3.329457E-15
0.887083  3.252130E-15
0.887314  3.471591E-15
0.887545  3.353327E-15
0.887777  3.340048E-15
0.888008  3.463230E-15
0.88824  3.304129E-15
0.888471  3.327839E-15
0.888702  3.330736E-15
0.888934  3.256115E-15
0.889165  3.279825E-15
0.889396  3.149044E-15
0.889628  3.149081E-15
0.889859  3.151536E-15
0.89009  3.116294E-15
0.890321  3.004123E-15
0.890553  3.148969E-15
0.890784  2.973357E-15
0.891015  3.046325E-15
0.891247  2.999826E-15
0.891478  3.022214E-15
0.891709  3.019826E-15
0.891941  2.974289E-15
0.892172  2.982647E-15
0.892403  2.912109E-15
0.892634  3.040316E-15
0.892866  2.970534E-15
0.893097  2.883780E-15
0.893328  3.012807E-15
0.893559  2.975893E-15
0.893791  3.121146E-15
0.894022  2.962937E-15
0.894253  2.999703E-15
0.894484  2.950374E-15
0.894715  3.011344E-15
0.894947  2.942605E-15
0.895178  3.080626E-15
0.895409  3.097555E-15
0.89564  3.156072E-15
0.895872  2.983718E-15
0.896103  3.037122E-15
0.896334  3.058008E-15
0.896565  3.146332E-15
0.896796  3.063738E-15
0.897027  3.199192E-15
0.897259  3.107644E-15
0.89749  3.118974E-15
0.897721  3.150392E-15
0.897952  3.060099E-15
0.898183  3.189202E-15
0.898414  3.130743E-15
0.898646  3.145335E-15
0.898877  3.100873E-15
0.899108  3.003751E-15
0.899339  3.103918E-15
0.89957  3.065944E-15
0.899801  3.034508E-15
0.900032  2.970325E-15
0.900263  3.004385E-15
0.900495  2.998221E-15
0.900726  2.835742E-15
0.900957  2.862274E-15
0.901188  2.940831E-15
0.901419  2.891340E-15
0.90165  2.870277E-15
0.901881  2.948036E-15
0.902112  2.991821E-15
0.902343  2.944768E-15
0.902574  3.049556E-15
0.902805  2.933798E-15
0.903036  3.012335E-15
0.903268  2.946452E-15
0.903499  3.034095E-15
0.90373  3.027541E-15
0.903961  2.994420E-15
0.904192  2.940663E-15
0.904423  3.015953E-15
0.904654  2.937996E-15
0.904885  3.024393E-15
0.905116  3.061243E-15
0.905347  3.085259E-15
0.905578  2.982889E-15
0.905809  2.989242E-15
0.90604  3.100906E-15
0.906271  3.092659E-15
0.906502  2.960966E-15
0.906733  3.112723E-15
0.906964  3.084801E-15
0.907195  3.001868E-15
0.907426  3.099424E-15
0.907657  3.213957E-15
0.907888  3.198454E-15
0.908119  3.184128E-15
0.90835  3.274420E-15
0.908581  3.206119E-15
0.908812  3.242836E-15
0.909043  3.293168E-15
0.909274  3.200081E-15
0.909505  3.145470E-15
0.909736  3.082685E-15
0.909967  3.065698E-15
0.910198  3.029906E-15
0.910429  2.952676E-15
0.91066  2.877059E-15
0.91089  3.065612E-15
0.911121  2.905046E-15
0.911352  2.887474E-15
0.911583  2.909007E-15
0.911814  2.826274E-15
0.912045  2.798528E-15
0.912276  2.708358E-15
0.912507  2.799179E-15
0.912738  2.860132E-15
0.912969  2.771853E-15
0.9132  2.906331E-15
0.913431  2.823636E-15
0.913661  2.827161E-15
0.913892  2.893723E-15
0.914123  2.845993E-15
0.914354  2.858215E-15
0.914585  2.866774E-15
0.914816  2.817373E-15
0.915047  2.829916E-15
0.915278  2.838537E-15
0.915508  2.832454E-15
0.915739  2.764444E-15
0.91597  2.796600E-15
0.916201  2.852868E-15
0.916432  2.813171E-15
0.916663  2.787002E-15
0.916894  2.742984E-15
0.917124  2.655924E-15
0.917355  2.602211E-15
0.917586  2.730788E-15
0.917817  2.686361E-15
0.918048  2.608498E-15
0.918279  2.814950E-15
0.918509  2.765933E-15
0.91874  2.662075E-15
0.918971  2.834651E-15
0.919202  2.777434E-15
0.919433  2.853932E-15
0.919664  2.833120E-15
0.919894  2.686067E-15
0.920125  2.832544E-15
0.920356  2.837315E-15
0.920587  2.873651E-15
0.920818  2.908263E-15
0.921048  2.886163E-15
0.921279  2.956062E-15
0.92151  3.045649E-15
0.921741  2.961970E-15
0.921971  3.051854E-15
0.922202  2.998120E-15
0.922433  3.066063E-15
0.922664  2.968124E-15
0.922895  3.033560E-15
0.923125  3.069693E-15
0.923356  3.083434E-15
0.923587  3.160768E-15
0.923818  3.223774E-15
0.924048  3.186854E-15
0.924279  3.253798E-15
0.92451  3.326114E-15
0.924741  3.341325E-15
0.924971  3.221986E-15
0.925202  3.186646E-15
0.925433  3.102127E-15
0.925664  3.180999E-15
0.925894  3.120354E-15
0.926125  3.059918E-15
0.926356  2.964154E-15
0.926586  2.993589E-15
0.926817  2.994067E-15
0.927048  2.816155E-15
0.927279  2.870813E-15
0.927509  2.898587E-15
0.92774  2.983918E-15
0.927971  2.886720E-15
0.928201  2.989877E-15
0.928432  2.954010E-15
0.928663  2.919660E-15
0.928894  3.000830E-15
0.929124  2.968842E-15
0.929355  2.993550E-15
0.929586  2.908217E-15
0.929816  3.016963E-15
0.930047  3.177175E-15
0.930278  3.216685E-15
0.930508  3.262070E-15
0.930739  3.314311E-15
0.93097  3.126689E-15
0.9312  3.020764E-15
0.931431  3.012480E-15
0.931662  3.034690E-15
0.931892  2.804897E-15
0.932123  2.655179E-15
0.932354  2.836694E-15
0.932584  2.814259E-15
0.932815  2.662638E-15
0.933046  2.851053E-15
0.933276  2.721290E-15
0.933507  2.703517E-15
0.933738  2.553534E-15
0.933968  2.718222E-15
0.934199  2.645891E-15
0.934429  2.810936E-15
0.93466  2.797358E-15
0.934891  2.901161E-15
0.935121  2.848178E-15
0.935352  2.739393E-15
0.935583  2.822671E-15
0.935813  2.748428E-15
0.936044  2.800083E-15
0.936274  2.837618E-15
0.936505  2.880923E-15
0.936736  2.900295E-15
0.936966  2.805134E-15
0.937197  2.769997E-15
0.937428  2.830481E-15
0.937658  2.870506E-15
0.937889  2.875656E-15
0.938119  2.730498E-15
0.93835  2.781065E-15
0.938581  2.879799E-15
0.938811  2.872747E-15
0.939042  3.029815E-15
0.939272  3.107241E-15
0.939314  3.046023E-15
0.939585  2.966231E-15
0.939856  2.996516E-15
0.940128  3.058137E-15
0.940399  3.122167E-15
0.94067  3.131666E-15
0.940942  3.251985E-15
0.941213  3.154876E-15
0.941484  3.147300E-15
0.941756  3.219557E-15
0.942027  3.261376E-15
0.942298  3.214749E-15
0.942569  3.258803E-15
0.942841  3.238131E-15
0.943112  3.238272E-15
0.943383  3.258091E-15
0.943654  3.326868E-15
0.943926  3.248100E-15
0.944197  3.300319E-15
0.944468  3.373430E-15
0.944739  3.426873E-15
0.94501  3.376109E-15
0.945282  3.412809E-15
0.945553  3.474696E-15
0.945824  3.418423E-15
0.946095  3.458283E-15
0.946366  3.424170E-15
0.946638  3.437504E-15
0.946909  3.491393E-15
0.94718  3.300759E-15
0.947451  3.269513E-15
0.947722  3.184519E-15
0.947993  3.095552E-15
0.948264  3.107674E-15
0.948536  2.931056E-15
0.948807  2.933962E-15
0.949078  2.964122E-15
0.949349  2.843399E-15
0.94962  2.782336E-15
0.949891  2.786037E-15
0.950162  2.746470E-15
0.950433  2.817600E-15
0.950704  2.796295E-15
0.950975  2.836134E-15
0.951247  2.761100E-15
0.951518  2.726882E-15
0.951789  2.740799E-15
0.95206  2.624782E-15
0.952331  2.656754E-15
0.952602  2.644752E-15
0.952873  2.696185E-15
0.953144  2.679518E-15
0.953415  2.662851E-15
0.953686  2.641119E-15
0.953957  2.613404E-15
0.954228  2.644230E-15
0.954499  2.562147E-15
0.95477  2.559106E-15
0.955041  2.562212E-15
0.955312  2.591019E-15
0.955583  2.535486E-15
0.955854  2.509165E-15
0.956125  2.521971E-15
0.956396  2.515389E-15
0.956667  2.479382E-15
0.956938  2.529871E-15
0.957208  2.476567E-15
0.957479  2.560968E-15
0.95775  2.515634E-15
0.958021  2.581121E-15
0.958292  2.502637E-15
0.958563  2.452272E-15
0.958834  2.519166E-15
0.959105  2.462512E-15
0.959376  2.489379E-15
0.959647  2.459307E-15
0.959917  2.490240E-15
0.960188  2.453436E-15
0.960459  2.524567E-15
0.96073  2.425928E-15
0.961001  2.386203E-15
0.961272  2.389383E-15
0.961543  2.450629E-15
0.961813  2.478729E-15
0.962084  2.469124E-15
0.962355  2.448608E-15
0.962626  2.485024E-15
0.962897  2.477385E-15
0.963168  2.508519E-15
0.963438  2.503360E-15
0.963709  2.508947E-15
0.96398  2.496934E-15
0.964251  2.467507E-15
0.964521  2.559342E-15
0.964792  2.473618E-15
0.965063  2.467606E-15
0.965334  2.400699E-15
0.965605  2.442349E-15
0.965875  2.445044E-15
0.966146  2.439620E-15
0.966417  2.473878E-15
0.966688  2.461034E-15
0.966958  2.443230E-15
0.967229  2.502267E-15
0.9675  2.468657E-15
0.96777  2.512061E-15
0.968041  2.479244E-15
0.968312  2.477195E-15
0.968582  2.468324E-15
0.968853  2.482595E-15
0.969124  2.460049E-15
0.969394  2.395779E-15
0.969665  2.415484E-15
0.969936  2.452690E-15
0.970206  2.420350E-15
0.970477  2.452946E-15
0.970748  2.486076E-15
0.971018  2.439158E-15
0.971289  2.514955E-15
0.97156  2.464169E-15
0.97183  2.496701E-15
0.972101  2.511495E-15
0.972372  2.516637E-15
0.972642  2.559291E-15
0.972913  2.575647E-15
0.973183  2.559668E-15
0.973454  2.619510E-15
0.973724  2.582617E-15
0.973995  2.630235E-15
0.974266  2.600944E-15
0.974536  2.703763E-15
0.974807  2.703677E-15
0.975077  2.647610E-15
0.975348  2.767840E-15
0.975618  2.801967E-15
0.975889  2.856018E-15
0.97616  2.888467E-15
0.97643  3.026709E-15
0.976701  3.075664E-15
0.976971  3.257009E-15
0.977242  3.482898E-15
0.977512  3.711857E-15
0.977783  3.949285E-15
0.978053  3.934794E-15
0.978324  3.957044E-15
0.978594  3.721678E-15
0.978865  3.558519E-15
0.979135  3.409508E-15
0.979406  3.313249E-15
0.979676  3.264644E-15
0.979946  3.140386E-15
0.980217  3.028071E-15
0.980487  2.986618E-15
0.980758  2.878072E-15
0.981028  2.894408E-15
0.981299  2.865299E-15
0.981569  2.853941E-15
0.981839  2.851829E-15
0.98211  2.759231E-15
0.98238  2.687048E-15
0.982651  2.720065E-15
0.982921  2.672472E-15
0.983192  2.604694E-15
0.983462  2.625166E-15
0.983732  2.586388E-15
0.984003  2.605369E-15
0.984273  2.601912E-15
0.984543  2.571403E-15
0.984814  2.567156E-15
0.985084  2.501462E-15
0.985355  2.563638E-15
0.985625  2.563534E-15
0.985895  2.517523E-15
0.986166  2.516001E-15
0.986436  2.492847E-15
0.986706  2.532873E-15
0.986977  2.446160E-15
0.987247  2.517934E-15
0.987517  2.472482E-15
0.987787  2.493157E-15
0.988058  2.431534E-15
0.988328  2.405464E-15
0.988598  2.465586E-15
0.988869  2.409713E-15
0.989139  2.389369E-15
0.989409  2.451063E-15
0.98968  2.439940E-15
0.98995  2.342663E-15
0.99022  2.337063E-15
0.99049  2.411572E-15
0.990761  2.327127E-15
0.991031  2.317817E-15
0.991301  2.340259E-15
0.991571  2.382674E-15
0.991841  2.312881E-15
0.992112  2.324479E-15
0.992382  2.340249E-15
0.992652  2.356708E-15
0.992922  2.325330E-15
0.993193  2.308918E-15
0.993463  2.330085E-15
0.993733  2.344744E-15
0.994003  2.313286E-15
0.994273  2.346322E-15
0.994543  2.359922E-15
0.994814  2.308228E-15
0.995084  2.331397E-15
0.995354  2.356641E-15
0.995624  2.333499E-15
0.995894  2.351837E-15
0.996165  2.334892E-15
0.996435  2.315081E-15
0.996705  2.310347E-15
0.996975  2.294863E-15
0.997245  2.330372E-15
0.997515  2.364864E-15
0.997785  2.310165E-15
0.998055  2.337544E-15
0.998326  2.346035E-15
0.998596  2.301502E-15
0.998866  2.335273E-15
0.999136  2.317159E-15
0.999406  2.347096E-15
0.999676  2.277780E-15
0.999946  2.327938E-15
1.00022  2.323595E-15
1.00049  2.314752E-15
1.00076  2.356246E-15
1.00103  2.298925E-15
1.0013  2.269081E-15
1.00157  2.341356E-15
1.00184  2.320698E-15
1.00211  2.305475E-15
1.00238  2.326006E-15
1.00265  2.337394E-15
1.00292  2.386404E-15
1.00319  2.362674E-15
1.00346  2.333664E-15
1.00373  2.311497E-15
1.004  2.335767E-15
1.00427  2.310981E-15
1.00454  2.350332E-15
1.00481  2.291346E-15
1.00508  2.386603E-15
1.00535  2.319954E-15
1.00562  2.361789E-15
1.00589  2.395056E-15
1.00616  2.398962E-15
1.00643  2.411035E-15
1.0067  2.388470E-15
1.00697  2.383717E-15
1.00724  2.387295E-15
1.00751  2.362532E-15
1.00778  2.348093E-15
1.00805  2.356242E-15
1.00832  2.299310E-15
1.00859  2.391594E-15
1.00886  2.348190E-15
1.00913  2.359194E-15
1.0094  2.376495E-15
1.00967  2.338444E-15
1.00994  2.326986E-15
1.01021  2.368905E-15
1.01048  2.383031E-15
1.01075  2.382942E-15
1.01102  2.400908E-15
1.01129  2.415341E-15
1.01156  2.370853E-15
1.01183  2.394129E-15
1.01209  2.370687E-15
1.01236  2.379390E-15
1.01263  2.410367E-15
1.0129  2.405964E-15
1.01317  2.353624E-15
1.01344  2.407101E-15
1.01371  2.426862E-15
1.01398  2.471608E-15
1.01425  2.421467E-15
1.01452  2.436679E-15
1.01479  2.474728E-15
1.01506  2.475388E-15
1.01533  2.456301E-15
1.0156  2.494246E-15
1.01587  2.465384E-15
1.01614  2.426974E-15
1.01641  2.555134E-15
1.01668  2.505058E-15
1.01695  2.459995E-15
1.01722  2.523155E-15
1.01749  2.467650E-15
1.01776  2.404169E-15
1.01803  2.462451E-15
1.0183  2.418407E-15
1.01857  2.471030E-15
1.01884  2.485109E-15
1.01911  2.494014E-15
1.01938  2.427518E-15
1.01965  2.498280E-15
1.01992  2.535109E-15
1.02019  2.525204E-15
1.02046  2.535504E-15
1.02073  2.547292E-15
1.021  2.494639E-15
1.02127  2.554945E-15
1.02154  2.586186E-15
1.02181  2.570861E-15
1.02208  2.594567E-15
1.02235  2.611240E-15
1.02262  2.659798E-15
1.02289  2.713169E-15
1.02316  2.687054E-15
1.02343  2.709495E-15
1.0237  2.752742E-15
1.02397  2.851255E-15
1.02423  2.836248E-15
1.0245  2.907987E-15
1.02477  2.915120E-15
1.02504  2.966831E-15
1.02531  2.960598E-15
1.02558  3.017696E-15
1.02585  3.006752E-15
1.02612  2.952525E-15
1.02639  2.929881E-15
1.02666  2.968009E-15
1.02693  2.967484E-15
1.0272  2.934659E-15
1.02747  3.023416E-15
1.02774  2.979014E-15
1.02801  3.073834E-15
1.02828  3.098586E-15
1.02855  3.149847E-15
1.02882  3.213657E-15
1.02909  3.313592E-15
1.02936  3.396652E-15
1.02963  3.449919E-15
1.0299  3.518896E-15
1.03017  3.610500E-15
1.03044  3.629291E-15
1.03071  3.551886E-15
1.03098  3.554074E-15
1.03124  3.475472E-15
1.03151  3.346249E-15
1.03178  3.250635E-15
1.03205  3.159354E-15
1.03232  3.094427E-15
1.03259  2.997701E-15
1.03286  2.916389E-15
1.03313  2.909021E-15
1.0334  2.821668E-15
1.03367  2.826624E-15
1.03394  2.770047E-15
1.03421  2.733889E-15
1.03448  2.741247E-15
1.03475  2.686478E-15
1.03502  2.707606E-15
1.03529  2.690411E-15
1.03556  2.724794E-15
1.03583  2.726386E-15
1.0361  2.739684E-15
1.03637  2.749279E-15
1.03664  2.738743E-15
1.0369  2.756679E-15
1.03717  2.705250E-15
1.03744  2.757913E-15
1.03771  2.746660E-15
1.03798  2.716715E-15
1.03825  2.716583E-15
1.03852  2.688752E-15
1.03879  2.657065E-15
1.03906  2.618269E-15
1.03933  2.606393E-15
1.0396  2.622522E-15
1.03987  2.549639E-15
1.04014  2.564404E-15
1.04041  2.560520E-15
1.04068  2.515849E-15
1.04095  2.460297E-15
1.04122  2.486890E-15
1.04149  2.469425E-15
1.04175  2.413342E-15
1.04202  2.451823E-15
1.04229  2.456249E-15
1.04256  2.459074E-15
1.04283  2.460197E-15
1.0431  2.439349E-15
1.04337  2.393403E-15
1.04364  2.419307E-15
1.04391  2.426297E-15
1.04418  2.454816E-15
1.04445  2.445662E-15
1.04472  2.394538E-15
1.04499  2.349940E-15
1.04526  2.335700E-15
1.04553  2.350536E-15
1.0458  2.293539E-15
1.04607  2.320170E-15
1.04633  2.294436E-15
1.0466  2.314851E-15
1.04687  2.316540E-15
1.04714  2.305327E-15
1.04741  2.308718E-15
1.04768  2.304848E-15
1.04795  2.329108E-15
1.04822  2.314337E-15
1.04849  2.278820E-15
1.04876  2.301460E-15
1.04903  2.272005E-15
1.0493  2.231148E-15
1.04957  2.283801E-15
1.04984  2.285019E-15
1.05011  2.220547E-15
1.05037  2.241433E-15
1.05064  2.238344E-15
1.05091  2.312138E-15
1.05118  2.238215E-15
1.05145  2.253808E-15
1.05172  2.222737E-15
1.05199  2.214747E-15
1.05226  2.277332E-15
1.05253  2.259836E-15
1.0528  2.210167E-15
1.05307  2.230763E-15
1.05334  2.251974E-15
1.05361  2.278352E-15
1.05388  2.233627E-15
1.05414  2.274912E-15
1.05441  2.244746E-15
1.05468  2.255735E-15
1.05495  2.246597E-15
1.05522  2.281913E-15
1.05549  2.253543E-15
1.05576  2.268518E-15
1.05603  2.238416E-15
1.0563  2.291692E-15
1.05657  2.273933E-15
1.05684  2.272854E-15
1.05711  2.258807E-15
1.05738  2.249455E-15
1.05764  2.336518E-15
1.05791  2.296320E-15
1.05818  2.272626E-15
1.05845  2.273546E-15
1.05872  2.305916E-15
1.05899  2.308332E-15
1.05926  2.277423E-15
1.05953  2.283100E-15
1.0598  2.253760E-15
1.06007  2.270651E-15
1.06034  2.290144E-15
1.06061  2.257679E-15
1.06087  2.263294E-15
1.06114  2.229795E-15
1.06141  2.233616E-15
1.06168  2.251900E-15
1.06195  2.204103E-15
1.06222  2.254447E-15
1.06249  2.254404E-15
1.06276  2.266117E-15
1.06303  2.213311E-15
1.0633  2.219786E-15
1.06357  2.270189E-15
1.06384  2.227603E-15
1.0641  2.255263E-15
1.06437  2.203638E-15
1.06464  2.260721E-15
1.06491  2.239454E-15
1.06518  2.206042E-15
1.06545  2.200424E-15
1.06572  2.229589E-15
1.06599  2.193729E-15
1.06626  2.197109E-15
1.06653  2.203739E-15
1.0668  2.232810E-15
1.06706  2.280492E-15
1.06733  2.182871E-15
1.0676  2.266254E-15
1.06787  2.223889E-15
1.06814  2.250274E-15
1.06841  2.238529E-15
1.06868  2.285756E-15
1.06895  2.249233E-15
1.06922  2.140112E-15
1.06949  2.203775E-15
1.06976  2.214020E-15
1.07002  2.244975E-15
1.07029  2.189222E-15
1.07056  2.224786E-15
1.07083  2.290863E-15
1.0711  2.250132E-15
1.07137  2.304783E-15
1.07164  2.315047E-15
1.07191  2.276233E-15
1.07218  2.258076E-15
1.07245  2.286414E-15
1.07272  2.328306E-15
1.07298  2.337208E-15
1.07325  2.319604E-15
1.07352  2.356013E-15
1.07379  2.381736E-15
1.07406  2.358774E-15
1.07433  2.387724E-15
1.0746  2.402719E-15
1.07487  2.366306E-15
1.07514  2.458014E-15
1.07541  2.431118E-15
1.07567  2.486805E-15
1.07594  2.501973E-15
1.07621  2.464219E-15
1.07648  2.476263E-15
1.07675  2.534394E-15
1.07702  2.534267E-15
1.07729  2.460794E-15
1.07756  2.496695E-15
1.07783  2.446313E-15
1.0781  2.356801E-15
1.07836  2.390705E-15
1.07863  2.313376E-15
1.0789  2.375089E-15
1.07917  2.324434E-15
1.07944  2.324207E-15
1.07971  2.351779E-15
1.07998  2.382034E-15
1.08025  2.271696E-15
1.08052  2.278261E-15
1.08078  2.225818E-15
1.08105  2.202638E-15
1.08132  2.248267E-15
1.08159  2.219567E-15
1.08186  2.215797E-15
1.08213  2.235267E-15
1.0824  2.248007E-15
1.08267  2.200616E-15
1.08294  2.225882E-15
1.08321  2.255951E-15
1.08347  2.192524E-15
1.08374  2.184874E-15
1.08401  2.226248E-15
1.08428  2.143201E-15
1.08455  2.153390E-15
1.08482  2.160324E-15
1.08509  2.134035E-15
1.08536  2.155818E-15
1.08563  2.210667E-15
1.08589  2.145629E-15
1.08616  2.156228E-15
1.08643  2.061278E-15
1.0867  2.155450E-15
1.08697  2.147309E-15
1.08724  2.129501E-15
1.08751  2.082396E-15
1.08778  2.189958E-15
1.08805  2.166355E-15
1.08831  2.187563E-15
1.08858  2.186948E-15
1.08885  2.142497E-15
1.08912  2.205461E-15
1.08939  2.204969E-15
1.08966  2.164994E-15
1.08993  2.186476E-15
1.0902  2.212320E-15
1.09047  2.198937E-15
1.09073  2.210016E-15
1.091  2.189446E-15
1.09127  2.227616E-15
1.09154  2.314102E-15
1.09181  2.134034E-15
1.09208  2.249586E-15
1.09235  2.146495E-15
1.09262  2.165252E-15
1.09288  2.252851E-15
1.09315  2.258799E-15
1.09342  2.283963E-15
1.09369  2.269220E-15
1.09396  2.323224E-15
1.09423  2.287534E-15
1.0945  2.243173E-15
1.09477  2.342682E-15
1.09504  2.338964E-15
1.0953  2.243572E-15
1.09557  2.337847E-15
1.09584  2.284285E-15
1.09611  2.317820E-15
1.09638  2.316652E-15
1.09665  2.350935E-15
1.09692  2.255066E-15
1.09719  2.370157E-15
1.09745  2.418811E-15
1.09772  2.407876E-15
1.09799  2.386552E-15
1.09826  2.410155E-15
1.09853  2.427432E-15
1.0988  2.394879E-15
1.09907  2.414316E-15
1.09934  2.407845E-15
1.0996  2.438224E-15
1.09987  2.434619E-15
1.10014  2.432406E-15
1.10041  2.442691E-15
1.10068  2.424388E-15
1.10095  2.478757E-15
1.10122  2.468744E-15
1.10149  2.561104E-15
1.10176  2.522914E-15
1.10202  2.518726E-15
1.10229  2.599825E-15
1.10256  2.591665E-15
1.10283  2.571120E-15
1.1031  2.601474E-15
1.10337  2.681013E-15
1.10364  2.718897E-15
1.10391  2.642043E-15
1.10417  2.766837E-15
1.10444  2.750550E-15
1.10471  2.789926E-15
1.10498  2.842780E-15
1.10525  2.967525E-15
1.10552  2.923728E-15
1.10579  3.040397E-15
1.10605  3.051105E-15
1.10632  3.108027E-15
1.10659  3.294187E-15
1.10686  3.377845E-15
1.10713  3.542191E-15
1.1074  3.650088E-15
1.10767  3.863302E-15
1.10794  3.977590E-15
1.1082  4.156600E-15
1.10847  4.527655E-15
1.10874  4.702717E-15
1.10901  4.987458E-15
1.10928  5.281711E-15
1.10955  5.527426E-15
1.10982  5.913596E-15
1.11009  6.164437E-15
1.11035  6.549635E-15
1.11062  6.873073E-15
1.11089  7.101594E-15
1.11116  7.177523E-15
1.11143  6.828902E-15
1.1117  6.672070E-15
1.11197  6.187186E-15
1.11224  5.729587E-15
1.1125  5.230132E-15
1.11277  4.837130E-15
1.11304  4.495844E-15
1.11331  4.242071E-15
1.11358  4.078736E-15
1.11385  3.903811E-15
1.11412  3.710914E-15
1.11438  3.636750E-15
1.11465  3.520302E-15
1.11492  3.384511E-15
1.11519  3.293644E-15
1.11546  3.265266E-15
1.11573  3.338364E-15
1.116  3.213617E-15
1.11627  3.123420E-15
1.11653  3.154267E-15
1.1168  3.137023E-15
1.11707  3.219203E-15
1.11734  3.163350E-15
1.11761  3.242684E-15
1.11788  3.302437E-15
1.11815  3.313476E-15
1.11841  3.288151E-15
1.11868  3.394476E-15
1.11895  3.295693E-15
1.11922  3.464589E-15
1.11949  3.460835E-15
1.11976  3.603151E-15
1.12003  3.577138E-15
1.12029  3.701725E-15
1.12056  3.843842E-15
1.12083  3.868305E-15
1.1211  3.934041E-15
1.12137  3.966768E-15
1.12164  3.891136E-15
1.12191  3.783480E-15
1.12217  3.784696E-15
1.12244  3.550695E-15
1.12271  3.530699E-15
1.12298  3.316700E-15
1.12325  3.263016E-15
1.12352  3.093524E-15
1.12379  3.015450E-15
1.12406  2.875050E-15
1.12432  2.929948E-15
1.12459  2.671036E-15
1.12486  2.669407E-15
1.12513  2.527563E-15
1.1254  2.429157E-15
1.12567  2.437839E-15
1.12594  2.466075E-15
1.1262  2.455633E-15
1.12647  2.417527E-15
1.12674  2.406257E-15
1.12701  2.313276E-15
1.12728  2.407718E-15
1.12755  2.375546E-15
1.12782  2.378368E-15
1.12791  2.290293E-15
1.12824  2.354325E-15
1.12856  2.264240E-15
1.12889  2.263859E-15
1.12921  2.271464E-15
1.12954  2.215863E-15
1.12986  2.227099E-15
1.13019  2.238211E-15
1.13051  2.216705E-15
1.13084  2.251836E-15
1.13117  2.221280E-15
1.13149  2.194048E-15
1.13182  2.155825E-15
1.13214  2.156866E-15
1.13247  2.120627E-15
1.13279  2.129297E-15
1.13312  2.052744E-15
1.13344  2.052232E-15
1.13377  1.976560E-15
1.13409  1.987379E-15
1.13442  1.980671E-15
1.13474  1.906118E-15
1.13507  2.002428E-15
1.13539  2.078218E-15
1.13572  2.070539E-15
1.13604  2.085148E-15
1.13637  2.100340E-15
1.13669  2.099562E-15
1.13702  2.094551E-15
1.13734  2.087967E-15
1.13767  2.084388E-15
1.13799  2.121660E-15
1.13832  2.127312E-15
1.13864  2.121188E-15
1.13897  2.160841E-15
1.13929  2.167689E-15
1.13962  2.171602E-15
1.13994  2.173339E-15
1.14027  2.186125E-15
1.14059  2.208919E-15
1.14092  2.181614E-15
1.14124  2.220763E-15
1.14157  2.195308E-15
1.14189  2.172369E-15
1.14222  2.133658E-15
1.14254  2.134669E-15
1.14287  2.141312E-15
1.14319  2.093393E-15
1.14352  2.075332E-15
1.14384  2.017755E-15
1.14417  2.039138E-15
1.14449  2.032628E-15
1.14482  2.056361E-15
1.14514  2.053069E-15
1.14547  2.007280E-15
1.14579  2.035735E-15
1.14612  2.026986E-15
1.14644  1.981241E-15
1.14677  2.023461E-15
1.14709  2.033825E-15
1.14742  2.032976E-15
1.14774  2.026508E-15
1.14807  2.033008E-15
1.14839  2.054153E-15
1.14872  2.039069E-15
1.14904  2.051005E-15
1.14937  2.032028E-15
1.14969  2.060980E-15
1.15002  2.063340E-15
1.15034  2.100876E-15
1.15067  2.060745E-15
1.15099  2.083033E-15
1.15132  2.066458E-15
1.15164  2.095081E-15
1.15197  2.114046E-15
1.15229  2.128894E-15
1.15261  2.117847E-15
1.15294  2.161551E-15
1.15326  2.202710E-15
1.15359  2.221540E-15
1.15391  2.253368E-15
1.15424  2.270410E-15
1.15456  2.276161E-15
1.15489  2.331999E-15
1.15521  2.399434E-15
1.15554  2.467684E-15
1.15586  2.500049E-15
1.15619  2.599450E-15
1.15651  2.653076E-15
1.15684  2.695359E-15
1.15716  2.718649E-15
1.15749  2.709968E-15
1.15781  2.690979E-15
1.15813  2.630450E-15
1.15846  2.551122E-15
1.15878  2.510610E-15
1.15911  2.427066E-15
1.15943  2.329272E-15
1.15976  2.300929E-15
1.16008  2.264099E-15
1.16041  2.223886E-15
1.16073  2.223579E-15
1.16106  2.222618E-15
1.16138  2.194176E-15
1.16171  2.156980E-15
1.16203  2.169893E-15
1.16235  2.122789E-15
1.16268  2.143710E-15
1.163  2.127090E-15
1.16333  2.102113E-15
1.16365  2.139174E-15
1.16398  2.105107E-15
1.1643  2.090572E-15
1.16463  2.064095E-15
1.16495  2.086333E-15
1.16527  2.102443E-15
1.1656  2.083617E-15
1.16592  2.071903E-15
1.16625  2.066142E-15
1.16657  2.054662E-15
1.1669  2.062099E-15
1.16722  2.063908E-15
1.16755  2.041152E-15
1.16787  2.054870E-15
1.16819  2.052216E-15
1.16852  2.053922E-15
1.16884  2.040820E-15
1.16917  2.041270E-15
1.16949  2.032866E-15
1.16982  2.033367E-15
1.17014  2.034788E-15
1.17047  2.045952E-15
1.17079  2.035455E-15
1.17111  2.033332E-15
1.17144  2.022303E-15
1.17176  2.065607E-15
1.17209  2.044620E-15
1.17241  2.054885E-15
1.17274  2.040548E-15
1.17306  2.061128E-15
1.17338  2.022231E-15
1.17371  2.019188E-15
1.17403  2.036837E-15
1.17436  2.047162E-15
1.17468  2.030120E-15
1.17501  2.050606E-15
1.17533  2.045492E-15
1.17565  2.070195E-15
1.17598  2.051366E-15
1.1763  2.048447E-15
1.17663  2.057434E-15
1.17695  2.040587E-15
1.17728  2.037444E-15
1.1776  2.049259E-15
1.17792  2.002199E-15
1.17825  2.013065E-15
1.17857  2.029465E-15
1.1789  2.031866E-15
1.17922  2.027325E-15
1.17954  2.030390E-15
1.17987  2.032729E-15
1.18019  2.018631E-15
1.18052  2.031150E-15
1.18084  2.031622E-15
1.18117  2.012622E-15
1.18149  2.030308E-15
1.18181  2.068137E-15
1.18214  2.036397E-15
1.18246  2.058645E-15
1.18279  2.045813E-15
1.18311  2.060220E-15
1.18343  2.062591E-15
1.18376  2.043389E-15
1.18408  2.065493E-15
1.18441  2.019483E-15
1.18473  2.041536E-15
1.18505  2.070817E-15
1.18538  2.049206E-15
1.1857  2.066992E-15
1.18603  2.055162E-15
1.18635  2.067791E-15
1.18667  2.076031E-15
1.187  2.038773E-15
1.18732  2.063387E-15
1.18765  2.037408E-15
1.18797  2.084766E-15
1.1883  2.070690E-15
1.18862  2.062025E-15
1.18894  2.074899E-15
1.18927  2.066418E-15
1.18959  2.036502E-15
1.18991  2.085541E-15
1.19024  2.046101E-15
1.19056  2.056331E-15
1.19089  2.066846E-15
1.19121  2.082975E-15
1.19153  2.056245E-15
1.19186  2.108077E-15
1.19218  2.073131E-15
1.19251  2.087555E-15
1.19283  2.075553E-15
1.19315  2.062542E-15
1.19348  2.063850E-15
1.1938  2.088521E-15
1.19413  2.049443E-15
1.19445  2.070531E-15
1.19477  2.076392E-15
1.1951  2.079220E-15
1.19542  2.083234E-15
1.19575  2.074948E-15
1.19607  2.068000E-15
1.19639  2.053245E-15
1.19672  2.080924E-15
1.19704  2.063628E-15
1.19736  2.095379E-15
1.19769  2.045457E-15
1.19801  2.025988E-15
1.19834  2.078934E-15
1.19866  2.054148E-15
1.19898  2.067499E-15
1.19931  2.043397E-15
1.19963  2.066952E-15
1.19995  2.056362E-15
1.20028  2.064303E-15
1.2006  2.054846E-15
1.20093  2.064216E-15
1.20125  2.054667E-15
1.20157  2.046404E-15
1.2019  2.060539E-15
1.20222  2.053674E-15
1.20255  2.059850E-15
1.20287  2.064964E-15
1.20319  2.032907E-15
1.20352  2.037154E-15
1.20384  2.035831E-15
1.20416  2.058475E-15
1.20449  2.077220E-15
1.20481  2.061734E-15
1.20513  2.067441E-15
1.20546  2.075177E-15
1.20578  2.051325E-15
1.20611  2.034859E-15
1.20643  2.021038E-15
1.20675  2.076288E-15
1.20708  2.061078E-15
1.2074  2.026750E-15
1.20772  2.033333E-15
1.20805  2.031428E-15
1.20837  2.009384E-15
1.2087  2.043747E-15
1.20902  1.998300E-15
1.20934  2.061138E-15
1.20967  2.037869E-15
1.20999  2.041974E-15
1.21031  2.038039E-15
1.21064  2.049855E-15
1.21096  2.071699E-15
1.21128  2.052054E-15
1.21161  2.062462E-15
1.21193  2.030331E-15
1.21225  2.032241E-15
1.21258  2.045700E-15
1.2129  2.015181E-15
1.21323  2.066403E-15
1.21355  1.998743E-15
1.21387  2.011987E-15
1.2142  2.021916E-15
1.21452  2.017145E-15
1.21484  2.013191E-15
1.21517  2.030300E-15
1.21549  2.027886E-15
1.21581  2.008468E-15
1.21614  2.004289E-15
1.21646  2.025019E-15
1.21678  2.031285E-15
1.21711  2.015070E-15
1.21743  2.050569E-15
1.21775  2.062353E-15
1.21808  2.011500E-15
1.2184  2.016165E-15
1.21872  2.005724E-15
1.21905  2.045536E-15
1.21937  2.015889E-15
1.2197  2.023460E-15
1.22002  2.008349E-15
1.22034  2.021030E-15
1.22067  2.044032E-15
1.22099  2.030950E-15
1.22131  2.030260E-15
1.22164  2.035821E-15
1.22196  2.024902E-15
1.22228  2.020540E-15
1.22261  2.015730E-15
1.22293  2.012307E-15
1.22325  2.051462E-15
1.22358  2.037912E-15
1.2239  2.027534E-15
1.22422  2.027659E-15
1.22455  2.024827E-15
1.22487  2.022628E-15
1.22519  2.047617E-15
1.22552  2.053025E-15
1.22584  2.036783E-15
1.22616  2.052583E-15
1.22649  2.030977E-15
1.22681  2.040638E-15
1.22713  2.037257E-15
1.22746  2.045009E-15
1.22778  2.034336E-15
1.2281  2.008501E-15
1.22843  2.012491E-15
1.22875  2.032135E-15
1.22907  2.013203E-15
1.2294  1.990631E-15
1.22972  2.012619E-15
1.23004  2.047628E-15
1.23037  2.009160E-15
1.23069  2.037265E-15
1.23101  2.017396E-15
1.23134  2.011782E-15
1.23166  2.005342E-15
1.23198  2.024728E-15
1.23231  2.041861E-15
1.23263  2.013163E-15
1.23295  2.010884E-15
1.23327  2.015812E-15
1.2336  2.029998E-15
1.23392  2.024639E-15
1.23424  1.993771E-15
1.23457  1.997904E-15
1.23489  1.981728E-15
1.23521  2.012349E-15
1.23554  2.030296E-15
1.23586  1.973443E-15
1.23618  2.014411E-15
1.23651  2.047497E-15
1.23683  2.034665E-15
1.23715  2.016665E-15
1.23748  1.997931E-15
1.2378  2.030028E-15
1.23812  2.016280E-15
1.23845  2.030250E-15
1.23877  2.018857E-15
1.23909  1.992438E-15
1.23942  2.021729E-15
1.23974  1.989480E-15
1.24006  1.999005E-15
1.24038  2.014576E-15
1.24071  2.003580E-15
1.24103  2.021771E-15
1.24135  1.993314E-15
1.24168  1.947570E-15
1.242  1.992303E-15
1.24232  1.959261E-15
1.24265  1.990426E-15
1.24297  1.988861E-15
1.24329  1.985838E-15
1.24362  1.993528E-15
1.24394  2.005611E-15
1.24426  2.004505E-15
1.24458  2.006721E-15
1.24491  2.005787E-15
1.24523  2.007881E-15
1.24555  2.046669E-15
1.24588  2.027123E-15
1.2462  2.036046E-15
1.24652  2.044092E-15
1.24685  2.043586E-15
1.24717  2.008081E-15
1.24749  2.053553E-15
1.24782  2.026466E-15
1.24814  2.017797E-15
1.24846  2.005796E-15
1.24878  2.028233E-15
1.24911  2.004235E-15
1.24943  2.012709E-15
1.24975  1.987214E-15
1.25008  2.003566E-15
1.2504  1.999677E-15
1.25072  1.950377E-15
1.25104  1.988334E-15
1.25137  2.019462E-15
1.25169  2.007176E-15
1.25201  1.988899E-15
1.25234  2.016938E-15
1.25266  1.976078E-15
1.25298  2.004525E-15
1.25331  2.001238E-15
1.25363  1.972393E-15
1.25395  1.999617E-15
1.25427  1.963477E-15
1.2546  1.965815E-15
1.25492  1.989156E-15
1.25524  2.027629E-15
1.25557  1.967960E-15
1.25589  1.968444E-15
1.25621  1.988492E-15
1.25653  1.979153E-15
1.25686  2.002992E-15
1.25718  2.026015E-15
1.2575  2.010440E-15
1.25783  1.988333E-15
1.25815  1.954285E-15
1.25847  1.991930E-15
1.25879  1.986494E-15
1.25912  1.985592E-15
1.25944  1.986331E-15
1.25976  1.960497E-15
1.26009  1.940745E-15
1.26041  2.014569E-15
1.26073  1.956773E-15
1.26105  1.986570E-15
1.26138  1.967533E-15
1.2617  2.006081E-15
1.26202  1.948969E-15
1.26235  1.988699E-15
1.26267  1.981165E-15
1.26299  1.988343E-15
1.26331  1.967167E-15
1.26364  1.980243E-15
1.26396  1.977019E-15
1.26428  1.993182E-15
1.26461  1.948707E-15
1.26493  1.962772E-15
1.26525  1.920182E-15
1.26557  1.982863E-15
1.2659  1.979658E-15
1.26622  1.937498E-15
1.26654  1.957675E-15
1.26686  1.969803E-15
1.26719  1.955169E-15
1.26751  1.912175E-15
1.26783  1.873561E-15
1.26816  1.868148E-15
1.26848  1.862785E-15
1.2688  1.813660E-15
1.26912  1.952839E-15
1.26945  1.981469E-15
1.26977  1.920436E-15
1.27009  2.008454E-15
1.27042  2.003783E-15
1.27074  2.000325E-15
1.27106  2.008327E-15
1.27138  2.008180E-15
1.27171  1.949288E-15
1.27203  2.043770E-15
1.27235  1.984879E-15
1.27267  1.966520E-15
1.273  1.972575E-15
1.27332  1.977318E-15
1.27364  1.990402E-15
1.27396  1.999482E-15
1.27429  1.975001E-15
1.27461  1.968631E-15
1.27493  2.007637E-15
1.27526  1.943128E-15
1.27558  1.968057E-15
1.2759  1.960414E-15
1.27622  1.930547E-15
1.27655  1.995187E-15
1.27687  1.982665E-15
1.27719  1.991817E-15
1.27751  1.963467E-15
1.27784  2.057081E-15
1.27816  2.003118E-15
1.27848  2.039329E-15
1.2788  2.007203E-15
1.27913  2.069587E-15
1.27945  2.053277E-15
1.27977  2.015448E-15
1.28009  2.028988E-15
1.28042  2.030205E-15
1.28074  2.027583E-15
1.28106  2.075586E-15
1.28139  2.052646E-15
1.28171  2.089150E-15
1.28203  2.091365E-15
1.28235  2.085321E-15
1.28268  2.075814E-15
1.283  2.113916E-15
1.28332  2.081283E-15
1.28364  2.111197E-15
1.28397  2.116731E-15
1.28429  2.114363E-15
1.28461  2.086395E-15
1.28493  2.105819E-15
1.28526  2.062342E-15
1.28558  2.075830E-15
1.2859  2.037140E-15
1.28622  2.080402E-15
1.28655  2.050633E-15
1.28687  2.084038E-15
1.28719  2.044677E-15
1.28751  2.053613E-15
1.28784  2.023732E-15
1.28816  2.036598E-15
1.28848  2.045952E-15
1.2888  2.069264E-15
1.28913  2.056776E-15
1.28945  2.069458E-15
1.28977  2.071917E-15
1.29009  2.034300E-15
1.29042  2.023411E-15
1.29074  2.009427E-15
1.29106  1.984794E-15
1.29138  2.000825E-15
1.29171  2.005382E-15
1.29203  1.981360E-15
1.29235  1.997677E-15
1.29267  2.009249E-15
1.293  2.006597E-15
1.29332  2.043285E-15
1.29364  2.016250E-15
1.29396  2.041810E-15
1.29429  2.006956E-15
1.29461  2.054273E-15
1.29493  2.009005E-15
1.29525  2.051047E-15
1.29558  2.013302E-15
1.2959  2.042781E-15
1.29622  2.039977E-15
1.29654  2.033366E-15
1.29687  2.009844E-15
1.29719  1.996433E-15
1.29751  1.969390E-15
1.29783  2.006870E-15
1.29816  2.005980E-15
1.29848  2.064857E-15
1.2988  2.019602E-15
1.29912  2.063361E-15
1.29944  2.043873E-15
1.29977  2.039338E-15
1.30009  2.048262E-15
1.30041  2.043463E-15
1.30073  2.046676E-15
1.30106  2.068557E-15
1.30138  2.048193E-15
1.3017  2.071367E-15
1.30202  2.059789E-15
1.30235  2.116431E-15
1.30267  2.061266E-15
1.30299  2.090465E-15
1.30331  2.068658E-15
1.30364  2.106701E-15
1.30396  2.123909E-15
1.30428  2.104636E-15
1.3046  2.135259E-15
1.30493  2.162563E-15
1.30525  2.152166E-15
1.30557  2.163327E-15
1.30589  2.171576E-15
1.30621  2.195867E-15
1.30654  2.221907E-15
1.30686  2.256955E-15
1.30718  2.254171E-15
1.3075  2.302786E-15
1.30783  2.329904E-15
1.30815  2.406740E-15
1.30847  2.413247E-15
1.30879  2.458012E-15
1.30912  2.451766E-15
1.30944  2.542910E-15
1.30976  2.597117E-15
1.31008  2.680809E-15
1.3104  2.744327E-15
1.31073  2.883125E-15
1.31105  2.974354E-15
1.31137  3.121943E-15
1.31169  3.219458E-15
1.31202  3.329061E-15
1.31234  3.435662E-15
1.31266  3.651295E-15
1.31298  3.767489E-15
1.31331  3.986638E-15
1.31363  4.068502E-15
1.31395  4.222862E-15
1.31427  4.280300E-15
1.31459  4.305488E-15
1.31492  4.220160E-15
1.31524  4.161769E-15
1.31556  3.931515E-15
1.31588  3.730376E-15
1.31621  3.495131E-15
1.31653  3.283029E-15
1.31685  3.110311E-15
1.31717  2.965986E-15
1.31749  2.850237E-15
1.31782  2.750352E-15
1.31814  2.638961E-15
1.31846  2.568610E-15
1.31878  2.495563E-15
1.31911  2.469262E-15
1.31943  2.430701E-15
1.31975  2.413366E-15
1.32007  2.357661E-15
1.32039  2.321940E-15
1.32072  2.294736E-15
1.32104  2.281890E-15
1.32136  2.263040E-15
1.32168  2.229957E-15
1.32201  2.217152E-15
1.32233  2.211795E-15
1.32265  2.241113E-15
1.32297  2.178494E-15
1.32329  2.149625E-15
1.32362  2.181171E-15
1.32394  2.127822E-15
1.32426  2.163713E-15
1.32458  2.133949E-15
1.32491  2.123088E-15
1.32523  2.076558E-15
1.32555  2.097208E-15
1.32587  2.098150E-15
1.32619  2.108961E-15
1.32652  2.062431E-15
1.32684  2.089113E-15
1.32716  2.014018E-15
1.32748  2.055075E-15
1.32781  2.038763E-15
1.32813  2.016897E-15
1.32845  2.005733E-15
1.32877  2.017786E-15
1.32909  2.013082E-15
1.32942  2.000108E-15
1.32974  2.008080E-15
1.33006  2.019166E-15
1.33038  1.978196E-15
1.33071  1.988864E-15
1.33103  1.997487E-15
1.33135  1.946956E-15
1.33167  1.957950E-15
1.33199  2.001679E-15
1.33232  1.963396E-15
1.33264  1.974136E-15
1.33296  1.966117E-15
1.33328  1.959583E-15
1.3336  1.919735E-15
1.33393  1.957614E-15
1.33425  1.931174E-15
1.33457  1.968045E-15
1.33489  1.929450E-15
1.33521  1.929518E-15
1.33554  1.947133E-15
1.33586  1.960801E-15
1.33618  1.939489E-15
1.3365  1.979583E-15
1.33683  1.961037E-15
1.33715  1.942085E-15
1.33747  1.948378E-15
1.33779  1.950868E-15
1.33811  1.937643E-15
1.33844  1.916565E-15
1.33876  1.945917E-15
1.33908  1.945497E-15
1.3394  1.874937E-15
1.33972  1.955460E-15
1.34005  1.913410E-15
1.34037  1.927708E-15
1.34069  1.927878E-15
1.34101  1.936613E-15
1.34133  1.959423E-15
1.34166  1.951843E-15
1.34198  1.910537E-15
1.3423  1.990984E-15
1.34262  1.946272E-15
1.34295  1.904164E-15
1.34327  1.906074E-15
1.34359  1.941617E-15
1.34391  1.896398E-15
1.34423  1.903189E-15
1.34456  1.888969E-15
1.34488  1.917911E-15
1.3452  1.915997E-15
1.34552  1.901106E-15
1.34584  1.878974E-15
1.34617  1.920637E-15
1.34649  1.868790E-15
1.34681  1.857195E-15
1.34713  1.827966E-15
1.34745  1.808886E-15
1.34778  1.815688E-15
1.3481  1.874373E-15
1.34842  1.937024E-15
1.34874  1.909779E-15
1.34906  1.894422E-15
1.34939  1.936296E-15
1.34971  1.881696E-15
1.35003  1.921983E-15
1.35035  1.909697E-15
1.35067  1.867525E-15
1.351  1.887972E-15
1.35132  1.908369E-15
1.35164  1.842657E-15
1.35196  1.807553E-15
1.35228  1.852507E-15
1.35261  1.807449E-15
1.35293  1.850043E-15
1.35325  1.756828E-15
1.35357  1.744717E-15
1.3539  1.697464E-15
1.35422  1.689095E-15
1.35454  1.634798E-15
1.35486  1.613790E-15
1.35518  1.720523E-15
1.35551  1.733475E-15
1.35583  1.699616E-15
1.35615  1.760866E-15
1.35647  1.694318E-15
1.35679  1.711277E-15
1.35712  1.640123E-15
1.35744  1.668928E-15
1.35776  1.701331E-15
1.35808  1.696114E-15
1.3584  1.633158E-15
1.35873  1.619808E-15
1.35905  1.678310E-15
1.35937  1.731656E-15
1.35969  1.639583E-15
1.36001  1.522521E-15
1.36034  1.643059E-15
1.36066  1.541462E-15
1.36098  1.302941E-15
1.3613  1.381440E-15
1.36162  1.353717E-15
1.36195  1.439737E-15
1.36227  1.606388E-15
1.36259  1.714650E-15
1.36291  1.661825E-15
1.36323  1.653611E-15
1.36356  1.613413E-15
1.36388  1.561840E-15
1.3642  1.549295E-15
1.36452  1.414281E-15
1.36484  1.712074E-15
1.36517  1.712358E-15
1.36549  1.628967E-15
1.36581  1.738016E-15
1.36613  1.647652E-15
1.36645  1.621943E-15
1.36678  1.540933E-15
1.3671  1.438994E-15
1.36742  1.377626E-15
1.36774  1.417151E-15
1.36806  1.608434E-15
1.36838  1.590167E-15
1.36871  1.632586E-15
1.36903  1.638533E-15
1.36935  1.593400E-15
1.36967  1.544740E-15
1.36999  1.613009E-15
1.37032  1.545565E-15
1.37064  1.544305E-15
1.37096  1.398644E-15
1.37128  1.594764E-15
1.3716  1.568062E-15
1.37193  1.548607E-15
1.37225  1.575178E-15
1.37257  1.614251E-15
1.37289  1.746602E-15
1.37321  1.650894E-15
1.37354  1.629701E-15
1.37386  1.722998E-15
1.37418  1.696856E-15
1.3745  1.621143E-15
1.37482  1.687393E-15
1.37515  1.671211E-15
1.37547  1.705250E-15
1.37579  1.696153E-15
1.37611  1.631410E-15
1.37643  1.690289E-15
1.37676  1.738098E-15
1.37708  1.718949E-15
1.3774  1.748759E-15
1.37772  1.721439E-15
1.37804  1.771910E-15
1.37837  1.673681E-15
1.37869  1.634003E-15
1.37901  1.687380E-15
1.37933  1.708103E-15
1.37965  1.698529E-15
1.37998  1.505451E-15
1.3803  1.495300E-15
1.38062  1.567336E-15
1.38094  1.503514E-15
1.38126  1.548322E-15
1.38158  1.576332E-15
1.38191  1.591708E-15
1.38223  1.474382E-15
1.38255  1.463916E-15
1.38287  1.594484E-15
1.38319  1.613916E-15
1.38352  1.546458E-15
1.38384  1.607809E-15
1.38416  1.630644E-15
1.38448  1.579843E-15
1.3848  1.602516E-15
1.38513  1.647097E-15
1.38545  1.581421E-15
1.38577  1.687675E-15
1.38609  1.634690E-15
1.38641  1.717550E-15
1.38674  1.720609E-15
1.38706  1.691851E-15
1.38738  1.732406E-15
1.3877  1.665898E-15
1.38802  1.666549E-15
1.38835  1.758845E-15
1.38867  1.740799E-15
1.38899  1.784055E-15
1.38931  1.792448E-15
1.38963  1.731683E-15
1.38995  1.741804E-15
1.39028  1.778597E-15
1.3906  1.758376E-15
1.39092  1.732679E-15
1.39124  1.800472E-15
1.39156  1.757349E-15
1.39189  1.767794E-15
1.39221  1.735604E-15
1.39253  1.820100E-15
1.39285  1.778888E-15
1.39317  1.780026E-15
1.3935  1.655691E-15
1.39382  1.723503E-15
1.39414  1.647147E-15
1.39446  1.649952E-15
1.39478  1.401138E-15
1.39511  1.492226E-15
1.39543  1.506411E-15
1.39575  1.564101E-15
1.39607  1.624493E-15
1.39639  1.627979E-15
1.39672  1.737665E-15
1.39704  1.792051E-15
1.39736  1.726713E-15
1.39768  1.830281E-15
1.398  1.822519E-15
1.39832  1.729741E-15
1.39865  1.770043E-15
1.39897  1.753727E-15
1.39929  1.609443E-15
1.39961  1.605726E-15
1.39993  1.611609E-15
1.40026  1.535689E-15
1.40058  1.412348E-15
1.4009  1.715864E-15
1.40122  1.765104E-15
1.40154  1.721980E-15
1.40187  1.727628E-15
1.40219  1.805547E-15
1.40251  1.828719E-15
1.40283  1.806663E-15
1.40315  1.676683E-15
1.40348  1.706305E-15
1.4038  1.673026E-15
1.40412  1.488111E-15
1.40444  1.408958E-15
1.40476  1.716465E-15
1.40508  1.696738E-15
1.40541  1.812806E-15
1.40573  1.765631E-15
1.40605  1.721575E-15
1.40637  1.683909E-15
1.40669  1.736234E-15
1.40702  1.636340E-15
1.40734  1.717127E-15
1.40766  1.755849E-15
1.40798  1.787552E-15
1.4083  1.783549E-15
1.40863  1.606155E-15
1.40895  1.629326E-15
1.40927  1.696935E-15
1.40959  1.634690E-15
1.40991  1.680085E-15
1.41024  1.765905E-15
1.41056  1.755067E-15
1.41056  1.739405E-15
1.41097  1.736639E-15
1.41137  1.747729E-15
1.41178  1.809167E-15
1.41219  1.784167E-15
1.41259  1.784916E-15
1.413  1.790794E-15
1.41341  1.742973E-15
1.41381  1.664876E-15
1.41422  1.678809E-15
1.41463  1.725029E-15
1.41503  1.771839E-15
1.41544  1.791276E-15
1.41585  1.835606E-15
1.41625  1.804433E-15
1.41666  1.786443E-15
1.41707  1.796018E-15
1.41747  1.783127E-15
1.41788  1.735625E-15
1.41829  1.734942E-15
1.41869  1.701903E-15
1.4191  1.673566E-15
1.4195  1.714746E-15
1.41991  1.764842E-15
1.42032  1.775919E-15
1.42072  1.790571E-15
1.42113  1.812058E-15
1.42154  1.828801E-15
1.42194  1.822187E-15
1.42235  1.786062E-15
1.42276  1.752608E-15
1.42316  1.753094E-15
1.42357  1.765409E-15
1.42397  1.814720E-15
1.42438  1.821114E-15
1.42479  1.816501E-15
1.42519  1.814255E-15
1.4256  1.820091E-15
1.42601  1.817742E-15
1.42641  1.837897E-15
1.42682  1.800993E-15
1.42722  1.754351E-15
1.42763  1.741829E-15
1.42804  1.770340E-15
1.42844  1.750730E-15
1.42885  1.816739E-15
1.42926  1.819986E-15
1.42966  1.830920E-15
1.43007  1.784960E-15
1.43047  1.780318E-15
1.43088  1.709300E-15
1.43129  1.682229E-15
1.43169  1.708962E-15
1.4321  1.742172E-15
1.4325  1.746313E-15
1.43291  1.786610E-15
1.43332  1.786130E-15
1.43372  1.791154E-15
1.43413  1.783293E-15
1.43453  1.777544E-15
1.43494  1.784781E-15
1.43535  1.782372E-15
1.43575  1.757059E-15
1.43616  1.735726E-15
1.43656  1.733186E-15
1.43697  1.771470E-15
1.43738  1.720766E-15
1.43778  1.738369E-15
1.43819  1.773119E-15
1.43859  1.793534E-15
1.439  1.788313E-15
1.43941  1.803366E-15
1.43981  1.774380E-15
1.44022  1.815463E-15
1.44062  1.799177E-15
1.44103  1.817804E-15
1.44144  1.775448E-15
1.44184  1.820754E-15
1.44225  1.816802E-15
1.44265  1.805684E-15
1.44306  1.796251E-15
1.44346  1.824044E-15
1.44387  1.800155E-15
1.44428  1.760095E-15
1.44468  1.780924E-15
1.44509  1.768517E-15
1.44549  1.737027E-15
1.4459  1.793678E-15
1.4463  1.823916E-15
1.44671  1.834583E-15
1.44712  1.829221E-15
1.44752  1.849795E-15
1.44793  1.839154E-15
1.44833  1.857068E-15
1.44874  1.823751E-15
1.44914  1.788831E-15
1.44955  1.752551E-15
1.44996  1.762172E-15
1.45036  1.734896E-15
1.45077  1.783220E-15
1.45117  1.839096E-15
1.45158  1.842606E-15
1.45198  1.821299E-15
1.45239  1.829731E-15
1.4528  1.857855E-15
1.4532  1.852544E-15
1.45361  1.854642E-15
1.45401  1.845841E-15
1.45442  1.827782E-15
1.45482  1.847318E-15
1.45523  1.829189E-15
1.45563  1.865004E-15
1.45604  1.870605E-15
1.45644  1.862250E-15
1.45685  1.867180E-15
1.45726  1.884502E-15
1.45766  1.879395E-15
1.45807  1.902319E-15
1.45847  1.876802E-15
1.45888  1.892693E-15
1.45928  1.870891E-15
1.45969  1.882631E-15
1.46009  1.817189E-15
1.4605  1.833212E-15
1.4609  1.887069E-15
1.46131  1.901113E-15
1.46172  1.876470E-15
1.46212  1.909815E-15
1.46253  1.889800E-15
1.46293  1.907629E-15
1.46334  1.907920E-15
1.46374  1.933735E-15
1.46415  1.947493E-15
1.46455  1.940621E-15
1.46496  1.929912E-15
1.46536  1.923953E-15
1.46577  1.922063E-15
1.46617  1.912430E-15
1.46658  1.916405E-15
1.46698  1.931686E-15
1.46739  1.921505E-15
1.46779  1.922142E-15
1.4682  1.897725E-15
1.4686  1.916313E-15
1.46901  1.842580E-15
1.46942  1.849103E-15
1.46982  1.801815E-15
1.47023  1.843965E-15
1.47063  1.771676E-15
1.47104  1.801039E-15
1.47144  1.821636E-15
1.47185  1.838336E-15
1.47225  1.820903E-15
1.47266  1.849190E-15
1.47306  1.851836E-15
1.47347  1.905317E-15
1.47387  1.863643E-15
1.47428  1.882382E-15
1.47468  1.876556E-15
1.47509  1.882936E-15
1.47549  1.848264E-15
1.4759  1.847613E-15
1.4763  1.835964E-15
1.47671  1.853038E-15
1.47711  1.844362E-15
1.47752  1.848225E-15
1.47792  1.849086E-15
1.47833  1.858500E-15
1.47873  1.861826E-15
1.47914  1.865345E-15
1.47954  1.865789E-15
1.47995  1.865777E-15
1.48035  1.831200E-15
1.48076  1.881641E-15
1.48116  1.857940E-15
1.48157  1.873806E-15
1.48197  1.857491E-15
1.48238  1.890258E-15
1.48278  1.884027E-15
1.48319  1.906527E-15
1.48359  1.869851E-15
1.484  1.878127E-15
1.4844  1.858008E-15
1.48481  1.864844E-15
1.48521  1.861089E-15
1.48561  1.893906E-15
1.48602  1.867558E-15
1.48642  1.873461E-15
1.48683  1.847652E-15
1.48723  1.884150E-15
1.48764  1.863119E-15
1.48804  1.886044E-15
1.48845  1.862325E-15
1.48885  1.906907E-15
1.48926  1.872009E-15
1.48966  1.900827E-15
1.49007  1.892000E-15
1.49047  1.900996E-15
1.49088  1.884936E-15
1.49128  1.888911E-15
1.49169  1.884051E-15
1.49209  1.884313E-15
1.4925  1.890428E-15
1.4929  1.917672E-15
1.4933  1.879388E-15
1.49371  1.887329E-15
1.49411  1.877864E-15
1.49452  1.898514E-15
1.49492  1.881583E-15
1.49533  1.933119E-15
1.49573  1.907516E-15
1.49614  1.922283E-15
1.49654  1.889164E-15
1.49695  1.919003E-15
1.49735  1.890115E-15
1.49776  1.904516E-15
1.49816  1.879726E-15
1.49856  1.912738E-15
1.49897  1.869803E-15
1.49937  1.888616E-15
1.49978  1.878350E-15
1.50018  1.898381E-15
1.50059  1.889312E-15
1.50099  1.898550E-15
1.5014  1.893660E-15
1.5018  1.905068E-15
1.50221  1.883129E-15
1.50261  1.910228E-15
1.50301  1.887660E-15
1.50342  1.895985E-15
1.50382  1.869960E-15
1.50423  1.923092E-15
1.50463  1.859400E-15
1.50504  1.920492E-15
1.50544  1.864256E-15
1.50585  1.912619E-15
1.50625  1.900549E-15
1.50665  1.923610E-15
1.50706  1.879077E-15
1.50746  1.920037E-15
1.50787  1.873274E-15
1.50827  1.902419E-15
1.50868  1.905997E-15
1.50908  1.924686E-15
1.50948  1.895722E-15
1.50989  1.946171E-15
1.51029  1.896003E-15
1.5107  1.934810E-15
1.5111  1.925347E-15
1.51151  1.930315E-15
1.51191  1.895227E-15
1.51231  1.929207E-15
1.51272  1.913092E-15
1.51312  1.938270E-15
1.51353  1.927377E-15
1.51393  1.936624E-15
1.51434  1.890352E-15
1.51474  1.939856E-15
1.51514  1.933649E-15
1.51555  1.942023E-15
1.51595  1.894292E-15
1.51636  1.923940E-15
1.51676  1.899350E-15
1.51717  1.929200E-15
1.51757  1.897695E-15
1.51797  1.904913E-15
1.51838  1.917434E-15
1.51878  1.925463E-15
1.51919  1.900549E-15
1.51959  1.913303E-15
1.51999  1.893977E-15
1.5204  1.930477E-15
1.5208  1.908798E-15
1.52121  1.947549E-15
1.52161  1.912811E-15
1.52202  1.929509E-15
1.52242  1.897225E-15
1.52282  1.918313E-15
1.52323  1.947461E-15
1.52363  1.926604E-15
1.52404  1.915146E-15
1.52444  1.959755E-15
1.52484  1.924674E-15
1.52525  1.940885E-15
1.52565  1.902570E-15
1.52606  1.910375E-15
1.52646  1.888141E-15
1.52686  1.918616E-15
1.52727  1.902424E-15
1.52767  1.901359E-15
1.52808  1.907339E-15
1.52848  1.910876E-15
1.52888  1.918499E-15
1.52929  1.907701E-15
1.52969  1.901607E-15
1.5301  1.919408E-15
1.5305  1.906563E-15
1.5309  1.933265E-15
1.53131  1.919162E-15
1.53171  1.933648E-15
1.53212  1.897709E-15
1.53252  1.914496E-15
1.53292  1.907480E-15
1.53333  1.923161E-15
1.53373  1.882297E-15
1.53413  1.933033E-15
1.53454  1.916752E-15
1.53494  1.920978E-15
1.53535  1.899608E-15
1.53575  1.930140E-15
1.53615  1.909825E-15
1.53656  1.938795E-15
1.53696  1.908850E-15
1.53737  1.936036E-15
1.53777  1.905148E-15
1.53817  1.930205E-15
1.53858  1.898385E-15
1.53898  1.934663E-15
1.53938  1.932848E-15
1.53979  1.951356E-15
1.54019  1.902467E-15
1.5406  1.926905E-15
1.541  1.890535E-15
1.5414  1.924349E-15
1.54181  1.901886E-15
1.54221  1.923121E-15
1.54262  1.906730E-15
1.54302  1.915811E-15
1.54342  1.872155E-15
1.54383  1.909779E-15
1.54423  1.874536E-15
1.54463  1.922417E-15
1.54504  1.898060E-15
1.54544  1.920652E-15
1.54584  1.907840E-15
1.54625  1.933431E-15
1.54665  1.904088E-15
1.54706  1.946727E-15
1.54746  1.921996E-15
1.54786  1.930276E-15
1.54827  1.894477E-15
1.54867  1.937886E-15
1.54907  1.909639E-15
1.54948  1.935229E-15
1.54988  1.900222E-15
1.55029  1.937913E-15
1.55069  1.913558E-15
1.55109  1.941094E-15
1.5515  1.914611E-15
1.5519  1.921482E-15
1.5523  1.895729E-15
1.55271  1.908903E-15
1.55311  1.876401E-15
1.55351  1.907636E-15
1.55392  1.890579E-15
1.55432  1.931815E-15
1.55472  1.897905E-15
1.55513  1.923565E-15
1.55553  1.899151E-15
1.55594  1.908737E-15
1.55634  1.911665E-15
1.55674  1.915476E-15
1.55715  1.904246E-15
1.55755  1.922751E-15
1.55795  1.914369E-15
1.55836  1.918230E-15
1.55876  1.900536E-15
1.55916  1.953474E-15
1.55957  1.913253E-15
1.55997  1.954881E-15
1.56037  1.898984E-15
1.56078  1.920578E-15
1.56118  1.892406E-15
1.56158  1.907201E-15
1.56199  1.892477E-15
1.56239  1.919218E-15
1.56279  1.901779E-15
1.5632  1.919004E-15
1.5636  1.909084E-15
1.564  1.920595E-15
1.56441  1.901382E-15
1.56481  1.920198E-15
1.56522  1.874124E-15
1.56562  1.908626E-15
1.56602  1.885766E-15
1.56643  1.932255E-15
1.56683  1.881348E-15
1.56723  1.915211E-15
1.56764  1.887184E-15
1.56804  1.899971E-15
1.56844  1.848478E-15
1.56885  1.881591E-15
1.56925  1.858023E-15
1.56965  1.857192E-15
1.57006  1.853047E-15
1.57046  1.874173E-15
1.57086  1.865642E-15
1.57127  1.877567E-15
1.57167  1.892887E-15
1.57207  1.905299E-15
1.57248  1.895329E-15
1.57288  1.920476E-15
1.57328  1.906494E-15
1.57369  1.937335E-15
1.57409  1.903748E-15
1.57449  1.935348E-15
1.5749  1.924162E-15
1.5753  1.925044E-15
1.5757  1.906624E-15
1.5761  1.926462E-15
1.57651  1.885896E-15
1.57691  1.903554E-15
1.57731  1.868571E-15
1.57772  1.901872E-15
1.57812  1.862219E-15
1.57852  1.898833E-15
1.57893  1.864458E-15
1.57933  1.891366E-15
1.57973  1.865523E-15
1.58014  1.911618E-15
1.58054  1.860133E-15
1.58094  1.903159E-15
1.58135  1.890302E-15
1.58175  1.894061E-15
1.58215  1.862596E-15
1.58256  1.903382E-15
1.58296  1.898408E-15
1.58336  1.886646E-15
1.58377  1.930551E-15
1.58417  1.944349E-15
1.58457  1.946091E-15
1.58498  1.961164E-15
1.58538  1.928342E-15
1.58578  1.974830E-15
1.58618  1.936041E-15
1.58659  1.944317E-15
1.58699  1.917524E-15
1.58739  1.949088E-15
1.5878  1.913370E-15
1.5882  1.946900E-15
1.5886  1.922325E-15
1.58901  1.965842E-15
1.58941  1.929274E-15
1.58981  1.963714E-15
1.59022  1.927947E-15
1.59062  1.960928E-15
1.59102  1.928717E-15
1.59143  1.962326E-15
1.59183  1.936597E-15
1.59223  1.952642E-15
1.59263  1.932647E-15
1.59304  1.958233E-15
1.59344  1.939373E-15
1.59384  1.941378E-15
1.59425  1.938481E-15
1.59465  1.945845E-15
1.59505  1.917778E-15
1.59546  1.954799E-15
1.59586  1.936435E-15
1.59626  1.954900E-15
1.59666  1.888932E-15
1.59707  1.923694E-15
1.59747  1.893035E-15
1.59787  1.900500E-15
1.59828  1.870135E-15
1.59868  1.883738E-15
1.59908  1.852826E-15
1.59949  1.872324E-15
1.59989  1.825835E-15
1.60029  1.864617E-15
1.60069  1.830942E-15
1.6011  1.864537E-15
1.6015  1.855503E-15
1.6019  1.888248E-15
1.60231  1.881867E-15
1.60271  1.862909E-15
1.60311  1.864540E-15
1.60352  1.894539E-15
1.60392  1.880816E-15
1.60432  1.901822E-15
1.60472  1.881050E-15
1.60513  1.929805E-15
1.60553  1.884505E-15
1.60593  1.927385E-15
1.60634  1.917045E-15
1.60674  1.945868E-15
1.60714  1.906908E-15
1.60754  1.943316E-15
1.60795  1.916742E-15
1.60835  1.941585E-15
1.60875  1.928643E-15
1.60916  1.958153E-15
1.60956  1.928491E-15
1.60996  1.958498E-15
1.61036  1.943358E-15
1.61077  1.941414E-15
1.61117  1.938640E-15
1.61157  1.971704E-15
1.61198  1.937202E-15
1.61238  1.942894E-15
1.61278  1.947360E-15
1.61318  1.948566E-15
1.61359  1.935360E-15
1.61399  1.953396E-15
1.61439  1.907716E-15
1.6148  1.946926E-15
1.6152  1.933782E-15
1.6156  1.937266E-15
1.616  1.913045E-15
1.61641  1.906828E-15
1.61681  1.906788E-15
1.61721  1.912935E-15
1.61762  1.892703E-15
1.61802  1.892076E-15
1.61842  1.855745E-15
1.61882  1.885840E-15
1.61923  1.872151E-15
1.61963  1.909668E-15
1.62003  1.874866E-15
1.62043  1.877226E-15
1.62084  1.871688E-15
1.62124  1.899878E-15
1.62164  1.888437E-15
1.62205  1.894827E-15
1.62245  1.856817E-15
1.62285  1.894970E-15
1.62325  1.866276E-15
1.62366  1.894526E-15
1.62406  1.878559E-15
1.62446  1.903893E-15
1.62486  1.876354E-15
1.62527  1.897242E-15
1.62567  1.888698E-15
1.62607  1.917352E-15
1.62648  1.899614E-15
1.62688  1.933644E-15
1.62728  1.932987E-15
1.62768  1.946929E-15
1.62809  1.922711E-15
1.62849  1.934852E-15
1.62889  1.906250E-15
1.62929  1.921367E-15
1.6297  1.907810E-15
1.6301  1.928171E-15
1.6305  1.881823E-15
1.63091  1.871173E-15
1.63131  1.861343E-15
1.63171  1.900535E-15
1.63211  1.875802E-15
1.63252  1.906307E-15
1.63292  1.871542E-15
1.63332  1.902664E-15
1.63372  1.901298E-15
1.63413  1.904883E-15
1.63453  1.888696E-15
1.63493  1.890458E-15
1.63533  1.883120E-15
1.63574  1.920265E-15
1.63614  1.911721E-15
1.63654  1.931301E-15
1.63694  1.898683E-15
1.63735  1.915297E-15
1.63775  1.876423E-15
1.63815  1.900711E-15
1.63856  1.883056E-15
1.63896  1.893930E-15
1.63936  1.855877E-15
1.63976  1.883211E-15
1.64017  1.865679E-15
1.64057  1.876886E-15
1.64097  1.868849E-15
1.64137  1.873629E-15
1.64178  1.880969E-15
1.64218  1.905619E-15
1.64258  1.900883E-15
1.64298  1.926819E-15
1.64339  1.898131E-15
1.64379  1.924320E-15
1.64419  1.885338E-15
1.64459  1.913227E-15
1.645  1.886515E-15
1.6454  1.921084E-15
1.6458  1.915244E-15
1.6462  1.944054E-15
1.64661  1.892602E-15
1.64701  1.912585E-15
1.64741  1.898506E-15
1.64781  1.943268E-15
1.64822  1.898730E-15
1.64862  1.928390E-15
1.64902  1.894745E-15
1.64942  1.942745E-15
1.64983  1.930366E-15
1.65023  1.926895E-15
1.65063  1.924659E-15
1.65104  1.935329E-15
1.65144  1.963215E-15
1.65184  1.963317E-15
1.65224  1.940554E-15
1.65265  1.962661E-15
1.65305  1.934149E-15
1.65345  1.947976E-15
1.65385  1.932350E-15
1.65426  1.943899E-15
1.65466  1.903920E-15
1.65506  1.904407E-15
1.65546  1.897627E-15
1.65587  1.905826E-15
1.65627  1.885514E-15
1.65667  1.912711E-15
1.65707  1.874120E-15
1.65748  1.898240E-15
1.65788  1.874588E-15
1.65828  1.900773E-15
1.65868  1.858235E-15
1.65909  1.895613E-15
1.65949  1.880565E-15
1.65989  1.878926E-15
1.66029  1.860701E-15
1.6607  1.857918E-15
1.6611  1.840998E-15
1.6615  1.842892E-15
1.6619  1.832095E-15
1.6623  1.847672E-15
1.66271  1.846327E-15
1.66311  1.849770E-15
1.66351  1.833316E-15
1.66391  1.861310E-15
1.66432  1.825020E-15
1.66472  1.856688E-15
1.66512  1.833656E-15
1.66552  1.838627E-15
1.66593  1.834864E-15
1.66633  1.841979E-15
1.66673  1.837882E-15
1.66713  1.843116E-15
1.66754  1.852722E-15
1.66794  1.859787E-15
1.66834  1.801680E-15
1.66874  1.893043E-15
1.66915  1.877329E-15
1.66955  1.902690E-15
1.66995  1.857052E-15
1.67035  1.898382E-15
1.67076  1.860091E-15
1.67116  1.887111E-15
1.67156  1.890645E-15
1.67196  1.910207E-15
1.67237  1.876662E-15
1.67277  1.885255E-15
1.67317  1.871090E-15
1.67357  1.906711E-15
1.67398  1.876405E-15
1.67438  1.896726E-15
1.67478  1.886527E-15
1.67518  1.922634E-15
1.67559  1.902225E-15
1.67599  1.926735E-15
1.67639  1.901246E-15
1.67679  1.927881E-15
1.67719  1.923865E-15
1.6776  1.926841E-15
1.678  1.950713E-15
1.6784  1.950805E-15
1.6788  1.939372E-15
1.67921  1.972148E-15
1.67961  1.952782E-15
1.68001  1.982359E-15
1.68041  1.959574E-15
1.68082  1.998926E-15
1.68122  1.976747E-15
1.68162  2.004746E-15
1.68202  1.963090E-15
1.68243  2.003331E-15
1.68283  1.985888E-15
1.68323  1.975053E-15
1.68363  1.963348E-15
1.68404  1.978475E-15
1.68444  1.963704E-15
1.68484  1.977274E-15
1.68524  1.955694E-15
1.68564  1.980251E-15
1.68605  1.976185E-15
1.68645  1.980719E-15
1.68685  1.946593E-15
1.68725  1.942325E-15
1.68766  1.936802E-15
1.68806  1.919259E-15
1.68846  1.899279E-15
1.68886  1.901445E-15
1.68927  1.867786E-15
1.68967  1.900740E-15
1.69007  1.858654E-15
1.69047  1.882178E-15
1.69088  1.868299E-15
1.69128  1.902456E-15
1.69168  1.884156E-15
1.69208  1.903836E-15
1.69248  1.892375E-15
1.69289  1.900996E-15
1.69329  1.888351E-15
1.69369  1.900119E-15
1.69409  1.900637E-15
1.6945  1.881902E-15
1.6949  1.853648E-15
1.6953  1.888178E-15
1.6957  1.838810E-15
1.69611  1.870801E-15
1.69651  1.858015E-15
1.69691  1.862792E-15
1.69731  1.853699E-15
1.69772  1.871850E-15
1.69812  1.867785E-15
1.69852  1.869628E-15
1.69892  1.861547E-15
1.69932  1.881903E-15
1.69973  1.887530E-15
1.70013  1.858306E-15
1.70053  1.869719E-15
1.70093  1.895132E-15
1.70134  1.865888E-15
1.70174  1.869815E-15
1.70214  1.865387E-15
1.70254  1.900278E-15
1.70295  1.873878E-15
1.70335  1.881102E-15
1.70375  1.866406E-15
1.70415  1.859509E-15
1.70455  1.849962E-15
1.70496  1.871692E-15
1.70536  1.837281E-15
1.70576  1.862278E-15
1.70616  1.852590E-15
1.70657  1.871558E-15
1.70697  1.850136E-15
1.70737  1.859555E-15
1.70777  1.838527E-15
1.70818  1.870787E-15
1.70858  1.836872E-15
1.70898  1.862234E-15
1.70938  1.833549E-15
1.70978  1.856169E-15
1.71019  1.849747E-15
1.71059  1.874491E-15
1.71099  1.905021E-15
1.71139  1.876448E-15
1.7118  1.883125E-15
1.7122  1.882146E-15
1.7126  1.867755E-15
1.713  1.898030E-15
1.71341  1.882719E-15
1.71381  1.896891E-15
1.71421  1.879759E-15
1.71461  1.903106E-15
1.71502  1.885467E-15
1.71542  1.906073E-15
1.71582  1.874073E-15
1.71622  1.910780E-15
1.71662  1.911399E-15
1.71703  1.916144E-15
1.71743  1.904110E-15
1.71783  1.932635E-15
1.71823  1.912539E-15
1.71864  1.915535E-15
1.71904  1.918470E-15
1.71944  1.944293E-15
1.71984  1.941736E-15
1.72025  1.951154E-15
1.72065  1.961371E-15
1.72105  1.995963E-15
1.72145  1.985325E-15
1.72185  2.009367E-15
1.72226  1.986855E-15
1.72266  2.017481E-15
1.72306  2.008543E-15
1.72346  2.043244E-15
1.72387  2.001253E-15
1.72427  1.998070E-15
1.72467  2.002895E-15
1.72507  2.015549E-15
1.72548  1.970606E-15
1.72588  1.980478E-15
1.72628  1.972996E-15
1.72668  1.968265E-15
1.72708  1.965830E-15
1.72749  1.967723E-15
1.72789  1.947639E-15
1.72829  1.949603E-15
1.72869  1.933343E-15
1.7291  1.959862E-15
1.7295  1.941336E-15
1.7299  1.950278E-15
1.7303  1.932411E-15
1.73071  1.947430E-15
1.73111  1.930250E-15
1.73151  1.938899E-15
1.73191  1.932591E-15
1.73231  1.932764E-15
1.73272  1.959454E-15
1.73312  1.956614E-15
1.73352  1.929747E-15
1.73392  1.916966E-15
1.73433  1.908474E-15
1.73473  1.880191E-15
1.73513  1.881528E-15
1.73553  1.892806E-15
1.73594  1.891767E-15
1.73634  1.897331E-15
1.73674  1.894350E-15
1.73714  1.912676E-15
1.73754  1.934884E-15
1.73795  1.931185E-15
1.73835  1.921844E-15
1.73875  1.906941E-15
1.73915  1.889126E-15
1.73956  1.923691E-15
1.73996  1.901042E-15
1.74036  1.890578E-15
1.74076  1.889964E-15
1.74117  1.899855E-15
1.74157  1.890150E-15
1.74197  1.914178E-15
1.74237  1.899245E-15
1.74278  1.919531E-15
1.74318  1.910646E-15
1.74358  1.902558E-15
1.74398  1.889739E-15
1.74438  1.897558E-15
1.74479  1.901949E-15
1.74519  1.895510E-15
1.74559  1.885229E-15
1.74599  1.886718E-15
1.7464  1.861007E-15
1.7468  1.869189E-15
1.7472  1.878322E-15
1.7476  1.888699E-15
1.74801  1.889661E-15
1.74841  1.882627E-15
1.74881  1.884500E-15
1.74921  1.899679E-15
1.74961  1.845122E-15
1.75002  1.842091E-15
1.75042  1.853722E-15
1.75082  1.859690E-15
1.75122  1.838378E-15
1.75163  1.851808E-15
1.75203  1.853894E-15
1.75243  1.867940E-15
1.75283  1.874383E-15
1.75324  1.857380E-15
1.75364  1.858282E-15
1.75404  1.830662E-15
1.75444  1.858297E-15
1.75485  1.848240E-15
1.75525  1.826272E-15
1.75565  1.821695E-15
1.75605  1.813569E-15
1.75646  1.856176E-15
1.75686  1.838871E-15
1.75726  1.853594E-15
1.75766  1.851099E-15
1.75806  1.853063E-15
1.75847  1.863782E-15
1.75887  1.881670E-15
1.75927  1.869277E-15
1.75967  1.883646E-15
1.76008  1.852298E-15
1.76048  1.862299E-15
1.76088  1.878922E-15
1.76128  1.874416E-15
1.76169  1.872032E-15
1.76209  1.859803E-15
1.76249  1.854568E-15
1.76289  1.886811E-15
1.7633  1.856879E-15
1.7637  1.872217E-15
1.7641  1.841265E-15
1.7645  1.833665E-15
1.76491  1.854150E-15
1.76531  1.837219E-15
1.76571  1.837121E-15
1.76611  1.847021E-15
1.76651  1.864442E-15
1.76692  1.904396E-15
1.76732  1.889275E-15
1.76772  1.873113E-15
1.76812  1.834964E-15
1.76853  1.834138E-15
1.76893  1.832736E-15
1.76933  1.828038E-15
1.76973  1.810785E-15
1.77014  1.843338E-15
1.77054  1.842916E-15
1.77094  1.858325E-15
1.77134  1.854072E-15
1.77175  1.872948E-15
1.77215  1.872122E-15
1.77255  1.880060E-15
1.77295  1.861443E-15
1.77336  1.858817E-15
1.77376  1.851521E-15
1.77416  1.858135E-15
1.77456  1.858431E-15
1.77497  1.866278E-15
1.77537  1.878472E-15
1.77577  1.868345E-15
1.77617  1.875040E-15
1.77658  1.884615E-15
1.77698  1.918400E-15
1.77738  1.894567E-15
1.77778  1.900847E-15
1.77819  1.892915E-15
1.77859  1.915691E-15
1.77899  1.967831E-15
1.77939  1.972544E-15
1.7798  1.957081E-15
1.7802  1.936706E-15
1.7806  1.970721E-15
1.781  1.953844E-15
1.78141  1.980015E-15
1.78181  1.962784E-15
1.78221  1.960472E-15
1.78261  1.959150E-15
1.78302  1.926939E-15
1.78342  1.909992E-15
1.78382  1.898169E-15
1.78422  1.878724E-15
1.78463  1.846747E-15
1.78503  1.854644E-15
1.78543  1.879339E-15
1.78583  1.829634E-15
1.78624  1.852500E-15
1.78664  1.825011E-15
1.78704  1.821184E-15
1.78744  1.903004E-15
1.78785  1.871533E-15
1.78825  1.871294E-15
1.78865  1.902558E-15
1.78905  1.871128E-15
1.78946  1.854373E-15
1.78986  1.852223E-15
1.79026  1.843211E-15
1.79066  1.838807E-15
1.79107  1.838032E-15
1.79147  1.826715E-15
1.79187  1.817309E-15
1.79227  1.805144E-15
1.79268  1.831728E-15
1.79308  1.826940E-15
1.79348  1.839051E-15
1.79388  1.815253E-15
1.79429  1.844110E-15
1.79469  1.826558E-15
1.79509  1.848311E-15
1.79549  1.817620E-15
1.7959  1.831196E-15
1.7963  1.810977E-15
1.7967  1.819550E-15
1.7971  1.792246E-15
1.79751  1.821052E-15
1.79791  1.779984E-15
1.79831  1.793408E-15
1.79871  1.854564E-15
1.79912  1.741298E-15
1.79952  1.761554E-15
1.79992  1.697000E-15
1.80033  1.701945E-15
1.80073  1.707659E-15
1.80113  1.707107E-15
1.80153  1.731627E-15
1.80194  1.740928E-15
1.80234  1.766267E-15
1.80274  1.769746E-15
1.80314  1.771700E-15
1.80355  1.795806E-15
1.80395  1.806723E-15
1.80435  1.748235E-15
1.80475  1.758526E-15
1.80516  1.756337E-15
1.80556  1.734674E-15
1.80596  1.677380E-15
1.80636  1.697827E-15
1.80677  1.775369E-15
1.80717  1.761336E-15
1.80757  1.795374E-15
1.80798  1.785980E-15
1.80838  1.804061E-15
1.80878  1.776467E-15
1.80918  1.746145E-15
1.80959  1.747230E-15
1.80999  1.775791E-15
1.81039  1.758070E-15
1.81079  1.674677E-15
1.8112  1.774144E-15
1.8116  1.779493E-15
1.812  1.717685E-15
1.8124  1.769405E-15
1.81281  1.803068E-15
1.81321  1.837104E-15
1.81361  1.826780E-15
1.81402  1.739388E-15
1.81442  1.767695E-15
1.81482  1.736394E-15
1.81522  1.707307E-15
1.81563  1.709018E-15
1.81603  1.764011E-15
1.81643  1.798268E-15
1.81683  1.756086E-15
1.81724  1.741165E-15
1.81764  1.803179E-15
1.81804  1.748145E-15
1.8822  1.699838E-15
1.88274  1.716553E-15
1.88328  1.697297E-15
1.88382  1.616098E-15
1.88436  1.598146E-15
1.8849  1.629474E-15
1.88544  1.694227E-15
1.88598  1.690635E-15
1.88652  1.717993E-15
1.88706  1.712290E-15
1.88761  1.740608E-15
1.88815  1.757979E-15
1.88869  1.765181E-15
1.88923  1.699960E-15
1.88977  1.622592E-15
1.89031  1.533420E-15
1.89085  1.561849E-15
1.89139  1.587046E-15
1.89193  1.563198E-15
1.89247  1.529212E-15
1.89301  1.572231E-15
1.89355  1.611979E-15
1.89409  1.660460E-15
1.89463  1.704590E-15
1.89517  1.735329E-15
1.89571  1.727990E-15
1.89625  1.716199E-15
1.89679  1.679962E-15
1.89733  1.637384E-15
1.89787  1.568927E-15
1.89841  1.467069E-15
1.89895  1.430299E-15
1.89949  1.385421E-15
1.90003  1.450511E-15
1.90057  1.539066E-15
1.90111  1.562222E-15
1.90165  1.639224E-15
1.90219  1.659643E-15
1.90273  1.606233E-15
1.90327  1.581741E-15
1.90381  1.658046E-15
1.90435  1.669701E-15
1.90489  1.569483E-15
1.90543  1.408758E-15
1.90597  1.605636E-15
1.90651  1.651831E-15
1.90705  1.703568E-15
1.90759  1.775175E-15
1.90813  1.832081E-15
1.90867  1.807528E-15
1.90921  1.800504E-15
1.90975  1.806099E-15
1.91029  1.804355E-15
1.91083  1.746910E-15
1.91137  1.743762E-15
1.91191  1.706540E-15
1.91245  1.775065E-15
1.91299  1.764305E-15
1.91353  1.813818E-15
1.91407  1.864987E-15
1.91461  1.928109E-15
1.91515  2.026404E-15
1.91569  2.132098E-15
1.91623  2.197944E-15
1.91677  2.339477E-15
1.91731  2.472306E-15
1.91785  2.588950E-15
1.91839  2.688310E-15
1.91893  2.729802E-15
1.91947  2.688015E-15
1.92001  2.739046E-15
1.92055  3.125649E-15
1.92109  3.408589E-15
1.92163  3.590443E-15
1.92217  3.733356E-15
1.92271  3.849658E-15
1.92325  3.871740E-15
1.92379  3.681894E-15
1.92433  3.496713E-15
1.92487  3.411415E-15
1.92541  3.364731E-15
1.92595  3.046270E-15
1.92649  2.693690E-15
1.92703  2.388751E-15
1.92757  2.278343E-15
1.92811  2.213727E-15
1.92865  2.170582E-15
1.92919  2.112589E-15
1.92973  2.103959E-15
1.93027  1.997189E-15
1.9308  1.947152E-15
1.93134  1.938109E-15
1.93188  1.960591E-15
1.93242  1.956161E-15
1.93296  1.968075E-15
1.9335  1.944668E-15
1.93404  1.924622E-15
1.93458  1.898621E-15
1.93512  1.953011E-15
1.93566  1.914372E-15
1.9362  1.859492E-15
1.93674  1.835188E-15
1.93728  1.836543E-15
1.93782  1.817911E-15
1.93836  1.805932E-15
1.9389  1.798213E-15
1.93944  1.778966E-15
1.93998  1.759619E-15
1.94052  1.823516E-15
1.94106  1.801322E-15
1.9416  1.810944E-15
1.94214  1.817043E-15
1.94267  1.816521E-15
1.94321  1.771253E-15
1.94375  1.774970E-15
1.94429  1.758632E-15
1.94483  1.780830E-15
1.94537  1.776503E-15
1.94591  1.819776E-15
1.94645  1.805607E-15
1.94699  1.794981E-15
1.94753  1.754833E-15
1.94807  1.755280E-15
1.94861  1.743373E-15
1.94915  1.756204E-15
1.94969  1.761587E-15
1.95023  1.790072E-15
1.95077  1.770918E-15
1.9513  1.770003E-15
1.95184  1.768693E-15
1.95238  1.726498E-15
1.95292  1.694062E-15
1.95346  1.672254E-15
1.954  1.672671E-15
1.95454  1.671383E-15
1.95508  1.643197E-15
1.95562  1.657643E-15
1.95616  1.649290E-15
1.9567  1.653310E-15
1.95724  1.638780E-15
1.95778  1.660977E-15
1.95832  1.674413E-15
1.95885  1.697397E-15
1.95939  1.714668E-15
1.95993  1.751135E-15
1.96047  1.755417E-15
1.96101  1.759780E-15
1.96155  1.756452E-15
1.96209  1.753872E-15
1.96263  1.727463E-15
1.96317  1.730262E-15
1.96371  1.720052E-15
1.96425  1.751209E-15
1.96479  1.725064E-15
1.96532  1.753547E-15
1.96586  1.751188E-15
1.9664  1.769155E-15
1.96694  1.776504E-15
1.96748  1.791231E-15
1.96802  1.793010E-15
1.96856  1.818576E-15
1.9691  1.803582E-15
1.96964  1.812698E-15
1.97018  1.806292E-15
1.97071  1.808666E-15
1.97125  1.797912E-15
1.97179  1.809500E-15
1.97233  1.812490E-15
1.97287  1.831222E-15
1.97341  1.817703E-15
1.97395  1.827837E-15
1.97449  1.819787E-15
1.97503  1.836390E-15
1.97557  1.837008E-15
1.9761  1.857213E-15
1.97664  1.840344E-15
1.97718  1.857461E-15
1.97772  1.847171E-15
1.97826  1.853501E-15
1.9788  1.824482E-15
1.97934  1.836553E-15
1.97988  1.818917E-15
1.98042  1.837881E-15
1.98096  1.837056E-15
1.98149  1.865273E-15
1.98203  1.848424E-15
1.98257  1.872725E-15
1.98311  1.862213E-15
1.98365  1.878876E-15
1.98419  1.868455E-15
1.98473  1.886348E-15
1.98527  1.872890E-15
1.9858  1.887685E-15
1.98634  1.878889E-15
1.98688  1.897387E-15
1.98742  1.887784E-15
1.98796  1.927714E-15
1.9885  1.919584E-15
1.98904  1.922371E-15
1.98958  1.922162E-15
1.99011  1.944040E-15
1.99065  1.939360E-15
1.99119  1.981630E-15
1.99173  1.995123E-15
1.99227  2.001885E-15
1.99281  2.003442E-15
1.99335  2.026196E-15
1.99389  1.996726E-15
1.99442  2.012973E-15
1.99496  1.978388E-15
1.9955  1.955285E-15
1.99604  1.919822E-15
1.99658  1.907727E-15
1.99712  1.850088E-15
1.99766  1.834533E-15
1.9982  1.794793E-15
1.99873  1.807499E-15
1.99927  1.755653E-15
1.99981  1.731088E-15
2.00035  1.673905E-15
2.00089  1.667916E-15
2.00143  1.606899E-15
2.00197  1.594907E-15
2.0025  1.583450E-15
2.00304  1.582082E-15
2.00358  1.556702E-15
2.00412  1.559611E-15
2.00466  1.559121E-15
2.0052  1.591985E-15
2.00574  1.613842E-15
2.00627  1.659609E-15
2.00681  1.688296E-15
2.00735  1.722924E-15
2.00789  1.733541E-15
2.00843  1.765990E-15
2.00897  1.736786E-15
2.00951  1.746778E-15
2.01004  1.697276E-15
2.01058  1.684195E-15
2.01112  1.681071E-15
2.01166  1.692747E-15
2.0122  1.689734E-15
2.01274  1.729224E-15
2.01327  1.700940E-15
2.01381  1.704414E-15
2.01435  1.706112E-15
2.01489  1.698974E-15
2.01543  1.679275E-15
2.01597  1.683909E-15
2.01651  1.671464E-15
2.01704  1.692915E-15
2.01758  1.682447E-15
2.01812  1.703636E-15
2.01866  1.700644E-15
2.0192  1.722387E-15
2.01974  1.717488E-15
2.02027  1.744497E-15
2.02081  1.739820E-15
2.02135  1.764347E-15
2.02189  1.760537E-15
2.02243  1.783541E-15
2.02297  1.784664E-15
2.0235  1.791235E-15
2.02404  1.790249E-15
2.02458  1.797041E-15
2.02512  1.802341E-15
2.02566  1.824789E-15
2.0262  1.815814E-15
2.02673  1.816655E-15
2.02727  1.808689E-15
2.02781  1.833982E-15
2.02835  1.820216E-15
2.02889  1.822398E-15
2.02942  1.815229E-15
2.02996  1.834822E-15
2.0305  1.818857E-15
2.03104  1.845128E-15
2.03158  1.831786E-15
2.03212  1.845548E-15
2.03265  1.835857E-15
2.03319  1.836173E-15
2.03373  1.840706E-15
2.03427  1.840658E-15
2.03481  1.831775E-15
2.03535  1.850802E-15
2.03588  1.827677E-15
2.03642  1.841771E-15
2.03696  1.820270E-15
2.0375  1.830773E-15
2.03804  1.828810E-15
2.03857  1.843903E-15
2.03911  1.830723E-15
2.03965  1.839370E-15
2.04019  1.829902E-15
2.04073  1.838056E-15
2.04126  1.821538E-15
2.0418  1.822529E-15
2.04234  1.817036E-15
2.04288  1.817937E-15
2.04342  1.810265E-15
2.04396  1.832246E-15
2.04449  1.818351E-15
2.04503  1.833161E-15
2.04557  1.814182E-15
2.04611  1.814952E-15
2.04665  1.803488E-15
2.04718  1.815544E-15
2.04772  1.795870E-15
2.04826  1.789378E-15
2.0488  1.794949E-15
2.04934  1.789204E-15
2.04987  1.768007E-15
2.05041  1.764632E-15
2.05095  1.754933E-15
2.05149  1.762783E-15
2.05203  1.751138E-15
2.05256  1.742619E-15
2.0531  1.749431E-15
2.05364  1.749899E-15
2.05418  1.750245E-15
2.05472  1.762533E-15
2.05525  1.741378E-15
2.05579  1.768572E-15
2.05633  1.760346E-15
2.05687  1.761782E-15
2.0574  1.759638E-15
2.05794  1.793124E-15
2.05848  1.785030E-15
2.05902  1.813948E-15
2.05956  1.810492E-15
2.06009  1.822417E-15
2.06063  1.798508E-15
2.06117  1.793762E-15
2.06171  1.773232E-15
2.06225  1.781717E-15
2.06278  1.769125E-15
2.06332  1.776945E-15
2.06386  1.761720E-15
2.0644  1.780210E-15
2.06494  1.768273E-15
2.06547  1.779481E-15
2.06601  1.774725E-15
2.06655  1.793426E-15
2.06709  1.789658E-15
2.06762  1.786758E-15
2.06816  1.777483E-15
2.0687  1.803122E-15
2.06924  1.781958E-15
2.06978  1.798370E-15
2.07031  1.798353E-15
2.07085  1.807645E-15
2.07139  1.792613E-15
2.07193  1.806795E-15
2.07246  1.803582E-15
2.073  1.802850E-15
2.07354  1.794352E-15
2.07408  1.803896E-15
2.07462  1.801701E-15
2.07515  1.818253E-15
2.07569  1.816401E-15
2.07623  1.821800E-15
2.07677  1.816631E-15
2.0773  1.832900E-15
2.07784  1.827852E-15
2.07838  1.849284E-15
2.07892  1.838447E-15
2.07945  1.853012E-15
2.07999  1.841077E-15
2.08053  1.842673E-15
2.08107  1.835124E-15
2.08161  1.844375E-15
2.08214  1.845296E-15
2.08268  1.843455E-15
2.08322  1.824027E-15
2.08376  1.836514E-15
2.08429  1.833897E-15
2.08483  1.852645E-15
2.08537  1.844784E-15
2.08591  1.856696E-15
2.08644  1.836432E-15
2.08698  1.855736E-15
2.08752  1.843014E-15
2.08806  1.856701E-15
2.08859  1.841610E-15
2.08913  1.860247E-15
2.08967  1.843442E-15
2.09021  1.868513E-15
2.09075  1.852837E-15
2.09128  1.861170E-15
2.09182  1.857322E-15
2.09236  1.871392E-15
2.0929  1.852106E-15
2.09343  1.870320E-15
2.09397  1.854040E-15
2.09451  1.873524E-15
2.09505  1.860571E-15
2.09558  1.871666E-15
2.09612  1.864027E-15
2.09666  1.869132E-15
2.0972  1.858035E-15
2.09773  1.877478E-15
2.09827  1.854130E-15
2.09881  1.865719E-15
2.09935  1.863202E-15
2.09988  1.863972E-15
2.10042  1.863996E-15
2.10096  1.877480E-15
2.1015  1.855070E-15
2.10203  1.875623E-15
2.10257  1.863739E-15
2.10311  1.873170E-15
2.10365  1.862164E-15
2.10418  1.868449E-15
2.10472  1.863431E-15
2.10526  1.882309E-15
2.1058  1.864629E-15
2.10633  1.886007E-15
2.10687  1.864858E-15
2.10741  1.876769E-15
2.10795  1.874091E-15
2.10848  1.887675E-15
2.10902  1.869491E-15
2.10956  1.883993E-15
2.1101  1.867835E-15
2.11063  1.885311E-15
2.11117  1.881978E-15
2.11171  1.882102E-15
2.11224  1.879656E-15
2.11278  1.893946E-15
2.11332  1.885118E-15
2.11386  1.886412E-15
2.11439  1.885529E-15
2.11493  1.886803E-15
2.11547  1.885103E-15
2.11601  1.886649E-15
2.11654  1.852668E-15
2.11708  1.866464E-15
2.11762  1.872043E-15
2.11816  1.874869E-15
2.11869  1.856152E-15
2.11923  1.878305E-15
2.11977  1.866876E-15
2.1203  1.875359E-15
2.12084  1.862388E-15
2.12138  1.862967E-15
2.12192  1.872840E-15
2.12245  1.870354E-15
2.12299  1.859682E-15
2.12353  1.865553E-15
2.12407  1.855788E-15
2.1246  1.875219E-15
2.12514  1.867793E-15
2.12568  1.872515E-15
2.12621  1.861037E-15
2.12675  1.869156E-15
2.12729  1.856649E-15
2.12783  1.862329E-15
2.12836  1.868774E-15
2.1289  1.872175E-15
2.12944  1.863369E-15
2.12998  1.883514E-15
2.13051  1.855111E-15
2.13105  1.872665E-15
2.13159  1.854474E-15
2.13212  1.870879E-15
2.13266  1.847758E-15
2.1332  1.861683E-15
2.13374  1.847635E-15
2.13427  1.866893E-15
2.13481  1.852331E-15
2.13535  1.856175E-15
2.13589  1.851321E-15
2.13642  1.868330E-15
2.13696  1.854504E-15
2.1375  1.874941E-15
2.13803  1.855067E-15
2.13857  1.877872E-15
2.13911  1.853321E-15
2.13965  1.877225E-15
2.14018  1.873842E-15
2.14072  1.880065E-15
2.14126  1.867782E-15
2.14179  1.875941E-15
2.14233  1.864645E-15
2.14287  1.881392E-15
2.14341  1.862970E-15
2.14394  1.874173E-15
2.14448  1.865821E-15
2.14502  1.867589E-15
2.14555  1.863238E-15
2.14609  1.875631E-15
2.14663  1.857219E-15
2.14717  1.862495E-15
2.1477  1.862479E-15
2.14824  1.868632E-15
2.14878  1.856601E-15
2.14931  1.858863E-15
2.14985  1.861357E-15
2.15039  1.857560E-15
2.15092  1.863179E-15
2.15146  1.855291E-15
2.152  1.858269E-15
2.15254  1.866598E-15
2.15307  1.852118E-15
2.15361  1.869076E-15
2.15415  1.852933E-15
2.15468  1.871211E-15
2.15522  1.863666E-15
2.15576  1.872852E-15
2.1563  1.855097E-15
2.15683  1.878455E-15
2.15737  1.861747E-15
2.15791  1.868686E-15
2.15844  1.862038E-15
2.15898  1.876536E-15
2.15952  1.867852E-15
2.16005  1.877502E-15
2.16059  1.852460E-15
2.16113  1.861263E-15
2.16167  1.863172E-15
2.1622  1.872509E-15
2.16274  1.855752E-15
2.16328  1.875017E-15
2.16381  1.850611E-15
2.16435  1.883230E-15
2.16489  1.878829E-15
2.16542  1.889719E-15
2.16596  1.885540E-15
2.1665  1.886613E-15
2.16704  1.883230E-15
2.16757  1.892225E-15
2.16811  1.877736E-15
2.16865  1.889028E-15
2.16918  1.881866E-15
2.16972  1.877839E-15
2.17026  1.874760E-15
2.17079  1.884580E-15
2.17133  1.858845E-15
2.17187  1.872989E-15
2.17241  1.869576E-15
2.17294  1.875567E-15
2.17348  1.863064E-15
2.17402  1.882943E-15
2.17455  1.875530E-15
2.17509  1.883526E-15
2.17563  1.870297E-15
2.17616  1.880884E-15
2.1767  1.869863E-15
2.17724  1.889297E-15
2.17777  1.858473E-15
2.17831  1.868404E-15
2.17885  1.849029E-15
2.17938  1.865319E-15
2.17992  1.858874E-15
2.18046  1.863927E-15
2.181  1.856837E-15
2.18153  1.865851E-15
2.18207  1.853459E-15
2.18261  1.863793E-15
2.18314  1.855292E-15
2.18368  1.862502E-15
2.18422  1.847702E-15
2.18475  1.874745E-15
2.18529  1.868582E-15
2.18583  1.887229E-15
2.18636  1.874305E-15
2.1869  1.879358E-15
2.18744  1.859580E-15
2.18797  1.868352E-15
2.18851  1.858722E-15
2.18905  1.874770E-15
2.18959  1.866329E-15
2.19012  1.872733E-15
2.19066  1.866368E-15
2.1912  1.874898E-15
2.19173  1.870519E-15
2.19227  1.876550E-15
2.19281  1.866779E-15
2.19334  1.887744E-15
2.19388  1.858464E-15
2.19442  1.889657E-15
2.19495  1.857073E-15
2.19549  1.877987E-15
2.19603  1.876026E-15
2.19656  1.880847E-15
2.1971  1.863520E-15
2.19764  1.872946E-15
2.19817  1.849774E-15
2.19871  1.859674E-15
2.19925  1.838930E-15
2.19978  1.851682E-15
2.20032  1.832702E-15
2.20086  1.854915E-15
2.20139  1.855383E-15
2.20193  1.866845E-15
2.20247  1.856108E-15
2.20301  1.874572E-15
2.20354  1.862787E-15
2.20408  1.866762E-15
2.20462  1.859703E-15
2.20515  1.868000E-15
2.20569  1.855470E-15
2.20623  1.893553E-15
2.20676  1.882584E-15
2.2073  1.890700E-15
2.20784  1.884780E-15
2.20837  1.899818E-15
2.20891  1.878088E-15
2.20945  1.901358E-15
2.20998  1.891942E-15
2.21052  1.909045E-15
2.21106  1.900213E-15
2.21159  1.907946E-15
2.21213  1.907204E-15
2.21267  1.928953E-15
2.2132  1.926912E-15
2.21374  1.932518E-15
2.21428  1.931424E-15
2.21481  1.942452E-15
2.21535  1.936380E-15
2.21589  1.962501E-15
2.21642  1.955372E-15
2.21696  1.988686E-15
2.2175  1.988378E-15
2.21803  2.021894E-15
2.21857  2.020276E-15
2.21911  2.054517E-15
2.21964  2.053130E-15
2.22018  2.060429E-15
2.22072  2.071123E-15
2.22125  2.063017E-15
2.22179  2.044270E-15
2.22233  2.053402E-15
2.22286  2.022838E-15
2.2234  2.025613E-15
2.22394  1.988369E-15
2.22447  1.965855E-15
2.22501  1.950565E-15
2.22555  1.948615E-15
2.22608  1.918535E-15
2.22662  1.924131E-15
2.22716  1.912257E-15
2.22769  1.909108E-15
2.22823  1.897466E-15
2.22877  1.911454E-15
2.2293  1.885536E-15
2.22984  1.893319E-15
2.23038  1.886956E-15
2.23091  1.884966E-15
2.23145  1.886723E-15
2.23199  1.885811E-15
2.23252  1.868034E-15
2.23306  1.882737E-15
2.2336  1.871226E-15
2.23413  1.882344E-15
2.23467  1.867196E-15
2.23521  1.896216E-15
2.23574  1.867699E-15
2.23628  1.872962E-15
2.23682  1.868978E-15
2.23735  1.882815E-15
2.23789  1.846622E-15
2.23843  1.868418E-15
2.23896  1.865178E-15
2.2395  1.863259E-15
2.24004  1.858398E-15
2.24057  1.858060E-15
2.24111  1.860855E-15
2.24165  1.870542E-15
2.24218  1.849309E-15
2.24272  1.864668E-15
2.24326  1.851989E-15
2.24379  1.872747E-15
2.24433  1.847425E-15
2.24487  1.864858E-15
2.2454  1.845248E-15
2.24594  1.849817E-15
2.24648  1.840271E-15
2.24701  1.853886E-15
2.24755  1.845358E-15
2.24809  1.858328E-15
2.24862  1.852521E-15
2.24916  1.858610E-15
2.2497  1.843927E-15
2.25023  1.858408E-15
2.25077  1.828665E-15
2.2513  1.854338E-15
2.25184  1.841861E-15
2.25238  1.845603E-15
2.25291  1.832543E-15
2.25345  1.841916E-15
2.25399  1.848479E-15
2.25452  1.848816E-15
2.25506  1.837871E-15
2.2556  1.853601E-15
2.25613  1.836421E-15
2.25667  1.845189E-15
2.25721  1.838646E-15
2.25774  1.857560E-15
2.25828  1.841799E-15
2.25882  1.849641E-15
2.25935  1.841860E-15
2.25989  1.838631E-15
2.26043  1.837779E-15
2.26096  1.841351E-15
2.2615  1.828250E-15
2.26204  1.839295E-15
2.26257  1.831967E-15
2.26311  1.846366E-15
2.26365  1.835603E-15
2.26418  1.850386E-15
2.26472  1.830979E-15
2.26526  1.853951E-15
2.26579  1.860111E-15
2.26633  1.846547E-15
2.26686  1.833316E-15
2.2674  1.823661E-15
2.26794  1.825953E-15
2.26847  1.819390E-15
2.26901  1.832188E-15
2.26955  1.844885E-15
2.27008  1.848687E-15
2.27062  1.846355E-15
2.27116  1.848476E-15
2.27169  1.839173E-15
2.27223  1.833346E-15
2.27277  1.844431E-15
2.2733  1.848536E-15
2.27384  1.834832E-15
2.27438  1.828944E-15
2.27491  1.830974E-15
2.27545  1.815488E-15
2.27599  1.825928E-15
2.27652  1.836549E-15
2.27706  1.854030E-15
2.2776  1.844939E-15
2.27813  1.861161E-15
2.27867  1.838805E-15
2.2792  1.848198E-15
2.27974  1.832853E-15
2.28028  1.840341E-15
2.28081  1.839390E-15
2.28135  1.831891E-15
2.28189  1.836831E-15
2.28242  1.829393E-15
2.28296  1.822398E-15
2.2835  1.842054E-15
2.28403  1.829560E-15
2.28457  1.830793E-15
2.28511  1.834364E-15
2.28564  1.843665E-15
2.28618  1.847981E-15
2.28672  1.856830E-15
2.28725  1.838051E-15
2.28779  1.840634E-15
2.28833  1.829308E-15
2.28886  1.831147E-15
2.2894  1.804240E-15
2.28993  1.829999E-15
2.29047  1.816810E-15
2.29101  1.837371E-15
2.29154  1.828342E-15
2.29208  1.849891E-15
2.29262  1.825593E-15
2.29315  1.837442E-15
2.29369  1.815239E-15
2.29423  1.814570E-15
2.29476  1.818543E-15
2.2953  1.820240E-15
2.29584  1.825946E-15
2.29637  1.814530E-15
2.29691  1.839613E-15
2.29745  1.833465E-15
2.29798  1.809712E-15
2.29852  1.799968E-15
2.29905  1.803760E-15
2.29959  1.824552E-15
2.30013  1.813509E-15
2.30066  1.824824E-15
2.3012  1.820328E-15
2.30174  1.833627E-15
2.30227  1.813772E-15
2.30281  1.817111E-15
2.30335  1.813107E-15
2.30388  1.817111E-15
2.30442  1.822051E-15
2.30496  1.836458E-15
2.30549  1.830280E-15
2.30603  1.838573E-15
2.30657  1.830109E-15
2.3071  1.838020E-15
2.30764  1.824218E-15
2.30818  1.848776E-15
2.30871  1.837945E-15
2.30925  1.856661E-15
2.30978  1.852769E-15
2.31032  1.860660E-15
2.31086  1.854330E-15
2.31139  1.856914E-15
2.31193  1.841370E-15
2.31247  1.851657E-15
2.313  1.851290E-15
2.31354  1.858526E-15
2.31408  1.853798E-15
2.31461  1.844417E-15
2.31515  1.811351E-15
2.31569  1.801799E-15
2.31622  1.765440E-15
2.31676  1.767540E-15
2.3173  1.750647E-15
2.31783  1.792868E-15
2.31837  1.807606E-15
2.3189  1.816957E-15
2.31944  1.822954E-15
2.31998  1.842576E-15
2.32051  1.821766E-15
2.32105  1.835085E-15
2.32159  1.819149E-15
2.32212  1.839425E-15
2.32266  1.814527E-15
2.3232  1.836636E-15
2.32373  1.844184E-15
2.32427  1.835197E-15
2.32481  1.837438E-15
2.32534  1.839366E-15
2.32588  1.835575E-15
2.32642  1.848138E-15
2.32695  1.838164E-15
2.32749  1.849981E-15
2.32802  1.823100E-15
2.32856  1.836961E-15
2.3291  1.831821E-15
2.32963  1.845431E-15
2.33017  1.842244E-15
2.33071  1.825463E-15
2.33124  1.817896E-15
2.33178  1.836903E-15
2.33232  1.834068E-15
2.33285  1.844556E-15
2.33339  1.831471E-15
2.33393  1.839492E-15
2.33446  1.821533E-15
2.335  1.839482E-15
2.33554  1.834151E-15
2.33607  1.832565E-15
2.33661  1.831695E-15
2.33714  1.832173E-15
2.33768  1.823529E-15
2.33822  1.819235E-15
2.33875  1.807278E-15
2.33929  1.815621E-15
2.33983  1.807852E-15
2.34036  1.808724E-15
2.3409  1.807219E-15
2.34144  1.822862E-15
2.34197  1.816635E-15
2.34251  1.825128E-15
2.34305  1.815346E-15
2.34358  1.828633E-15
2.34412  1.814693E-15
2.34466  1.809009E-15
2.34519  1.807293E-15
2.34573  1.814327E-15
2.34626  1.803911E-15
2.3468  1.804984E-15
2.34734  1.805281E-15
2.34787  1.806314E-15
2.34841  1.803741E-15
2.34895  1.815467E-15
2.34948  1.793039E-15
2.35002  1.799891E-15
2.35056  1.798497E-15
2.35109  1.816275E-15
2.35163  1.802828E-15
2.35217  1.817212E-15
2.3527  1.790052E-15
2.35324  1.804234E-15
2.35378  1.782733E-15
2.35431  1.803228E-15
2.35485  1.784305E-15
2.35538  1.776709E-15
2.35592  1.786803E-15
2.35646  1.782519E-15
2.35699  1.807666E-15
2.35753  1.798630E-15
2.35807  1.801112E-15
2.3586  1.805216E-15
2.35914  1.814907E-15
2.35968  1.850907E-15
2.36021  1.824624E-15
2.36075  1.827318E-15
2.36129  1.814084E-15
2.36182  1.814935E-15
2.36236  1.828422E-15
2.3629  1.818561E-15
2.36343  1.820389E-15
2.36397  1.819307E-15
2.36451  1.824407E-15
2.36504  1.831470E-15
2.36558  1.822132E-15
2.36611  1.821403E-15
2.36665  1.818056E-15
2.36719  1.810329E-15
2.36772  1.797719E-15
2.36826  1.808488E-15
2.3688  1.790723E-15
2.36933  1.753075E-15
2.36987  1.737949E-15
2.37041  1.708355E-15
2.37094  1.716143E-15
2.37148  1.752353E-15
2.37202  1.783549E-15
2.37255  1.799341E-15
2.37309  1.804330E-15
2.37363  1.822911E-15
2.37416  1.826530E-15
2.3747  1.817445E-15
2.37524  1.801131E-15
2.37577  1.813489E-15
2.37631  1.800880E-15
2.37685  1.800926E-15
2.37738  1.814614E-15
2.37792  1.824043E-15
2.37845  1.811252E-15
2.37899  1.830074E-15
2.37953  1.823244E-15
2.38006  1.834747E-15
2.3806  1.837440E-15
2.38114  1.860249E-15
2.38167  1.830978E-15
2.38221  1.813326E-15
2.38275  1.784599E-15
2.38328  1.772846E-15
2.38382  1.779245E-15
2.38436  1.782573E-15
2.38489  1.805773E-15
2.38543  1.802940E-15
2.38597  1.783184E-15
2.3865  1.791152E-15
2.38704  1.796272E-15
2.38758  1.813603E-15
2.38811  1.796103E-15
2.38865  1.817229E-15
2.38919  1.811497E-15
2.38972  1.792999E-15
2.39026  1.793327E-15
2.3908  1.799544E-15
2.39133  1.785728E-15
2.39187  1.809482E-15
2.39241  1.825796E-15
2.39294  1.822751E-15
2.39348  1.813646E-15
2.39401  1.818675E-15
2.39455  1.800178E-15
2.39509  1.806224E-15
2.39562  1.799455E-15
2.39616  1.798081E-15
2.3967  1.808083E-15
2.39723  1.810727E-15
2.39777  1.838838E-15
2.39831  1.832814E-15
2.39884  1.812505E-15
2.39938  1.812038E-15
2.39992  1.812436E-15
2.40045  1.824481E-15
2.40099  1.820330E-15
2.40153  1.830362E-15
2.40206  1.818066E-15
2.4026  1.818576E-15
2.40314  1.808968E-15
2.40367  1.809225E-15
2.40421  1.801087E-15
2.40475  1.806428E-15
2.40528  1.808769E-15
2.40582  1.790837E-15
2.40636  1.786232E-15
2.40689  1.793909E-15
2.40743  1.803608E-15
2.40797  1.822528E-15
2.4085  1.811794E-15
2.40904  1.805347E-15
2.40958  1.795770E-15
2.41011  1.806043E-15
2.41065  1.810307E-15
2.41119  1.815648E-15
2.41172  1.822951E-15
2.41226  1.808281E-15
2.4128  1.795060E-15
2.41333  1.799887E-15
2.41387  1.774275E-15
2.41441  1.772600E-15
2.41494  1.765127E-15
2.41548  1.760714E-15
2.41602  1.746034E-15
2.41655  1.777808E-15
2.41709  1.796395E-15
2.41763  1.770371E-15
2.41816  1.760150E-15
2.4187  1.753623E-15
2.41924  1.780927E-15
2.41977  1.810305E-15
2.42031  1.821604E-15
2.42085  1.826160E-15
2.42138  1.810624E-15
2.42192  1.803786E-15
2.42246  1.801688E-15
2.42299  1.804875E-15
2.42353  1.805384E-15
2.42407  1.818837E-15
2.4246  1.787096E-15
2.42514  1.817339E-15
