0.810835  8.524988E-15
0.811037  8.423253E-15
0.811239  8.527715E-15
0.811441  8.485781E-15
0.811642  8.430298E-15
0.811844  8.340851E-15
0.812046  8.312235E-15
0.812248  8.325365E-15
0.81245  8.316099E-15
0.812651  8.422522E-15
0.812853  8.296725E-15
0.813055  8.364322E-15
0.813257  8.406257E-15
0.813459  8.435144E-15
0.81366  8.401295E-15
0.813862  8.379129E-15
0.814064  8.384423E-15
0.814088  8.231176E-15
0.814322  8.309627E-15
0.814556  8.344045E-15
0.814789  8.384626E-15
0.815023  8.323349E-15
0.815256  8.343939E-15
0.81549  8.304784E-15
0.815724  8.320741E-15
0.815957  8.296366E-15
0.816191  8.232869E-15
0.816424  8.297105E-15
0.816658  8.230327E-15
0.816891  8.081821E-15
0.817125  8.191211E-15
0.817358  8.160326E-15
0.817592  8.276538E-15
0.817825  8.100221E-15
0.818059  8.190105E-15
0.818292  8.067495E-15
0.818526  8.159034E-15
0.818759  8.219088E-15
0.818993  8.004890E-15
0.819226  8.087815E-15
0.81946  7.932023E-15
0.819693  8.024411E-15
0.819926  7.970891E-15
0.82016  7.958563E-15
0.820393  7.934450E-15
0.820627  8.006515E-15
0.82086  7.934886E-15
0.821093  7.788984E-15
0.821327  7.875191E-15
0.82156  7.909901E-15
0.821793  7.877383E-15
0.822027  7.784569E-15
0.82226  7.865840E-15
0.822493  7.888783E-15
0.822727  7.945966E-15
0.82296  7.803072E-15
0.823193  7.788723E-15
0.823426  7.697885E-15
0.82366  7.685434E-15
0.823893  7.776051E-15
0.824126  7.843932E-15
0.824359  7.791420E-15
0.824593  7.973315E-15
0.824826  7.906229E-15
0.825059  7.678980E-15
0.825292  7.848104E-15
0.825525  7.788318E-15
0.825759  7.975422E-15
0.825992  7.702422E-15
0.826225  7.838279E-15
0.826458  7.877196E-15
0.826691  7.738774E-15
0.826924  7.790191E-15
0.827157  7.743956E-15
0.827391  7.677810E-15
0.827624  7.729849E-15
0.827857  7.676330E-15
0.82809  7.555303E-15
0.828323  7.720768E-15
0.828556  7.602153E-15
0.828789  7.626852E-15
0.829022  7.579537E-15
0.829255  7.602809E-15
0.829488  7.603910E-15
0.829721  7.626702E-15
0.829954  7.728507E-15
0.830187  7.741695E-15
0.83042  7.680526E-15
0.830653  7.703648E-15
0.830886  7.633361E-15
0.831119  7.669373E-15
0.831352  7.714203E-15
0.831585  7.756053E-15
0.831818  7.635309E-15
0.832051  7.653298E-15
0.832284  7.719788E-15
0.832517  7.706094E-15
0.83275  7.751990E-15
0.832983  7.665021E-15
0.833216  7.637985E-15
0.833449  7.641866E-15
0.833681  7.645457E-15
0.833914  7.746028E-15
0.834147  7.696614E-15
0.83438  7.695332E-15
0.834613  7.518636E-15
0.834846  7.778001E-15
0.835079  7.725822E-15
0.835311  7.674199E-15
0.835544  7.680702E-15
0.835777  7.678432E-15
0.83601  7.760346E-15
0.836243  7.704387E-15
0.836475  7.772185E-15
0.836708  7.677059E-15
0.836941  7.763940E-15
0.837174  7.764250E-15
0.837406  7.629277E-15
0.837639  7.589426E-15
0.837872  7.580543E-15
0.838105  7.791134E-15
0.838337  7.689582E-15
0.83857  7.705356E-15
0.838803  7.658422E-15
0.839035  7.689429E-15
0.839268  7.746913E-15
0.839501  7.827136E-15
0.839733  7.583673E-15
0.839966  7.617072E-15
0.840199  7.594251E-15
0.840431  7.703029E-15
0.840664  7.691628E-15
0.840897  7.819788E-15
0.841129  7.845513E-15
0.841362  7.659672E-15
0.841595  7.708345E-15
0.841827  7.765567E-15
0.84206  7.648575E-15
0.842292  7.611126E-15
0.842525  7.622615E-15
0.842758  7.646800E-15
0.84299  7.645308E-15
0.843223  7.702920E-15
0.843455  7.752543E-15
0.843688  7.677097E-15
0.84392  7.781493E-15
0.844153  7.634095E-15
0.844385  7.654619E-15
0.844618  7.689950E-15
0.84485  7.626702E-15
0.845083  7.682247E-15
0.845315  7.557037E-15
0.845548  7.619340E-15
0.84578  7.582104E-15
0.846013  7.777285E-15
0.846245  7.577577E-15
0.846478  7.587723E-15
0.84671  7.609534E-15
0.846942  7.613671E-15
0.847175  7.596016E-15
0.847407  7.555864E-15
0.84764  7.638389E-15
0.847872  7.634593E-15
0.848104  7.619092E-15
0.848337  7.535958E-15
0.848569  7.644092E-15
0.848802  7.627062E-15
0.849034  7.711250E-15
0.849266  7.695885E-15
0.849499  7.805439E-15
0.849731  7.782070E-15
0.849963  7.789426E-15
0.850196  7.754812E-15
0.850428  7.739231E-15
0.85066  7.707571E-15
0.850893  7.708828E-15
0.851125  7.669407E-15
0.851357  7.605025E-15
0.851589  7.707996E-15
0.851822  7.682701E-15
0.852054  7.697313E-15
0.852286  7.714669E-15
0.852518  7.687723E-15
0.852751  7.735151E-15
0.852983  7.727253E-15
0.853215  7.728314E-15
0.853447  7.667478E-15
0.85368  7.707327E-15
0.853912  7.559017E-15
0.854144  7.720069E-15
0.854376  7.661773E-15
0.854608  7.531770E-15
0.854841  7.486673E-15
0.855073  7.532769E-15
0.855305  7.544213E-15
0.855537  7.504461E-15
0.855769  7.550356E-15
0.856001  7.350187E-15
0.856234  7.480663E-15
0.856466  7.402085E-15
0.856698  7.446358E-15
0.85693  7.407309E-15
0.857162  7.281060E-15
0.857394  7.513426E-15
0.857626  7.493803E-15
0.857858  7.531111E-15
0.858091  7.589907E-15
0.858323  7.610656E-15
0.858555  7.648003E-15
0.858787  7.715238E-15
0.859019  7.585785E-15
0.859251  7.555374E-15
0.859483  7.464478E-15
0.859715  7.503269E-15
0.859947  7.485219E-15
0.860179  7.533405E-15
0.860411  7.690971E-15
0.860643  7.526032E-15
0.860875  7.501951E-15
0.861107  7.562461E-15
0.861339  7.494249E-15
0.861571  7.576281E-15
0.861803  7.510877E-15
0.862035  7.435340E-15
0.862267  7.399117E-15
0.862499  7.371897E-15
0.862731  7.406196E-15
0.862963  7.442362E-15
0.863195  7.386469E-15
0.863427  7.288726E-15
0.863659  7.427123E-15
0.863891  7.533416E-15
0.864122  7.313291E-15
0.864354  7.553874E-15
0.864586  7.470495E-15
0.864818  7.467021E-15
0.86505  7.662745E-15
0.865282  7.551300E-15
0.865514  7.587791E-15
0.865746  7.613807E-15
0.865978  7.604105E-15
0.866209  7.661073E-15
0.866441  7.589207E-15
0.866673  7.572324E-15
0.866905  7.576303E-15
0.867137  7.536691E-15
0.867369  7.733364E-15
0.8676  7.766256E-15
0.867832  7.840162E-15
0.868064  7.880346E-15
0.868296  7.906178E-15
0.868528  7.988545E-15
0.868759  7.972241E-15
0.868991  8.128960E-15
0.869223  8.043801E-15
0.869455  8.057671E-15
0.869687  8.123895E-15
0.869918  8.206729E-15
0.87015  8.210232E-15
0.870382  8.259432E-15
0.870614  8.362721E-15
0.870845  8.340656E-15
0.871077  8.503642E-15
0.871309  8.586979E-15
0.87154  8.602387E-15
0.871772  8.778599E-15
0.872004  8.859687E-15
0.872236  9.021373E-15
0.872467  9.112934E-15
0.872699  9.236993E-15
0.872931  9.288003E-15
0.873162  9.432400E-15
0.873394  9.489911E-15
0.873626  9.646693E-15
0.873857  9.505163E-15
0.874089  9.519236E-15
0.874321  9.374923E-15
0.874552  9.258011E-15
0.874784  9.242630E-15
0.875016  9.202698E-15
0.875247  9.016020E-15
0.875479  9.026502E-15
0.87571  9.060210E-15
0.875942  9.032077E-15
0.876174  8.917228E-15
0.876405  8.786321E-15
0.876637  8.618713E-15
0.876868  8.572525E-15
0.8771  8.477565E-15
0.877332  8.266051E-15
0.877563  8.138371E-15
0.877795  8.062505E-15
0.878026  7.996402E-15
0.878258  7.902291E-15
0.878489  7.735801E-15
0.878721  7.738924E-15
0.878953  7.639461E-15
0.879184  7.517917E-15
0.879416  7.413651E-15
0.879647  7.473239E-15
0.879879  7.324630E-15
0.88011  7.373124E-15
0.880342  7.330509E-15
0.880573  7.395061E-15
0.880805  7.260970E-15
0.881036  7.220413E-15
0.881268  7.104141E-15
0.881499  7.136316E-15
0.881731  7.179168E-15
0.881962  7.153098E-15
0.882194  7.045213E-15
0.882425  7.086220E-15
0.882656  6.887725E-15
0.882888  7.018436E-15
0.883119  6.908353E-15
0.883351  6.913597E-15
0.883582  6.876942E-15
0.883814  6.758907E-15
0.884045  6.846052E-15
0.884276  6.794308E-15
0.884508  6.883027E-15
0.884739  6.830674E-15
0.884971  6.877058E-15
0.885202  6.906921E-15
0.885433  6.733998E-15
0.885665  6.624637E-15
0.885896  6.716096E-15
0.886128  6.734653E-15
0.886359  6.633329E-15
0.88659  6.772314E-15
0.886822  6.740097E-15
0.887053  6.734599E-15
0.887284  6.787799E-15
0.887516  6.670317E-15
0.887747  6.756045E-15
0.887978  6.698010E-15
0.88821  6.668047E-15
0.888441  6.686728E-15
0.888673  6.666123E-15
0.888904  6.668847E-15
0.889135  6.596352E-15
0.889366  6.638855E-15
0.889598  6.731932E-15
0.889829  6.668817E-15
0.89006  6.596328E-15
0.890292  6.626684E-15
0.890523  6.633937E-15
0.890754  6.601943E-15
0.890986  6.702232E-15
0.891217  6.638981E-15
0.891448  6.611806E-15
0.891679  6.620623E-15
0.891911  6.640204E-15
0.892142  6.523646E-15
0.892373  6.564879E-15
0.892604  6.610008E-15
0.892836  6.509047E-15
0.893067  6.585718E-15
0.893298  6.527845E-15
0.893529  6.531754E-15
0.893761  6.526682E-15
0.893992  6.333001E-15
0.894223  6.467274E-15
0.894454  6.400831E-15
0.894685  6.464881E-15
0.894917  6.459707E-15
0.895148  6.457445E-15
0.895379  6.424886E-15
0.89561  6.490994E-15
0.895841  6.486019E-15
0.896073  6.385322E-15
0.896304  6.430506E-15
0.896535  6.413260E-15
0.896766  6.510672E-15
0.896997  6.449130E-15
0.897228  6.467903E-15
0.89746  6.381581E-15
0.897691  6.516260E-15
0.897922  6.421708E-15
0.898153  6.461089E-15
0.898384  6.476372E-15
0.898615  6.396448E-15
0.898847  6.426974E-15
0.899078  6.535878E-15
0.899309  6.466062E-15
0.89954  6.289978E-15
0.899771  6.323477E-15
0.900002  6.353776E-15
0.900233  6.418202E-15
0.900464  6.238195E-15
0.900695  6.236366E-15
0.900927  6.181130E-15
0.901158  6.185805E-15
0.901389  6.191048E-15
0.90162  6.191218E-15
0.901851  6.279424E-15
0.902082  6.212815E-15
0.902313  6.244241E-15
0.902544  6.350829E-15
0.902775  6.268704E-15
0.903006  6.301568E-15
0.903237  6.300082E-15
0.903468  6.360751E-15
0.903699  6.368219E-15
0.90393  6.266339E-15
0.904162  6.317183E-15
0.904393  6.318637E-15
0.904624  6.440719E-15
0.904855  6.364205E-15
0.905086  6.401568E-15
0.905317  6.394927E-15
0.905548  6.379189E-15
0.905779  6.555097E-15
0.90601  6.491568E-15
0.906241  6.567774E-15
0.906472  6.387834E-15
0.906703  6.451578E-15
0.906934  6.312747E-15
0.907165  6.263737E-15
0.907396  6.330689E-15
0.907627  6.325698E-15
0.907858  6.261248E-15
0.908089  6.209665E-15
0.90832  6.170182E-15
0.908551  6.293317E-15
0.908782  6.192434E-15
0.909013  6.287893E-15
0.909244  6.160494E-15
0.909475  6.048034E-15
0.909706  6.069154E-15
0.909936  5.966146E-15
0.910167  5.904855E-15
0.910398  5.950613E-15
0.910629  5.928013E-15
0.91086  5.918183E-15
0.911091  6.048840E-15
0.911322  6.026861E-15
0.911553  5.939799E-15
0.911784  5.902002E-15
0.912015  5.972910E-15
0.912246  5.851656E-15
0.912477  5.955330E-15
0.912708  6.028728E-15
0.912939  6.056403E-15
0.91317  6.099710E-15
0.913401  6.053059E-15
0.913631  5.979624E-15
0.913862  5.967085E-15
0.914093  5.944873E-15
0.914324  5.953978E-15
0.914555  5.948547E-15
0.914786  6.028681E-15
0.915017  6.044943E-15
0.915248  6.121008E-15
0.915479  6.147219E-15
0.915709  6.112998E-15
0.91594  6.119338E-15
0.916171  6.095783E-15
0.916402  6.116729E-15
0.916633  6.118331E-15
0.916864  6.192815E-15
0.917095  6.213542E-15
0.917326  6.100630E-15
0.917556  6.061521E-15
0.917787  6.206461E-15
0.918018  6.167227E-15
0.918249  6.144978E-15
0.91848  6.072091E-15
0.918711  5.992142E-15
0.918941  6.111289E-15
0.919172  5.999901E-15
0.919403  6.101876E-15
0.919634  6.023038E-15
0.919865  6.093313E-15
0.920096  5.927750E-15
0.920326  5.940566E-15
0.920557  5.952575E-15
0.920788  5.977055E-15
0.921019  5.988122E-15
0.92125  5.891206E-15
0.921481  5.963421E-15
0.921711  6.035685E-15
0.921942  5.883057E-15
0.922173  5.823209E-15
0.922404  5.789969E-15
0.922635  5.905247E-15
0.922865  5.777560E-15
0.923096  5.807706E-15
0.923327  5.851571E-15
0.923558  5.863487E-15
0.923789  5.834561E-15
0.924019  5.876585E-15
0.92425  5.895354E-15
0.924481  5.884027E-15
0.924712  5.963083E-15
0.924942  5.833043E-15
0.925173  5.818098E-15
0.925404  5.851703E-15
0.925635  5.868942E-15
0.925866  5.916440E-15
0.926096  5.922151E-15
0.926327  5.901417E-15
0.926558  5.895932E-15
0.926789  5.926762E-15
0.927019  5.727250E-15
0.92725  5.771883E-15
0.927481  5.828145E-15
0.927712  5.794451E-15
0.927942  5.835805E-15
0.928173  5.768434E-15
0.928404  5.922904E-15
0.928635  5.891361E-15
0.928865  5.832343E-15
0.929096  5.827687E-15
0.929327  5.839506E-15
0.929558  5.809176E-15
0.929788  5.896831E-15
0.930019  5.874810E-15
0.93025  5.971909E-15
0.93048  6.054050E-15
0.930711  5.967566E-15
0.930942  5.965504E-15
0.931173  6.111110E-15
0.931403  6.066134E-15
0.931634  5.979675E-15
0.931865  6.150958E-15
0.932096  6.220119E-15
0.932326  5.984917E-15
0.932557  6.150457E-15
0.932788  6.281674E-15
0.933018  6.091619E-15
0.933249  6.108694E-15
0.93348  6.212727E-15
0.933711  6.285220E-15
0.933941  6.256359E-15
0.934172  6.024106E-15
0.934403  6.251298E-15
0.934633  6.223162E-15
0.934864  6.087904E-15
0.935095  5.868674E-15
0.935325  6.001632E-15
0.935556  6.121702E-15
0.935787  6.114111E-15
0.936017  6.054052E-15
0.936248  5.924666E-15
0.936479  5.902705E-15
0.936709  6.113412E-15
0.93694  6.116897E-15
0.937171  6.236510E-15
0.937402  6.441780E-15
0.937632  6.581327E-15
0.937863  6.536331E-15
0.938094  6.946953E-15
0.938324  6.993560E-15
0.938555  6.885935E-15
0.938786  6.693414E-15
0.939016  6.531716E-15
0.939247  6.393007E-15
0.9393  6.315189E-15
0.939571  6.045875E-15
0.939842  5.955663E-15
0.940113  5.927280E-15
0.940385  5.872649E-15
0.940656  5.864741E-15
0.940927  5.866130E-15
0.941198  5.925993E-15
0.941469  5.942132E-15
0.94174  5.932808E-15
0.942011  5.881106E-15
0.942283  5.913387E-15
0.942554  5.912669E-15
0.942825  5.773507E-15
0.943096  5.939118E-15
0.943367  5.891871E-15
0.943638  5.830787E-15
0.943909  5.920737E-15
0.94418  5.969365E-15
0.944451  5.942445E-15
0.944723  5.916435E-15
0.944994  5.969191E-15
0.945265  5.955863E-15
0.945536  6.009620E-15
0.945807  5.984673E-15
0.946078  5.951127E-15
0.946349  5.954890E-15
0.94662  6.001921E-15
0.946891  5.941445E-15
0.947162  6.144645E-15
0.947433  6.082341E-15
0.947704  6.109232E-15
0.947975  6.179232E-15
0.948246  6.098025E-15
0.948517  6.204718E-15
0.948788  6.168366E-15
0.949059  6.176142E-15
0.94933  6.236658E-15
0.949601  6.346751E-15
0.949872  6.364189E-15
0.950143  6.352532E-15
0.950414  6.395698E-15
0.950685  6.387592E-15
0.950956  6.423158E-15
0.951227  6.439499E-15
0.951498  6.584998E-15
0.951769  6.537270E-15
0.95204  6.632128E-15
0.952311  6.695291E-15
0.952582  6.631440E-15
0.952852  6.714143E-15
0.953123  6.768002E-15
0.953394  6.796569E-15
0.953665  6.762531E-15
0.953936  6.737979E-15
0.954207  6.826558E-15
0.954478  6.815600E-15
0.954749  6.838241E-15
0.95502  6.783499E-15
0.95529  6.773286E-15
0.955561  6.816920E-15
0.955832  6.829351E-15
0.956103  6.707650E-15
0.956374  6.654009E-15
0.956645  6.572761E-15
0.956916  6.499731E-15
0.957186  6.467820E-15
0.957457  6.385969E-15
0.957728  6.328364E-15
0.957999  6.285610E-15
0.95827  6.244437E-15
0.958541  6.088148E-15
0.958811  6.088154E-15
0.959082  6.062392E-15
0.959353  6.066165E-15
0.959624  5.937080E-15
0.959894  5.863648E-15
0.960165  5.842627E-15
0.960436  5.822133E-15
0.960707  5.798989E-15
0.960978  5.685868E-15
0.961248  5.660054E-15
0.961519  5.676246E-15
0.96179  5.657655E-15
0.962061  5.611495E-15
0.962331  5.556391E-15
0.962602  5.602804E-15
0.962873  5.513860E-15
0.963143  5.489022E-15
0.963414  5.462697E-15
0.963685  5.421910E-15
0.963956  5.386549E-15
0.964226  5.287734E-15
0.964497  5.275434E-15
0.964768  5.269129E-15
0.965038  5.217175E-15
0.965309  5.297597E-15
0.96558  5.242621E-15
0.96585  5.250698E-15
0.966121  5.111693E-15
0.966392  5.178600E-15
0.966662  5.110447E-15
0.966933  5.073952E-15
0.967204  5.059502E-15
0.967474  5.073016E-15
0.967745  5.032398E-15
0.968015  5.011534E-15
0.968286  4.987431E-15
0.968557  4.934036E-15
0.968827  5.004599E-15
0.969098  5.025962E-15
0.969369  5.000056E-15
0.969639  5.047193E-15
0.96991  4.981868E-15
0.97018  5.017619E-15
0.970451  5.003749E-15
0.970721  5.007795E-15
0.970992  4.929605E-15
0.971263  5.000830E-15
0.971533  4.936357E-15
0.971804  4.922563E-15
0.972074  4.956712E-15
0.972345  4.941485E-15
0.972615  4.968950E-15
0.972886  5.005819E-15
0.973156  4.962317E-15
0.973427  4.955948E-15
0.973697  4.955149E-15
0.973968  5.039706E-15
0.974238  4.965674E-15
0.974509  5.002335E-15
0.974779  5.077331E-15
0.97505  4.992155E-15
0.97532  5.037877E-15
0.975591  4.987347E-15
0.975861  4.961442E-15
0.976132  4.962075E-15
0.976402  4.999423E-15
0.976673  5.064783E-15
0.976943  5.044619E-15
0.977214  5.026158E-15
0.977484  5.074751E-15
0.977755  5.046394E-15
0.978025  5.081253E-15
0.978295  5.118875E-15
0.978566  5.082239E-15
0.978836  5.074088E-15
0.979107  5.139810E-15
0.979377  5.146761E-15
0.979648  5.175977E-15
0.979918  5.163198E-15
0.980188  5.173570E-15
0.980459  5.216485E-15
0.980729  5.229517E-15
0.981  5.231816E-15
0.98127  5.233158E-15
0.98154  5.213576E-15
0.981811  5.327052E-15
0.982081  5.361448E-15
0.982351  5.345833E-15
0.982622  5.376672E-15
0.982892  5.439812E-15
0.983162  5.495963E-15
0.983433  5.551885E-15
0.983703  5.592428E-15
0.983974  5.649306E-15
0.984244  5.780944E-15
0.984514  5.944094E-15
0.984784  6.264456E-15
0.985055  6.756193E-15
0.985325  7.367639E-15
0.985595  7.910918E-15
0.985866  8.307218E-15
0.986136  8.501217E-15
0.986406  8.388572E-15
0.986677  7.985084E-15
0.986947  7.544830E-15
0.987217  7.073839E-15
0.987487  6.652682E-15
0.987758  6.370398E-15
0.988028  6.283150E-15
0.988298  6.153421E-15
0.988568  6.083643E-15
0.988839  6.027913E-15
0.989109  6.045143E-15
0.989379  5.929386E-15
0.989649  5.888506E-15
0.98992  5.882092E-15
0.99019  5.829531E-15
0.99046  5.763288E-15
0.99073  5.778523E-15
0.991001  5.698467E-15
0.991271  5.617589E-15
0.991541  5.569248E-15
0.991811  5.566641E-15
0.992081  5.493392E-15
0.992352  5.420319E-15
0.992622  5.381451E-15
0.992892  5.292641E-15
0.993162  5.258928E-15
0.993432  5.204848E-15
0.993702  5.219192E-15
0.993973  5.159005E-15
0.994243  5.137049E-15
0.994513  5.107336E-15
0.994783  5.145228E-15
0.995053  5.129340E-15
0.995323  5.058085E-15
0.995593  5.050996E-15
0.995864  5.034944E-15
0.996134  5.000208E-15
0.996404  4.959798E-15
0.996674  5.004910E-15
0.996944  4.911889E-15
0.997214  4.874470E-15
0.997484  4.867444E-15
0.997754  4.875024E-15
0.998025  4.856628E-15
0.998295  4.813969E-15
0.998565  4.788025E-15
0.998835  4.808149E-15
0.999105  4.763031E-15
0.999375  4.773238E-15
0.999645  4.729419E-15
0.999915  4.703807E-15
1.00019  4.715816E-15
1.00046  4.767102E-15
1.00073  4.747053E-15
1.001  4.622368E-15
1.00127  4.666033E-15
1.00154  4.743319E-15
1.00181  4.639089E-15
1.00208  4.669778E-15
1.00235  4.673642E-15
1.00262  4.606982E-15
1.00289  4.647215E-15
1.00316  4.614392E-15
1.00343  4.628532E-15
1.0037  4.673696E-15
1.00397  4.615658E-15
1.00424  4.618215E-15
1.00451  4.649642E-15
1.00478  4.653259E-15
1.00505  4.599394E-15
1.00532  4.603094E-15
1.00559  4.571933E-15
1.00586  4.570228E-15
1.00613  4.537287E-15
1.0064  4.544674E-15
1.00667  4.596946E-15
1.00694  4.530949E-15
1.00721  4.532756E-15
1.00748  4.562379E-15
1.00775  4.573357E-15
1.00802  4.532328E-15
1.00829  4.622162E-15
1.00855  4.570594E-15
1.00882  4.603972E-15
1.00909  4.570552E-15
1.00936  4.608201E-15
1.00963  4.575729E-15
1.0099  4.545254E-15
1.01017  4.599629E-15
1.01044  4.603586E-15
1.01071  4.577817E-15
1.01098  4.624583E-15
1.01125  4.572186E-15
1.01152  4.546541E-15
1.01179  4.587913E-15
1.01206  4.584244E-15
1.01233  4.625738E-15
1.0126  4.575331E-15
1.01287  4.624233E-15
1.01314  4.590531E-15
1.01341  4.602990E-15
1.01368  4.584254E-15
1.01395  4.557377E-15
1.01422  4.581897E-15
1.01449  4.571055E-15
1.01476  4.593455E-15
1.01503  4.543281E-15
1.0153  4.597376E-15
1.01557  4.556115E-15
1.01584  4.524868E-15
1.01611  4.567858E-15
1.01638  4.620222E-15
1.01665  4.596281E-15
1.01692  4.619759E-15
1.01719  4.601715E-15
1.01746  4.576829E-15
1.01773  4.582103E-15
1.018  4.620984E-15
1.01827  4.618622E-15
1.01854  4.671218E-15
1.01881  4.685505E-15
1.01908  4.700830E-15
1.01935  4.717163E-15
1.01962  4.746563E-15
1.01989  4.684063E-15
1.02016  4.652213E-15
1.02043  4.675564E-15
1.0207  4.665208E-15
1.02097  4.697807E-15
1.02124  4.713800E-15
1.02151  4.786881E-15
1.02178  4.741196E-15
1.02205  4.689391E-15
1.02232  4.754805E-15
1.02259  4.809210E-15
1.02286  4.791973E-15
1.02313  4.791575E-15
1.02339  4.839386E-15
1.02366  4.852959E-15
1.02393  4.864237E-15
1.0242  4.868664E-15
1.02447  4.880393E-15
1.02474  4.948083E-15
1.02501  4.964781E-15
1.02528  4.996156E-15
1.02555  4.995520E-15
1.02582  5.013143E-15
1.02609  5.031680E-15
1.02636  4.993171E-15
1.02663  5.009682E-15
1.0269  4.964602E-15
1.02717  4.978284E-15
1.02744  4.994404E-15
1.02771  5.032359E-15
1.02798  5.010032E-15
1.02825  5.019403E-15
1.02852  5.038474E-15
1.02879  5.091133E-15
1.02906  5.113103E-15
1.02933  5.105946E-15
1.0296  5.137027E-15
1.02987  5.126188E-15
1.03014  5.223786E-15
1.03041  5.208062E-15
1.03068  5.249033E-15
1.03095  5.254690E-15
1.03121  5.241148E-15
1.03148  5.347449E-15
1.03175  5.377321E-15
1.03202  5.421045E-15
1.03229  5.475872E-15
1.03256  5.522524E-15
1.03283  5.557318E-15
1.0331  5.619393E-15
1.03337  5.672962E-15
1.03364  5.662335E-15
1.03391  5.700355E-15
1.03418  5.724123E-15
1.03445  5.781945E-15
1.03472  5.819212E-15
1.03499  5.852160E-15
1.03526  5.892293E-15
1.03553  5.868628E-15
1.0358  5.996987E-15
1.03607  6.015240E-15
1.03634  6.006646E-15
1.03661  6.086884E-15
1.03688  6.159336E-15
1.03715  6.159295E-15
1.03741  6.181608E-15
1.03768  6.225200E-15
1.03795  6.283666E-15
1.03822  6.318321E-15
1.03849  6.418873E-15
1.03876  6.498718E-15
1.03903  6.548656E-15
1.0393  6.582598E-15
1.03957  6.611994E-15
1.03984  6.610201E-15
1.04011  6.584929E-15
1.04038  6.534833E-15
1.04065  6.445890E-15
1.04092  6.396023E-15
1.04119  6.347822E-15
1.04146  6.314619E-15
1.04173  6.226106E-15
1.042  6.180755E-15
1.04227  6.091547E-15
1.04254  6.074455E-15
1.0428  6.005563E-15
1.04307  5.985636E-15
1.04334  5.890657E-15
1.04361  5.889973E-15
1.04388  5.758366E-15
1.04415  5.783441E-15
1.04442  5.687697E-15
1.04469  5.583694E-15
1.04496  5.591071E-15
1.04523  5.564327E-15
1.0455  5.605167E-15
1.04577  5.569195E-15
1.04604  5.500336E-15
1.04631  5.513491E-15
1.04658  5.456011E-15
1.04685  5.500252E-15
1.04712  5.440040E-15
1.04738  5.428101E-15
1.04765  5.399543E-15
1.04792  5.351604E-15
1.04819  5.275787E-15
1.04846  5.247406E-15
1.04873  5.114520E-15
1.049  5.119066E-15
1.04927  4.968262E-15
1.04954  5.043609E-15
1.04981  5.006847E-15
1.05008  4.963244E-15
1.05035  4.943613E-15
1.05062  4.946404E-15
1.05089  4.842827E-15
1.05116  4.881725E-15
1.05143  4.877262E-15
1.05169  4.832802E-15
1.05196  4.767802E-15
1.05223  4.798593E-15
1.0525  4.752510E-15
1.05277  4.726453E-15
1.05304  4.751829E-15
1.05331  4.746309E-15
1.05358  4.712404E-15
1.05385  4.721300E-15
1.05412  4.658609E-15
1.05439  4.626616E-15
1.05466  4.662265E-15
1.05493  4.586314E-15
1.0552  4.594655E-15
1.05547  4.545509E-15
1.05573  4.515289E-15
1.056  4.472226E-15
1.05627  4.507258E-15
1.05654  4.552110E-15
1.05681  4.491862E-15
1.05708  4.526329E-15
1.05735  4.493561E-15
1.05762  4.478668E-15
1.05789  4.462809E-15
1.05816  4.494357E-15
1.05843  4.481283E-15
1.0587  4.473488E-15
1.05897  4.490849E-15
1.05924  4.394063E-15
1.0595  4.410060E-15
1.05977  4.435064E-15
1.06004  4.437665E-15
1.06031  4.442577E-15
1.06058  4.409579E-15
1.06085  4.403502E-15
1.06112  4.417319E-15
1.06139  4.389910E-15
1.06166  4.392501E-15
1.06193  4.414576E-15
1.0622  4.386397E-15
1.06247  4.410803E-15
1.06274  4.407591E-15
1.063  4.423689E-15
1.06327  4.447160E-15
1.06354  4.442675E-15
1.06381  4.449332E-15
1.06408  4.474444E-15
1.06435  4.458991E-15
1.06462  4.443292E-15
1.06489  4.455321E-15
1.06516  4.419156E-15
1.06543  4.434789E-15
1.0657  4.436651E-15
1.06597  4.385701E-15
1.06623  4.336509E-15
1.0665  4.406771E-15
1.06677  4.475029E-15
1.06704  4.474231E-15
1.06731  4.476031E-15
1.06758  4.539163E-15
1.06785  4.458839E-15
1.06812  4.587150E-15
1.06839  4.576155E-15
1.06866  4.575911E-15
1.06893  4.530058E-15
1.0692  4.550236E-15
1.06946  4.484273E-15
1.06973  4.462735E-15
1.07  4.418826E-15
1.07027  4.402414E-15
1.07054  4.416750E-15
1.07081  4.398654E-15
1.07108  4.405116E-15
1.07135  4.403170E-15
1.07162  4.350569E-15
1.07189  4.372287E-15
1.07216  4.386141E-15
1.07243  4.403670E-15
1.07269  4.434453E-15
1.07296  4.435823E-15
1.07323  4.446761E-15
1.0735  4.386053E-15
1.07377  4.355282E-15
1.07404  4.336768E-15
1.07431  4.338724E-15
1.07458  4.361662E-15
1.07485  4.368380E-15
1.07512  4.408081E-15
1.07539  4.386406E-15
1.07565  4.382511E-15
1.07592  4.357306E-15
1.07619  4.353113E-15
1.07646  4.392740E-15
1.07673  4.397416E-15
1.077  4.378174E-15
1.07727  4.392221E-15
1.07754  4.394218E-15
1.07781  4.353351E-15
1.07808  4.380567E-15
1.07835  4.384000E-15
1.07861  4.349727E-15
1.07888  4.392346E-15
1.07915  4.383607E-15
1.07942  4.397027E-15
1.07969  4.406608E-15
1.07996  4.376871E-15
1.08023  4.420360E-15
1.0805  4.446033E-15
1.08077  4.509021E-15
1.08104  4.462073E-15
1.08131  4.492076E-15
1.08157  4.504366E-15
1.08184  4.465897E-15
1.08211  4.451145E-15
1.08238  4.443248E-15
1.08265  4.441016E-15
1.08292  4.515594E-15
1.08319  4.558801E-15
1.08346  4.571930E-15
1.08373  4.505398E-15
1.084  4.600701E-15
1.08426  4.607910E-15
1.08453  4.512863E-15
1.0848  4.586338E-15
1.08507  4.600328E-15
1.08534  4.671851E-15
1.08561  4.680730E-15
1.08588  4.655809E-15
1.08615  4.661980E-15
1.08642  4.692682E-15
1.08669  4.639495E-15
1.08695  4.701186E-15
1.08722  4.683387E-15
1.08749  4.635055E-15
1.08776  4.669235E-15
1.08803  4.664508E-15
1.0883  4.593298E-15
1.08857  4.640887E-15
1.08884  4.628292E-15
1.08911  4.623187E-15
1.08938  4.590556E-15
1.08964  4.567806E-15
1.08991  4.618409E-15
1.09018  4.586005E-15
1.09045  4.562640E-15
1.09072  4.584025E-15
1.09099  4.619206E-15
1.09126  4.590496E-15
1.09153  4.597672E-15
1.0918  4.550754E-15
1.09206  4.502854E-15
1.09233  4.524146E-15
1.0926  4.483159E-15
1.09287  4.529891E-15
1.09314  4.519310E-15
1.09341  4.510647E-15
1.09368  4.510992E-15
1.09395  4.530651E-15
1.09422  4.549571E-15
1.09448  4.591347E-15
1.09475  4.546630E-15
1.09502  4.521126E-15
1.09529  4.533275E-15
1.09556  4.555047E-15
1.09583  4.547934E-15
1.0961  4.512933E-15
1.09637  4.540806E-15
1.09664  4.528484E-15
1.09691  4.530756E-15
1.09717  4.583810E-15
1.09744  4.630522E-15
1.09771  4.602415E-15
1.09798  4.614727E-15
1.09825  4.641244E-15
1.09852  4.561120E-15
1.09879  4.622311E-15
1.09906  4.678035E-15
1.09933  4.707525E-15
1.09959  4.698907E-15
1.09986  4.730477E-15
1.10013  4.770877E-15
1.1004  4.844708E-15
1.10067  4.837102E-15
1.10094  4.856814E-15
1.10121  4.908779E-15
1.10148  4.859025E-15
1.10175  4.945753E-15
1.10201  4.984252E-15
1.10228  4.993411E-15
1.10255  5.072782E-15
1.10282  5.061586E-15
1.10309  5.039376E-15
1.10336  5.126117E-15
1.10363  5.159668E-15
1.1039  5.106020E-15
1.10416  5.142208E-15
1.10443  5.226351E-15
1.1047  5.278162E-15
1.10497  5.297407E-15
1.10524  5.305916E-15
1.10551  5.295949E-15
1.10578  5.399619E-15
1.10605  5.424675E-15
1.10632  5.496618E-15
1.10658  5.546744E-15
1.10685  5.547151E-15
1.10712  5.605055E-15
1.10739  5.587129E-15
1.10766  5.668049E-15
1.10793  5.665698E-15
1.1082  5.808374E-15
1.10847  5.855539E-15
1.10873  5.880294E-15
1.109  5.926073E-15
1.10927  5.949697E-15
1.10954  6.055355E-15
1.10981  6.054948E-15
1.11008  6.129572E-15
1.11035  6.234292E-15
1.11062  6.327776E-15
1.11089  6.375792E-15
1.11115  6.487871E-15
1.11142  6.616715E-15
1.11169  6.724594E-15
1.11196  6.752452E-15
1.11223  6.887379E-15
1.1125  7.045152E-15
1.11277  7.195348E-15
1.11304  7.346647E-15
1.1133  7.501073E-15
1.11357  7.676609E-15
1.11384  7.853391E-15
1.11411  7.927373E-15
1.11438  8.048830E-15
1.11465  8.107249E-15
1.11492  8.418867E-15
1.11519  8.587711E-15
1.11545  8.951738E-15
1.11572  8.906003E-15
1.11599  8.989264E-15
1.11626  9.362038E-15
1.11653  9.799426E-15
1.1168  1.013158E-14
1.11707  1.034331E-14
1.11734  1.061860E-14
1.1176  1.078545E-14
1.11787  1.094687E-14
1.11814  1.128538E-14
1.11841  1.162306E-14
1.11868  1.195767E-14
1.11895  1.261150E-14
1.11922  1.328920E-14
1.11949  1.391246E-14
1.11975  1.426681E-14
1.12002  1.486178E-14
1.12029  1.547692E-14
1.12056  1.543865E-14
1.12083  1.503751E-14
1.1211  1.461220E-14
1.12137  1.413586E-14
1.12164  1.371446E-14
1.1219  1.301629E-14
1.12217  1.261007E-14
1.12244  1.221370E-14
1.12271  1.192748E-14
1.12298  1.122495E-14
1.12325  1.080770E-14
1.12352  1.079202E-14
1.12379  1.069283E-14
1.12405  1.046076E-14
1.12432  9.959772E-15
1.12459  9.800102E-15
1.12486  9.366369E-15
1.12513  9.264374E-15
1.1254  9.532507E-15
1.12567  9.451598E-15
1.12594  9.048263E-15
1.1262  8.777787E-15
1.12647  8.666622E-15
1.12674  8.323725E-15
1.12701  8.346760E-15
1.12728  8.201506E-15
1.12755  8.270862E-15
1.12757  8.153569E-15
1.1279  8.099504E-15
1.12822  8.074539E-15
1.12855  7.986628E-15
1.12887  8.114169E-15
1.1292  7.970948E-15
1.12953  7.928200E-15
1.12985  7.894428E-15
1.13018  7.908691E-15
1.1305  7.945935E-15
1.13083  7.944552E-15
1.13115  8.011257E-15
1.13148  8.019300E-15
1.1318  7.971394E-15
1.13213  7.867197E-15
1.13245  7.813394E-15
1.13278  7.707656E-15
1.1331  7.504395E-15
1.13343  7.365649E-15
1.13375  7.353491E-15
1.13408  7.148919E-15
1.1344  6.926346E-15
1.13473  6.727898E-15
1.13505  6.692681E-15
1.13538  6.324235E-15
1.1357  6.108993E-15
1.13603  6.103138E-15
1.13635  5.963881E-15
1.13668  5.837387E-15
1.137  5.723269E-15
1.13733  5.627987E-15
1.13765  5.636252E-15
1.13798  5.456695E-15
1.1383  5.358932E-15
1.13863  5.335133E-15
1.13895  5.225351E-15
1.13928  5.126117E-15
1.1396  5.077397E-15
1.13993  5.044938E-15
1.14025  4.998186E-15
1.14058  4.884847E-15
1.1409  4.884324E-15
1.14123  4.836385E-15
1.14155  4.720341E-15
1.14188  4.706956E-15
1.1422  4.639064E-15
1.14253  4.625763E-15
1.14285  4.606943E-15
1.14318  4.606667E-15
1.1435  4.632145E-15
1.14383  4.530180E-15
1.14415  4.516022E-15
1.14448  4.511887E-15
1.1448  4.472029E-15
1.14513  4.471037E-15
1.14545  4.432265E-15
1.14578  4.436282E-15
1.1461  4.397850E-15
1.14643  4.402378E-15
1.14675  4.430211E-15
1.14708  4.338488E-15
1.1474  4.348352E-15
1.14773  4.339265E-15
1.14805  4.322756E-15
1.14838  4.292537E-15
1.1487  4.353306E-15
1.14903  4.350391E-15
1.14935  4.297447E-15
1.14968  4.305795E-15
1.15  4.363725E-15
1.15033  4.267999E-15
1.15065  4.270094E-15
1.15098  4.296480E-15
1.1513  4.325672E-15
1.15163  4.301742E-15
1.15195  4.300868E-15
1.15228  4.248656E-15
1.1526  4.252214E-15
1.15292  4.265958E-15
1.15325  4.221374E-15
1.15357  4.261405E-15
1.1539  4.239311E-15
1.15422  4.241088E-15
1.15455  4.244472E-15
1.15487  4.234969E-15
1.1552  4.203214E-15
1.15552  4.208963E-15
1.15585  4.199225E-15
1.15617  4.153685E-15
1.1565  4.192269E-15
1.15682  4.204805E-15
1.15715  4.178660E-15
1.15747  4.179139E-15
1.15779  4.155801E-15
1.15812  4.178171E-15
1.15844  4.211155E-15
1.15877  4.222461E-15
1.15909  4.208007E-15
1.15942  4.260065E-15
1.15974  4.271116E-15
1.16007  4.306706E-15
1.16039  4.297584E-15
1.16072  4.361951E-15
1.16104  4.373941E-15
1.16137  4.439401E-15
1.16169  4.464018E-15
1.16201  4.466735E-15
1.16234  4.509137E-15
1.16266  4.520726E-15
1.16299  4.525395E-15
1.16331  4.531254E-15
1.16364  4.535606E-15
1.16396  4.560538E-15
1.16429  4.601586E-15
1.16461  4.630180E-15
1.16494  4.663530E-15
1.16526  4.754869E-15
1.16558  4.820584E-15
1.16591  4.871521E-15
1.16623  4.906926E-15
1.16656  4.920145E-15
1.16688  4.969854E-15
1.16721  4.964563E-15
1.16753  4.979912E-15
1.16786  4.954670E-15
1.16818  4.942792E-15
1.1685  4.943673E-15
1.16883  4.878919E-15
1.16915  4.863462E-15
1.16948  4.845078E-15
1.1698  4.843013E-15
1.17013  4.797384E-15
1.17045  4.718037E-15
1.17077  4.689282E-15
1.1711  4.679085E-15
1.17142  4.594811E-15
1.17175  4.552829E-15
1.17207  4.505142E-15
1.1724  4.459550E-15
1.17272  4.393338E-15
1.17305  4.340526E-15
1.17337  4.321200E-15
1.17369  4.299603E-15
1.17402  4.248379E-15
1.17434  4.212851E-15
1.17467  4.206026E-15
1.17499  4.197647E-15
1.17532  4.208887E-15
1.17564  4.157423E-15
1.17596  4.096672E-15
1.17629  4.077799E-15
1.17661  4.069494E-15
1.17694  4.028773E-15
1.17726  4.038317E-15
1.17759  4.024569E-15
1.17791  4.021502E-15
1.17823  3.980447E-15
1.17856  3.986575E-15
1.17888  3.935742E-15
1.17921  3.951290E-15
1.17953  3.978620E-15
1.17985  3.940810E-15
1.18018  3.935953E-15
1.1805  3.967763E-15
1.18083  3.936560E-15
1.18115  3.964370E-15
1.18148  3.938159E-15
1.1818  3.965335E-15
1.18212  3.955887E-15
1.18245  3.912720E-15
1.18277  3.935487E-15
1.1831  3.918359E-15
1.18342  3.932320E-15
1.18374  3.931066E-15
1.18407  3.903752E-15
1.18439  3.955705E-15
1.18472  3.911488E-15
1.18504  3.938733E-15
1.18536  3.914888E-15
1.18569  3.940251E-15
1.18601  3.940560E-15
1.18634  3.943374E-15
1.18666  3.927660E-15
1.18699  3.919839E-15
1.18731  3.932143E-15
1.18763  3.919057E-15
1.18796  3.872688E-15
1.18828  3.901045E-15
1.18861  3.938942E-15
1.18893  3.923812E-15
1.18925  3.941851E-15
1.18958  3.887795E-15
1.1899  3.913053E-15
1.19023  3.901287E-15
1.19055  3.880984E-15
1.19087  3.890772E-15
1.1912  3.903739E-15
1.19152  3.876556E-15
1.19185  3.855927E-15
1.19217  3.887758E-15
1.19249  3.880115E-15
1.19282  3.899900E-15
1.19314  3.906713E-15
1.19347  3.895347E-15
1.19379  3.896925E-15
1.19411  3.887226E-15
1.19444  3.873673E-15
1.19476  3.890096E-15
1.19508  3.910311E-15
1.19541  3.889550E-15
1.19573  3.892969E-15
1.19606  3.864174E-15
1.19638  3.894754E-15
1.1967  3.880467E-15
1.19703  3.875144E-15
1.19735  3.907236E-15
1.19768  3.929268E-15
1.198  3.882924E-15
1.19832  3.912102E-15
1.19865  3.882564E-15
1.19897  3.907427E-15
1.1993  3.898149E-15
1.19962  3.879355E-15
1.19994  3.848695E-15
1.20027  3.878412E-15
1.20059  3.879623E-15
1.20091  3.914237E-15
1.20124  3.842599E-15
1.20156  3.889202E-15
1.20189  3.929507E-15
1.20221  3.919791E-15
1.20253  3.913530E-15
1.20286  3.950880E-15
1.20318  3.918167E-15
1.2035  3.959442E-15
1.20383  3.929723E-15
1.20415  3.905025E-15
1.20448  3.881931E-15
1.2048  3.904481E-15
1.20512  3.897710E-15
1.20545  3.869036E-15
1.20577  3.893272E-15
1.20609  3.923405E-15
1.20642  3.898237E-15
1.20674  3.921154E-15
1.20707  3.917448E-15
1.20739  3.947539E-15
1.20771  3.907299E-15
1.20804  3.906945E-15
1.20836  3.902678E-15
1.20868  3.908069E-15
1.20901  3.889055E-15
1.20933  3.883000E-15
1.20965  3.893387E-15
1.20998  3.910885E-15
1.2103  3.900795E-15
1.21063  3.914461E-15
1.21095  3.896583E-15
1.21127  3.859486E-15
1.2116  3.910938E-15
1.21192  3.865371E-15
1.21224  3.886273E-15
1.21257  3.882966E-15
1.21289  3.861820E-15
1.21321  3.923377E-15
1.21354  3.897408E-15
1.21386  3.879870E-15
1.21419  3.902077E-15
1.21451  3.896053E-15
1.21483  3.890552E-15
1.21516  3.885212E-15
1.21548  3.881601E-15
1.2158  3.861878E-15
1.21613  3.888712E-15
1.21645  3.876223E-15
1.21677  3.894925E-15
1.2171  3.872902E-15
1.21742  3.839745E-15
1.21774  3.827257E-15
1.21807  3.825352E-15
1.21839  3.838863E-15
1.21872  3.855838E-15
1.21904  3.863209E-15
1.21936  3.872317E-15
1.21969  3.863118E-15
1.22001  3.894731E-15
1.22033  3.848389E-15
1.22066  3.819239E-15
1.22098  3.843865E-15
1.2213  3.850777E-15
1.22163  3.830709E-15
1.22195  3.832115E-15
1.22227  3.836564E-15
1.2226  3.820890E-15
1.22292  3.826974E-15
1.22324  3.856226E-15
1.22357  3.822145E-15
1.22389  3.825155E-15
1.22421  3.823905E-15
1.22454  3.827843E-15
1.22486  3.826778E-15
1.22518  3.851635E-15
1.22551  3.857402E-15
1.22583  3.837113E-15
1.22615  3.885922E-15
1.22648  3.851976E-15
1.2268  3.886138E-15
1.22712  3.879495E-15
1.22745  3.849370E-15
1.22777  3.832218E-15
1.22809  3.847484E-15
1.22842  3.874187E-15
1.22874  3.899114E-15
1.22906  3.905585E-15
1.22939  3.920747E-15
1.22971  3.881811E-15
1.23003  3.894645E-15
1.23036  3.886307E-15
1.23068  3.885221E-15
1.231  3.857510E-15
1.23133  3.859599E-15
1.23165  3.855777E-15
1.23197  3.865424E-15
1.2323  3.847129E-15
1.23262  3.877262E-15
1.23294  3.876973E-15
1.23327  3.876560E-15
1.23359  3.854714E-15
1.23391  3.853515E-15
1.23424  3.866746E-15
1.23456  3.870000E-15
1.23488  3.834073E-15
1.23521  3.846251E-15
1.23553  3.840959E-15
1.23585  3.865423E-15
1.23618  3.829311E-15
1.2365  3.827491E-15
1.23682  3.818697E-15
1.23715  3.850786E-15
1.23747  3.825941E-15
1.23779  3.854446E-15
1.23812  3.850674E-15
1.23844  3.810003E-15
1.23876  3.814065E-15
1.23909  3.810570E-15
1.23941  3.808750E-15
1.23973  3.820326E-15
1.24006  3.799647E-15
1.24038  3.813540E-15
1.2407  3.809464E-15
1.24102  3.813485E-15
1.24135  3.829286E-15
1.24167  3.834787E-15
1.24199  3.840195E-15
1.24232  3.808737E-15
1.24264  3.841691E-15
1.24296  3.816441E-15
1.24329  3.833813E-15
1.24361  3.819111E-15
1.24393  3.803529E-15
1.24426  3.775717E-15
1.24458  3.804238E-15
1.2449  3.791057E-15
1.24523  3.781377E-15
1.24555  3.796913E-15
1.24587  3.810692E-15
1.24619  3.826278E-15
1.24652  3.784279E-15
1.24684  3.820802E-15
1.24716  3.797709E-15
1.24749  3.796533E-15
1.24781  3.800961E-15
1.24813  3.823540E-15
1.24846  3.792178E-15
1.24878  3.768076E-15
1.2491  3.765227E-15
1.24943  3.799757E-15
1.24975  3.776237E-15
1.25007  3.795294E-15
1.25039  3.743745E-15
1.25072  3.786225E-15
1.25104  3.783101E-15
1.25136  3.792786E-15
1.25169  3.776800E-15
1.25201  3.778054E-15
1.25233  3.780267E-15
1.25266  3.766517E-15
1.25298  3.786367E-15
1.2533  3.788000E-15
1.25362  3.749765E-15
1.25395  3.760184E-15
1.25427  3.785045E-15
1.25459  3.784912E-15
1.25492  3.790972E-15
1.25524  3.806943E-15
1.25556  3.801522E-15
1.25589  3.832893E-15
1.25621  3.806387E-15
1.25653  3.780005E-15
1.25685  3.804344E-15
1.25718  3.811394E-15
1.2575  3.795870E-15
1.25782  3.794430E-15
1.25815  3.779713E-15
1.25847  3.791304E-15
1.25879  3.760250E-15
1.25912  3.778229E-15
1.25944  3.774646E-15
1.25976  3.770809E-15
1.26008  3.776768E-15
1.26041  3.788869E-15
1.26073  3.781878E-15
1.26105  3.783174E-15
1.26138  3.789999E-15
1.2617  3.810458E-15
1.26202  3.748354E-15
1.26234  3.758690E-15
1.26267  3.802577E-15
1.26299  3.796882E-15
1.26331  3.759974E-15
1.26364  3.754493E-15
1.26396  3.771319E-15
1.26428  3.774992E-15
1.2646  3.778889E-15
1.26493  3.778735E-15
1.26525  3.757583E-15
1.26557  3.778387E-15
1.2659  3.755929E-15
1.26622  3.787456E-15
1.26654  3.760081E-15
1.26686  3.775069E-15
1.26719  3.744950E-15
1.26751  3.756193E-15
1.26783  3.778996E-15
1.26816  3.768854E-15
1.26848  3.769771E-15
1.2688  3.796104E-15
1.26912  3.793206E-15
1.26945  3.709475E-15
1.26977  3.758272E-15
1.27009  3.769015E-15
1.27041  3.767403E-15
1.27074  3.732359E-15
1.27106  3.752130E-15
1.27138  3.760802E-15
1.27171  3.759190E-15
1.27203  3.792009E-15
1.27235  3.766494E-15
1.27267  3.750764E-15
1.273  3.748397E-15
1.27332  3.736319E-15
1.27364  3.778542E-15
1.27397  3.796281E-15
1.27429  3.761556E-15
1.27461  3.748775E-15
1.27493  3.786641E-15
1.27526  3.740084E-15
1.27558  3.735882E-15
1.2759  3.811163E-15
1.27622  3.771534E-15
1.27655  3.763067E-15
1.27687  3.729744E-15
1.27719  3.750971E-15
1.27751  3.784744E-15
1.27784  3.796167E-15
1.27816  3.798269E-15
1.27848  3.779807E-15
1.27881  3.769934E-15
1.27913  3.784356E-15
1.27945  3.763499E-15
1.27977  3.781308E-15
1.2801  3.751423E-15
1.28042  3.766365E-15
1.28074  3.781023E-15
1.28106  3.813477E-15
1.28139  3.794659E-15
1.28171  3.818617E-15
1.28203  3.824768E-15
1.28235  3.811224E-15
1.28268  3.806195E-15
1.283  3.784809E-15
1.28332  3.793275E-15
1.28365  3.799159E-15
1.28397  3.794979E-15
1.28429  3.800232E-15
1.28461  3.801150E-15
1.28494  3.835120E-15
1.28526  3.823097E-15
1.28558  3.818182E-15
1.2859  3.825974E-15
1.28623  3.831837E-15
1.28655  3.819784E-15
1.28687  3.821630E-15
1.28719  3.815624E-15
1.28752  3.851683E-15
1.28784  3.830462E-15
1.28816  3.836265E-15
1.28848  3.832166E-15
1.28881  3.866143E-15
1.28913  3.860790E-15
1.28945  3.872497E-15
1.28977  3.873201E-15
1.2901  3.874975E-15
1.29042  3.849545E-15
1.29074  3.874751E-15
1.29106  3.893799E-15
1.29139  3.896480E-15
1.29171  3.888700E-15
1.29203  3.903313E-15
1.29235  3.891618E-15
1.29268  3.934248E-15
1.293  3.888110E-15
1.29332  3.898297E-15
1.29364  3.906148E-15
1.29397  3.884053E-15
1.29429  3.895065E-15
1.29461  3.935288E-15
1.29493  3.926867E-15
1.29526  3.926611E-15
1.29558  3.922727E-15
1.2959  3.923349E-15
1.29622  3.900767E-15
1.29655  3.922483E-15
1.29687  3.900441E-15
1.29719  3.911676E-15
1.29751  3.880296E-15
1.29784  3.908384E-15
1.29816  3.895845E-15
1.29848  3.906876E-15
1.2988  3.953569E-15
1.29913  3.998170E-15
1.29945  3.994358E-15
1.29977  4.020976E-15
1.30009  4.026084E-15
1.30042  4.006835E-15
1.30074  4.002330E-15
1.30106  3.993419E-15
1.30138  3.953224E-15
1.30171  3.943386E-15
1.30203  3.893517E-15
1.30235  3.924202E-15
1.30267  3.898606E-15
1.303  3.936680E-15
1.30332  3.920370E-15
1.30364  3.939505E-15
1.30396  3.980871E-15
1.30429  3.962808E-15
1.30461  3.943237E-15
1.30493  3.958049E-15
1.30525  3.969507E-15
1.30558  4.013306E-15
1.3059  3.985551E-15
1.30622  4.008547E-15
1.30654  4.025376E-15
1.30687  4.059633E-15
1.30719  4.049879E-15
1.30751  4.075666E-15
1.30783  4.042541E-15
1.30815  4.088081E-15
1.30848  4.082026E-15
1.3088  4.094675E-15
1.30912  4.113255E-15
1.30944  4.128849E-15
1.30977  4.146776E-15
1.31009  4.190489E-15
1.31041  4.149078E-15
1.31073  4.167749E-15
1.31106  4.201626E-15
1.31138  4.206334E-15
1.3117  4.230334E-15
1.31202  4.258014E-15
1.31235  4.277559E-15
1.31267  4.296800E-15
1.31299  4.342211E-15
1.31331  4.362857E-15
1.31363  4.377775E-15
1.31396  4.409110E-15
1.31428  4.377974E-15
1.3146  4.433819E-15
1.31492  4.439880E-15
1.31525  4.505955E-15
1.31557  4.534905E-15
1.31589  4.584449E-15
1.31621  4.609922E-15
1.31654  4.638380E-15
1.31686  4.701843E-15
1.31718  4.800615E-15
1.3175  4.793140E-15
1.31782  4.888700E-15
1.31815  4.970898E-15
1.31847  5.037698E-15
1.31879  5.136291E-15
1.31911  5.249137E-15
1.31944  5.261417E-15
1.31976  5.368525E-15
1.32008  5.430317E-15
1.3204  5.539093E-15
1.32073  5.548333E-15
1.32105  5.650035E-15
1.32137  5.726690E-15
1.32169  5.846231E-15
1.32201  5.901750E-15
1.32234  6.026779E-15
1.32266  6.121015E-15
1.32298  6.298821E-15
1.3233  6.369660E-15
1.32363  6.461089E-15
1.32395  6.542195E-15
1.32427  6.816878E-15
1.32459  6.921742E-15
1.32491  7.045657E-15
1.32524  7.196171E-15
1.32556  7.371932E-15
1.32588  7.451918E-15
1.3262  7.531986E-15
1.32653  7.447549E-15
1.32685  7.408780E-15
1.32717  7.268416E-15
1.32749  7.137100E-15
1.32781  6.935510E-15
1.32814  6.827223E-15
1.32846  6.754850E-15
1.32878  6.667665E-15
1.3291  6.525214E-15
1.32943  6.488480E-15
1.32975  6.320869E-15
1.33007  6.200469E-15
1.33039  6.121279E-15
1.33071  6.000760E-15
1.33104  5.827746E-15
1.33136  5.716980E-15
1.33168  5.603812E-15
1.332  5.451700E-15
1.33233  5.346164E-15
1.33265  5.227306E-15
1.33297  5.143299E-15
1.33329  5.012200E-15
1.33361  4.972609E-15
1.33394  4.929168E-15
1.33426  4.806905E-15
1.33458  4.709335E-15
1.3349  4.680526E-15
1.33522  4.651512E-15
1.33555  4.565547E-15
1.33587  4.550714E-15
1.33619  4.479991E-15
1.33651  4.416928E-15
1.33684  4.378963E-15
1.33716  4.385359E-15
1.33748  4.294492E-15
1.3378  4.277492E-15
1.33812  4.250062E-15
1.33845  4.259616E-15
1.33877  4.200439E-15
1.33909  4.164587E-15
1.33941  4.166116E-15
1.33974  4.151541E-15
1.34006  4.074716E-15
1.34038  4.119063E-15
1.3407  4.105101E-15
1.34102  4.044044E-15
1.34135  4.003071E-15
1.34167  4.039566E-15
1.34199  4.018597E-15
1.34231  3.961637E-15
1.34263  4.002765E-15
1.34296  3.987337E-15
1.34328  3.959445E-15
1.3436  3.908138E-15
1.34392  3.942320E-15
1.34424  4.004926E-15
1.34457  3.926092E-15
1.34489  3.838817E-15
1.34521  3.837680E-15
1.34553  3.846737E-15
1.34586  3.921399E-15
1.34618  3.862111E-15
1.3465  3.827786E-15
1.34682  3.864410E-15
1.34714  3.774401E-15
1.34747  3.804751E-15
1.34779  3.890042E-15
1.34811  3.941197E-15
1.34843  3.786138E-15
1.34875  3.797049E-15
1.34908  3.773030E-15
1.3494  3.789898E-15
1.34972  3.705607E-15
1.35004  3.799845E-15
1.35036  3.909060E-15
1.35069  3.929368E-15
1.35101  3.717774E-15
1.35133  3.769415E-15
1.41098  3.681742E-15
1.41139  3.645609E-15
1.4118  3.507632E-15
1.4122  3.607831E-15
1.41261  3.666016E-15
1.41302  3.700086E-15
1.41342  3.686247E-15
1.41383  3.636997E-15
1.41424  3.578269E-15
1.41464  3.514295E-15
1.41505  3.485163E-15
1.41546  3.583657E-15
1.41586  3.623321E-15
1.41627  3.593608E-15
1.41668  3.632649E-15
1.41708  3.568374E-15
1.41749  3.604985E-15
1.4179  3.697942E-15
1.4183  3.660472E-15
1.41871  3.618151E-15
1.41911  3.560335E-15
1.41952  3.619977E-15
1.41993  3.642807E-15
1.42033  3.613770E-15
1.42074  3.619161E-15
1.42115  3.549805E-15
1.42155  3.619238E-15
1.42196  3.623043E-15
1.42237  3.633498E-15
1.42277  3.617456E-15
1.42318  3.544687E-15
1.42359  3.504232E-15
1.42399  3.560372E-15
1.4244  3.611753E-15
1.4248  3.602453E-15
1.42521  3.569198E-15
1.42562  3.531754E-15
1.42602  3.577216E-15
1.42643  3.584947E-15
1.42684  3.603210E-15
1.42724  3.610747E-15
1.42765  3.585688E-15
1.42805  3.567442E-15
1.42846  3.533803E-15
1.42887  3.610830E-15
1.42927  3.515602E-15
1.42968  3.557330E-15
1.43009  3.627706E-15
1.43049  3.599609E-15
1.4309  3.587718E-15
1.4313  3.638239E-15
1.43171  3.544060E-15
1.43212  3.514704E-15
1.43252  3.579020E-15
1.43293  3.587369E-15
1.43333  3.582808E-15
1.43374  3.552995E-15
1.43415  3.542131E-15
1.43455  3.560312E-15
1.43496  3.577882E-15
1.43536  3.565891E-15
1.43577  3.533161E-15
1.43618  3.578900E-15
1.43658  3.656029E-15
1.43699  3.561321E-15
1.43739  3.518438E-15
1.4378  3.539921E-15
1.43821  3.552134E-15
1.43861  3.554171E-15
1.43902  3.560528E-15
1.43942  3.576064E-15
1.43983  3.555545E-15
1.44024  3.603679E-15
1.44064  3.609111E-15
1.44105  3.554257E-15
1.44145  3.584185E-15
1.44186  3.634869E-15
1.44227  3.540913E-15
1.44267  3.577357E-15
1.44308  3.592007E-15
1.44348  3.560706E-15
1.44389  3.538512E-15
1.4443  3.626536E-15
1.4447  3.621093E-15
1.44511  3.496711E-15
1.44551  3.560423E-15
1.44592  3.559980E-15
1.44632  3.507032E-15
1.44673  3.509049E-15
1.44714  3.549453E-15
1.44754  3.509800E-15
1.44795  3.498879E-15
1.44835  3.543552E-15
1.44876  3.529399E-15
1.44916  3.540106E-15
1.44957  3.550894E-15
1.44998  3.587566E-15
1.45038  3.540639E-15
1.45079  3.581345E-15
1.45119  3.574683E-15
1.4516  3.502401E-15
1.452  3.534418E-15
1.45241  3.545052E-15
1.45282  3.514986E-15
1.45322  3.544381E-15
1.45363  3.506287E-15
1.45403  3.534646E-15
1.45444  3.537587E-15
1.45484  3.513203E-15
1.45525  3.522801E-15
1.45565  3.516100E-15
1.45606  3.496635E-15
1.45647  3.526627E-15
1.45687  3.511400E-15
1.45728  3.492434E-15
1.45768  3.507915E-15
1.45809  3.494131E-15
1.45849  3.489859E-15
1.4589  3.517391E-15
1.4593  3.535098E-15
1.45971  3.497923E-15
1.46011  3.508171E-15
1.46052  3.520939E-15
1.46093  3.497421E-15
1.46133  3.480041E-15
1.46174  3.504189E-15
1.46214  3.487521E-15
1.46255  3.470111E-15
1.46295  3.494950E-15
1.46336  3.498481E-15
1.46376  3.489637E-15
1.46417  3.502638E-15
1.46457  3.477385E-15
1.46498  3.525276E-15
1.46538  3.557987E-15
1.46579  3.491840E-15
1.4662  3.484388E-15
1.4666  3.515128E-15
1.46701  3.500523E-15
1.46741  3.485351E-15
1.46782  3.502821E-15
1.46822  3.512712E-15
1.46863  3.501674E-15
1.46903  3.503337E-15
1.46944  3.547068E-15
1.46984  3.565351E-15
1.47025  3.514864E-15
1.47065  3.567272E-15
1.47106  3.610007E-15
1.47146  3.533758E-15
1.47187  3.505633E-15
1.47227  3.549181E-15
1.47268  3.578027E-15
1.47308  3.503020E-15
1.47349  3.529957E-15
1.47389  3.549833E-15
1.4743  3.519272E-15
1.4747  3.539757E-15
1.47511  3.539306E-15
1.47551  3.537697E-15
1.47592  3.603285E-15
1.47632  3.578372E-15
1.47673  3.587012E-15
1.47713  3.602834E-15
1.47754  3.595383E-15
1.47794  3.630465E-15
1.47835  3.655488E-15
1.47875  3.624523E-15
1.47916  3.660598E-15
1.47956  3.658613E-15
1.47997  3.620618E-15
1.48037  3.600451E-15
1.48078  3.636556E-15
1.48118  3.541875E-15
1.48159  3.545628E-15
1.48199  3.564944E-15
1.4824  3.526423E-15
1.4828  3.508391E-15
1.48321  3.528427E-15
1.48361  3.529845E-15
1.48402  3.508176E-15
1.48442  3.545012E-15
1.48483  3.525517E-15
1.48523  3.501493E-15
1.48564  3.512997E-15
1.48604  3.531752E-15
1.48645  3.516960E-15
1.48685  3.552962E-15
1.48726  3.525779E-15
1.48766  3.530316E-15
1.48807  3.537005E-15
1.48847  3.533934E-15
1.48888  3.508316E-15
1.48928  3.502006E-15
1.48969  3.475282E-15
1.49009  3.486065E-15
1.4905  3.470523E-15
1.4909  3.472653E-15
1.49131  3.506163E-15
1.49171  3.493902E-15
1.49212  3.505080E-15
1.49252  3.487193E-15
1.49292  3.497041E-15
1.49333  3.495179E-15
1.49373  3.487265E-15
1.49414  3.488409E-15
1.49454  3.487117E-15
1.49495  3.464975E-15
1.49535  3.488380E-15
1.49576  3.492184E-15
1.49616  3.491329E-15
1.49657  3.489427E-15
1.49697  3.487291E-15
1.49738  3.490761E-15
1.49778  3.479243E-15
1.49819  3.502229E-15
1.49859  3.503587E-15
1.49899  3.496497E-15
1.4994  3.514010E-15
1.4998  3.486448E-15
1.50021  3.502773E-15
1.50061  3.478360E-15
1.50102  3.499498E-15
1.50142  3.482812E-15
1.50183  3.486008E-15
1.50223  3.505927E-15
1.50264  3.504065E-15
1.50304  3.521527E-15
1.50344  3.487266E-15
1.50385  3.491284E-15
1.50425  3.509466E-15
1.50466  3.485968E-15
1.50506  3.479244E-15
1.50547  3.476804E-15
1.50587  3.491879E-15
1.50628  3.475073E-15
1.50668  3.482432E-15
1.50708  3.457189E-15
1.50749  3.489777E-15
1.50789  3.481663E-15
1.5083  3.491945E-15
1.5087  3.484450E-15
1.50911  3.487290E-15
1.50951  3.477176E-15
1.50992  3.482432E-15
1.51032  3.475171E-15
1.51072  3.466336E-15
1.51113  3.459491E-15
1.51153  3.445448E-15
1.51194  3.443882E-15
1.51234  3.458581E-15
1.51275  3.461938E-15
1.51315  3.457419E-15
1.51355  3.475518E-15
1.51396  3.471140E-15
1.51436  3.452743E-15
1.51477  3.453289E-15
1.51517  3.451013E-15
1.51558  3.445366E-15
1.51598  3.461628E-15
1.51638  3.458530E-15
1.51679  3.449908E-15
1.51719  3.475691E-15
1.5176  3.484155E-15
1.518  3.488833E-15
1.51841  3.464823E-15
1.51881  3.472302E-15
1.51921  3.479224E-15
1.51962  3.467984E-15
1.52002  3.472906E-15
1.52043  3.466245E-15
1.52083  3.459797E-15
1.52123  3.444985E-15
1.52164  3.443532E-15
1.52204  3.459558E-15
1.52245  3.451151E-15
1.52285  3.487590E-15
1.52326  3.441353E-15
1.52366  3.450101E-15
1.52406  3.476612E-15
1.52447  3.478731E-15
1.52487  3.478780E-15
1.52528  3.508518E-15
1.52568  3.487334E-15
1.52608  3.495086E-15
1.52649  3.466482E-15
1.52689  3.461608E-15
1.5273  3.454552E-15
1.5277  3.455434E-15
1.5281  3.465379E-15
1.52851  3.466768E-15
1.52891  3.450974E-15
1.52932  3.470692E-15
1.52972  3.472812E-15
1.53012  3.452329E-15
1.53053  3.456804E-15
1.53093  3.451220E-15
1.53134  3.436665E-15
1.53174  3.447391E-15
1.53214  3.457914E-15
1.53255  3.454300E-15
1.53295  3.492012E-15
1.53336  3.480146E-15
1.53376  3.457564E-15
1.53416  3.472532E-15
1.53457  3.484373E-15
1.53497  3.478811E-15
1.53538  3.465778E-15
1.53578  3.466528E-15
1.53618  3.450605E-15
1.53659  3.451669E-15
1.53699  3.447547E-15
1.5374  3.450601E-15
1.5378  3.435103E-15
1.5382  3.422286E-15
1.53861  3.416358E-15
1.53901  3.430148E-15
1.53941  3.421958E-15
1.53982  3.416295E-15
1.54022  3.442810E-15
1.54063  3.451870E-15
1.54103  3.454153E-15
1.54143  3.460108E-15
1.54184  3.464379E-15
1.54224  3.475266E-15
1.54264  3.485128E-15
1.54305  3.498034E-15
1.54345  3.489428E-15
1.54386  3.498245E-15
1.54426  3.480567E-15
1.54466  3.485894E-15
1.54507  3.473676E-15
1.54547  3.498525E-15
1.54587  3.445537E-15
1.54628  3.451238E-15
1.54668  3.453947E-15
1.54709  3.446680E-15
1.54749  3.464396E-15
1.54789  3.451113E-15
1.5483  3.451782E-15
1.5487  3.444101E-15
1.5491  3.430118E-15
1.54951  3.441918E-15
1.54991  3.438437E-15
1.55032  3.446330E-15
1.55072  3.464683E-15
1.55112  3.442341E-15
1.55153  3.457163E-15
1.55193  3.442005E-15
1.55233  3.421581E-15
1.55274  3.443079E-15
1.55314  3.425172E-15
1.55354  3.449237E-15
1.55395  3.414467E-15
1.55435  3.440835E-15
1.55476  3.427006E-15
1.55516  3.415907E-15
1.55556  3.433123E-15
1.55597  3.423941E-15
1.55637  3.411959E-15
1.55677  3.422875E-15
1.55718  3.427643E-15
1.55758  3.441552E-15
1.55798  3.415428E-15
1.55839  3.424041E-15
1.55879  3.422367E-15
1.55919  3.430168E-15
1.5596  3.411207E-15
1.56  3.442301E-15
1.56041  3.420692E-15
1.56081  3.423177E-15
1.56121  3.402320E-15
1.56162  3.419433E-15
1.56202  3.420834E-15
1.56242  3.407808E-15
1.56283  3.398130E-15
1.56323  3.396376E-15
1.56363  3.405120E-15
1.56404  3.396507E-15
1.56444  3.434111E-15
1.56484  3.415427E-15
1.56525  3.414442E-15
1.56565  3.434964E-15
1.56605  3.399308E-15
1.56646  3.442044E-15
1.56686  3.425509E-15
1.56726  3.419860E-15
1.56767  3.430389E-15
1.56807  3.415731E-15
1.56847  3.414504E-15
1.56888  3.426412E-15
1.56928  3.412790E-15
1.56968  3.423025E-15
1.57009  3.410823E-15
1.57049  3.433696E-15
1.57089  3.403947E-15
1.5713  3.432164E-15
1.5717  3.428432E-15
1.5721  3.459723E-15
1.57251  3.428595E-15
1.57291  3.416474E-15
1.57331  3.426283E-15
1.57372  3.434549E-15
1.57412  3.428636E-15
1.57452  3.438353E-15
1.57493  3.429732E-15
1.57533  3.419783E-15
1.57573  3.409195E-15
1.57614  3.429580E-15
1.57654  3.409175E-15
1.57694  3.404875E-15
1.57735  3.407259E-15
1.57775  3.426570E-15
1.57815  3.407413E-15
1.57856  3.406632E-15
1.57896  3.400071E-15
1.57936  3.400447E-15
1.57977  3.402323E-15
1.58017  3.401796E-15
1.58057  3.394282E-15
1.58098  3.388897E-15
1.58138  3.389051E-15
1.58178  3.384934E-15
1.58219  3.410714E-15
1.58259  3.423168E-15
1.58299  3.425451E-15
1.5834  3.447204E-15
1.5838  3.415544E-15
1.5842  3.436963E-15
1.58461  3.448473E-15
1.58501  3.447804E-15
1.58541  3.436853E-15
1.58581  3.459559E-15
1.58622  3.457957E-15
1.58662  3.439319E-15
1.58702  3.442494E-15
1.58743  3.447483E-15
1.58783  3.452767E-15
1.58823  3.446998E-15
1.58864  3.446258E-15
1.58904  3.460739E-15
1.58944  3.462616E-15
1.58985  3.454687E-15
1.59025  3.448999E-15
1.59065  3.438717E-15
1.59106  3.407294E-15
1.59146  3.413368E-15
1.59186  3.405156E-15
1.59226  3.407935E-15
1.59267  3.399784E-15
1.59307  3.384625E-15
1.59347  3.382751E-15
1.59388  3.398793E-15
1.59428  3.378170E-15
1.59468  3.388027E-15
1.59509  3.388403E-15
1.59549  3.388242E-15
1.59589  3.394915E-15
1.59629  3.414993E-15
1.5967  3.410147E-15
1.5971  3.391816E-15
1.5975  3.395407E-15
1.59791  3.400031E-15
1.59831  3.383120E-15
1.59871  3.394681E-15
1.59912  3.374099E-15
1.59952  3.380894E-15
1.59992  3.391491E-15
1.60032  3.422274E-15
1.60073  3.408536E-15
1.60113  3.432637E-15
1.60153  3.409644E-15
1.60194  3.415292E-15
1.60234  3.416875E-15
1.60274  3.405106E-15
1.60315  3.385428E-15
1.60355  3.380675E-15
1.60395  3.377148E-15
1.60435  3.399393E-15
1.60476  3.390149E-15
1.60516  3.392269E-15
1.60556  3.374914E-15
1.60597  3.379173E-15
1.60637  3.384477E-15
1.60677  3.415430E-15
1.60717  3.385768E-15
1.60758  3.411124E-15
1.60798  3.395250E-15
1.60838  3.381860E-15
1.60879  3.398000E-15
1.60919  3.381153E-15
1.60959  3.341405E-15
1.61  3.329334E-15
1.6104  3.291158E-15
1.6108  3.279229E-15
1.6112  3.293342E-15
1.61161  3.330345E-15
1.61201  3.288369E-15
1.61241  3.304368E-15
1.61282  3.316017E-15
1.61322  3.362163E-15
1.61362  3.357604E-15
1.61402  3.366151E-15
1.61443  3.374870E-15
1.61483  3.379454E-15
1.61523  3.372310E-15
1.61564  3.374389E-15
1.61604  3.362927E-15
1.61644  3.368544E-15
1.61684  3.369854E-15
1.61725  3.362355E-15
1.61765  3.339469E-15
1.61805  3.349992E-15
1.61845  3.342322E-15
1.61886  3.355318E-15
1.61926  3.357865E-15
1.61966  3.358597E-15
1.62007  3.366089E-15
1.62047  3.375254E-15
1.62087  3.354194E-15
1.62127  3.361342E-15
1.62168  3.352363E-15
1.62208  3.370448E-15
1.62248  3.371078E-15
1.62289  3.350170E-15
1.62329  3.385323E-15
1.62369  3.355456E-15
1.62409  3.376276E-15
1.6245  3.374768E-15
1.6249  3.381540E-15
1.6253  3.379070E-15
1.6257  3.376062E-15
1.62611  3.378689E-15
1.62651  3.366853E-15
1.62691  3.368741E-15
1.62732  3.375574E-15
1.62772  3.353076E-15
1.62812  3.342062E-15
1.62852  3.336338E-15
1.62893  3.356712E-15
1.62933  3.358832E-15
1.62973  3.340703E-15
1.63013  3.345176E-15
1.63054  3.307325E-15
1.63094  3.329360E-15
1.63134  3.288226E-15
1.63174  3.306917E-15
1.63215  3.279780E-15
1.63255  3.317230E-15
1.63295  3.307280E-15
1.63336  3.316890E-15
1.63376  3.317531E-15
1.63416  3.332036E-15
1.63456  3.317182E-15
1.63497  3.331768E-15
1.63537  3.323218E-15
1.63577  3.343245E-15
1.63617  3.347352E-15
1.63658  3.340200E-15
1.63698  3.329664E-15
1.63738  3.335463E-15
1.63778  3.330379E-15
1.63819  3.346230E-15
1.63859  3.323189E-15
1.63899  3.355417E-15
1.63939  3.327238E-15
1.6398  3.342167E-15
1.6402  3.357675E-15
1.6406  3.349834E-15
1.64101  3.355308E-15
1.64141  3.370724E-15
1.64181  3.379553E-15
1.64221  3.361539E-15
1.64262  3.374248E-15
1.64302  3.384404E-15
1.64342  3.362914E-15
1.64382  3.323703E-15
1.64423  3.333909E-15
1.64463  3.327417E-15
1.64503  3.331930E-15
1.64543  3.356586E-15
1.64584  3.352859E-15
1.64624  3.352457E-15
1.64664  3.345438E-15
1.64704  3.343212E-15
1.64745  3.334562E-15
1.64785  3.357565E-15
1.64825  3.347841E-15
1.64865  3.363468E-15
1.64906  3.358253E-15
1.64946  3.330949E-15
1.64986  3.340193E-15
1.65026  3.311715E-15
1.65067  3.303754E-15
1.65107  3.336230E-15
1.65147  3.281248E-15
1.65187  3.278860E-15
1.65228  3.274527E-15
1.65268  3.284753E-15
1.65308  3.265365E-15
1.65348  3.269350E-15
1.65389  3.299170E-15
1.65429  3.300896E-15
1.65469  3.268581E-15
1.65509  3.270184E-15
1.6555  3.248436E-15
1.6559  3.278489E-15
1.6563  3.263600E-15
1.6567  3.267413E-15
1.65711  3.248126E-15
1.65751  3.254250E-15
1.65791  3.267130E-15
1.65831  3.274935E-15
1.65872  3.276559E-15
1.65912  3.295720E-15
1.65952  3.294376E-15
1.65992  3.279974E-15
1.66033  3.291161E-15
1.66073  3.272828E-15
1.66113  3.299658E-15
1.66153  3.284426E-15
1.66194  3.263469E-15
1.66234  3.294269E-15
1.66274  3.285976E-15
1.66314  3.292352E-15
1.66355  3.279925E-15
1.66395  3.327045E-15
1.66435  3.314994E-15
1.66475  3.319161E-15
1.66516  3.326205E-15
1.66556  3.352121E-15
1.66596  3.360391E-15
1.66636  3.372641E-15
1.66676  3.360043E-15
1.66717  3.353421E-15
1.66757  3.339425E-15
1.66797  3.362444E-15
1.66837  3.356805E-15
1.66878  3.335830E-15
1.66918  3.354655E-15
1.66958  3.313299E-15
1.66998  3.309636E-15
1.67039  3.324114E-15
1.67079  3.303190E-15
1.67119  3.305858E-15
1.67159  3.292795E-15
1.672  3.310920E-15
1.6724  3.297807E-15
1.6728  3.315122E-15
1.6732  3.285386E-15
1.67361  3.287973E-15
1.67401  3.259595E-15
1.67441  3.243829E-15
1.67481  3.236469E-15
1.67522  3.257906E-15
1.67562  3.235879E-15
1.67602  3.257681E-15
1.67642  3.245420E-15
1.67682  3.254479E-15
1.67723  3.270942E-15
1.67763  3.254335E-15
1.67803  3.250632E-15
1.67843  3.264584E-15
1.67884  3.240603E-15
1.67924  3.237397E-15
1.67964  3.221155E-15
1.68004  3.240171E-15
1.68045  3.230290E-15
1.68085  3.240098E-15
1.68125  3.243354E-15
1.68165  3.258986E-15
1.68206  3.261117E-15
1.68246  3.289378E-15
1.68286  3.275234E-15
1.68326  3.281163E-15
1.68366  3.271738E-15
1.68407  3.277961E-15
1.68447  3.273003E-15
1.68487  3.274799E-15
1.68527  3.272444E-15
1.68568  3.290647E-15
1.68608  3.324012E-15
1.68648  3.299973E-15
1.68688  3.268886E-15
1.68729  3.280516E-15
1.68769  3.289190E-15
1.68809  3.290957E-15
1.68849  3.302486E-15
1.68889  3.285000E-15
1.6893  3.296002E-15
1.6897  3.286640E-15
1.6901  3.298047E-15
1.6905  3.261837E-15
1.69091  3.267077E-15
1.69131  3.311660E-15
1.69171  3.287016E-15
1.69211  3.288074E-15
1.69252  3.288270E-15
1.69292  3.301530E-15
1.69332  3.300744E-15
1.69372  3.315200E-15
1.69412  3.283488E-15
1.69453  3.304970E-15
1.69493  3.318514E-15
1.69533  3.295835E-15
1.69573  3.279546E-15
1.69614  3.280685E-15
1.69654  3.301742E-15
1.69694  3.283013E-15
1.69734  3.310986E-15
1.69775  3.289138E-15
1.69815  3.285710E-15
1.69855  3.321966E-15
1.69895  3.375952E-15
1.69935  3.361831E-15
1.69976  3.341664E-15
1.70016  3.349364E-15
1.70056  3.324762E-15
1.70096  3.358141E-15
1.70137  3.352232E-15
1.70177  3.309587E-15
1.70217  3.315546E-15
1.70257  3.289021E-15
1.70298  3.273979E-15
1.70338  3.269548E-15
1.70378  3.278353E-15
1.70418  3.274287E-15
1.70458  3.257757E-15
1.70499  3.252446E-15
1.70539  3.242811E-15
1.70579  3.235111E-15
1.70619  3.233334E-15
1.7066  3.235070E-15
1.707  3.240087E-15
1.7074  3.247686E-15
1.7078  3.251944E-15
1.7082  3.249640E-15
1.70861  3.207596E-15
1.70901  3.216137E-15
1.70941  3.211282E-15
1.70981  3.207005E-15
1.71022  3.198657E-15
1.71062  3.207754E-15
1.71102  3.199417E-15
1.71142  3.208909E-15
1.71182  3.214128E-15
1.71223  3.196901E-15
1.71263  3.218593E-15
1.71303  3.194533E-15
1.71343  3.220274E-15
1.71384  3.221687E-15
1.71424  3.211699E-15
1.71464  3.237096E-15
1.71504  3.213582E-15
1.71545  3.207473E-15
1.71585  3.213512E-15
1.71625  3.203211E-15
1.71665  3.199258E-15
1.71705  3.194516E-15
1.71746  3.195948E-15
1.71786  3.191378E-15
1.71826  3.189500E-15
1.71866  3.193140E-15
1.71907  3.177150E-15
1.71947  3.179555E-15
1.71987  3.188125E-15
1.72027  3.154591E-15
1.72067  3.164923E-15
1.72108  3.211608E-15
1.72148  3.215987E-15
1.72188  3.206375E-15
1.72228  3.198353E-15
1.72269  3.206123E-15
1.72309  3.219643E-15
1.72349  3.232292E-15
1.72389  3.216333E-15
1.72429  3.208584E-15
1.7247  3.214390E-15
1.7251  3.230137E-15
1.7255  3.226043E-15
1.7259  3.229196E-15
1.72631  3.236531E-15
1.72671  3.251022E-15
1.72711  3.255116E-15
1.72751  3.259485E-15
1.72791  3.249489E-15
1.72832  3.271228E-15
1.72872  3.274492E-15
1.72912  3.267787E-15
1.72952  3.249217E-15
1.72993  3.255195E-15
1.73033  3.269908E-15
1.73073  3.283781E-15
1.73113  3.277966E-15
1.73153  3.278974E-15
1.73194  3.293109E-15
1.73234  3.331194E-15
1.73274  3.333234E-15
1.73314  3.310687E-15
1.73355  3.341402E-15
1.73395  3.355993E-15
1.73435  3.343983E-15
1.73475  3.372643E-15
1.73515  3.374126E-15
1.73556  3.365811E-15
1.73596  3.417801E-15
1.73636  3.399830E-15
1.73676  3.436637E-15
1.73717  3.458261E-15
1.73757  3.468924E-15
1.73797  3.460872E-15
1.73837  3.461697E-15
1.73878  3.449565E-15
1.73918  3.429824E-15
1.73958  3.413219E-15
1.73998  3.437161E-15
1.74038  3.408098E-15
1.74079  3.401089E-15
1.74119  3.398564E-15
1.74159  3.401818E-15
1.74199  3.398827E-15
1.7424  3.381180E-15
1.7428  3.359011E-15
1.7432  3.381019E-15
1.7436  3.364811E-15
1.744  3.357296E-15
1.74441  3.387208E-15
1.74481  3.373206E-15
1.74521  3.356685E-15
1.74561  3.367893E-15
1.74602  3.351837E-15
1.74642  3.336662E-15
1.74682  3.342952E-15
1.74722  3.342320E-15
1.74762  3.330545E-15
1.74803  3.314044E-15
1.74843  3.303778E-15
1.74883  3.298916E-15
1.74923  3.301340E-15
1.74964  3.297439E-15
1.75004  3.301594E-15
1.75044  3.287149E-15
1.75084  3.292599E-15
1.75125  3.298241E-15
1.75165  3.292448E-15
1.75205  3.299022E-15
1.75245  3.269407E-15
1.75285  3.282963E-15
1.75326  3.286844E-15
1.75366  3.245865E-15
1.75406  3.245011E-15
1.75446  3.244906E-15
1.75487  3.252461E-15
1.75527  3.280923E-15
1.75567  3.266580E-15
1.75607  3.241399E-15
1.75647  3.250704E-15
1.75688  3.231605E-15
1.75728  3.241589E-15
1.75768  3.248719E-15
1.75808  3.237037E-15
1.75849  3.229261E-15
1.75889  3.245893E-15
1.75929  3.226461E-15
1.75969  3.213140E-15
1.7601  3.213207E-15
1.7605  3.215945E-15
1.7609  3.230280E-15
1.7613  3.246477E-15
1.7617  3.230556E-15
1.76211  3.221860E-15
1.76251  3.238481E-15
1.76291  3.238497E-15
1.76331  3.224995E-15
1.76372  3.229251E-15
1.76412  3.220231E-15
1.76452  3.216676E-15
1.76492  3.207819E-15
1.76532  3.170316E-15
1.76573  3.172538E-15
1.76613  3.201261E-15
1.76653  3.212873E-15
1.76693  3.150834E-15
1.76734  3.162851E-15
1.76774  3.124328E-15
1.76814  3.100820E-15
1.76854  3.129269E-15
1.76895  3.123751E-15
1.76935  3.135849E-15
1.76975  3.119242E-15
1.77015  3.125512E-15
1.77055  3.151613E-15
1.77096  3.151296E-15
1.77136  3.148743E-15
1.77176  3.186256E-15
1.77216  3.167626E-15
1.77257  3.187170E-15
1.77297  3.176695E-15
1.77337  3.160027E-15
1.77377  3.171811E-15
1.77418  3.190393E-15
1.77458  3.204231E-15
1.77498  3.191125E-15
1.77538  3.168044E-15
1.77578  3.188477E-15
1.77619  3.202759E-15
1.77659  3.223506E-15
1.77699  3.202176E-15
1.77739  3.220889E-15
1.7778  3.197262E-15
1.7782  3.143568E-15
1.7786  3.203558E-15
1.779  3.199225E-15
1.77941  3.224483E-15
1.77981  3.185095E-15
1.78021  3.212103E-15
1.78061  3.190794E-15
1.78102  3.203335E-15
1.78142  3.230596E-15
1.78182  3.236825E-15
1.78222  3.249517E-15
1.78262  3.251487E-15
1.78303  3.245221E-15
1.78343  3.226219E-15
1.78383  3.226994E-15
1.78423  3.155397E-15
1.78464  3.200179E-15
1.78504  3.240530E-15
1.78544  3.239555E-15
1.78584  3.250821E-15
1.78625  3.213661E-15
1.78665  3.216611E-15
1.78705  3.242869E-15
1.78745  3.262097E-15
1.78786  3.271288E-15
1.78826  3.247856E-15
1.78866  3.239882E-15
1.78906  3.258876E-15
1.78947  3.255291E-15
1.78987  3.248520E-15
1.79027  3.201752E-15
1.79067  3.246693E-15
1.79107  3.273840E-15
1.79148  3.304315E-15
1.79188  3.271820E-15
1.79228  3.291158E-15
1.79268  3.268778E-15
1.79309  3.233502E-15
1.79349  3.303639E-15
1.79389  3.388919E-15
1.79429  3.346673E-15
1.7947  3.310709E-15
1.7951  3.323127E-15
1.7955  3.339338E-15
1.7959  3.364562E-15
1.79631  3.346169E-15
1.79671  3.340764E-15
1.79711  3.387532E-15
1.79751  3.357355E-15
1.79792  3.338942E-15
1.79832  3.366906E-15
1.79872  3.397186E-15
1.79912  3.321372E-15
1.79953  3.303556E-15
1.79993  3.291415E-15
1.80033  3.327207E-15
1.80073  3.281961E-15
1.80114  3.390447E-15
1.80154  3.374634E-15
1.80194  3.293603E-15
1.80234  3.375719E-15
1.80275  3.391939E-15
1.80315  3.342203E-15
1.80355  3.338811E-15
1.80395  3.334751E-15
1.80436  3.344771E-15
1.80476  3.334997E-15
1.80516  3.280873E-15
1.80556  3.129157E-15
1.80597  3.118443E-15
1.80637  3.335196E-15
1.80677  3.413890E-15
1.80717  3.349157E-15
1.80758  3.374863E-15
1.80798  3.357210E-15
1.80838  3.247056E-15
1.8824  3.460475E-15
1.88294  3.620659E-15
1.88348  3.511035E-15
1.88402  3.233835E-15
1.88456  3.215971E-15
1.8851  3.259676E-15
1.88564  3.453016E-15
1.88618  3.443903E-15
1.88672  3.237414E-15
1.88726  3.225514E-15
1.8878  3.272532E-15
1.88834  3.343745E-15
1.88887  3.465033E-15
1.88941  3.408594E-15
1.88995  3.168720E-15
1.89049  3.075689E-15
1.89103  3.274378E-15
1.89157  3.391206E-15
1.89211  3.330150E-15
1.89265  3.297412E-15
1.89319  3.184636E-15
1.89373  3.170877E-15
1.89427  3.175136E-15
1.89481  3.215725E-15
1.89535  3.300859E-15
1.89589  3.236673E-15
1.89643  3.289307E-15
1.89697  3.293849E-15
1.89751  3.244306E-15
1.89805  3.330530E-15
1.89859  3.360193E-15
1.89912  3.389118E-15
1.89966  3.270730E-15
1.9002  2.863155E-15
1.90074  3.137342E-15
1.90128  3.383637E-15
1.90182  3.530618E-15
1.90236  3.393781E-15
1.9029  3.094377E-15
1.90344  3.172099E-15
1.90398  3.390579E-15
1.90452  3.550006E-15
1.90506  3.374258E-15
1.9056  3.266911E-15
1.90614  2.978015E-15
1.90668  2.999160E-15
1.90722  3.263772E-15
1.90775  3.386021E-15
1.90829  3.374274E-15
1.90883  3.313157E-15
1.90937  3.340403E-15
1.90991  3.329818E-15
1.91045  3.415092E-15
1.91099  3.288733E-15
1.91153  3.208188E-15
1.91207  3.397493E-15
1.91261  3.565001E-15
1.91315  3.522972E-15
1.91369  3.316795E-15
1.91423  3.178134E-15
1.91477  3.422107E-15
1.9153  3.641030E-15
1.91584  3.507431E-15
1.91638  3.347281E-15
1.91692  3.324573E-15
1.91746  3.442992E-15
1.918  3.585263E-15
1.91854  3.671036E-15
1.91908  3.660461E-15
1.91962  3.585113E-15
1.92016  3.391536E-15
1.9207  3.126005E-15
1.92124  3.468238E-15
1.92177  3.699586E-15
1.92231  3.774737E-15
1.92285  3.846946E-15
1.92339  3.765185E-15
1.92393  3.551882E-15
1.92447  3.585125E-15
1.92501  3.806181E-15
1.92555  4.000189E-15
1.92609  4.078700E-15
1.92663  3.934686E-15
1.92717  4.018955E-15
1.9277  4.176155E-15
1.92824  4.215940E-15
1.92878  4.449948E-15
1.92932  4.609053E-15
1.92986  4.705733E-15
1.9304  4.726442E-15
1.93094  4.685384E-15
1.93148  4.860538E-15
1.93202  5.032750E-15
1.93256  5.154318E-15
1.93309  5.248034E-15
1.93363  5.180163E-15
1.93417  5.297466E-15
1.93471  5.488524E-15
1.93525  5.647091E-15
1.93579  5.741953E-15
1.93633  5.759252E-15
1.93687  5.961082E-15
1.93741  6.136212E-15
1.93795  6.421519E-15
1.93848  6.673581E-15
1.93902  6.706260E-15
1.93956  6.937245E-15
1.9401  7.213232E-15
1.94064  7.159942E-15
1.94118  6.941141E-15
1.94172  6.712977E-15
1.94226  6.488957E-15
1.9428  6.262999E-15
1.94334  6.088641E-15
1.94387  5.925942E-15
1.94441  5.786347E-15
1.94495  5.753138E-15
1.94549  5.648252E-15
1.94603  5.549266E-15
1.94657  5.435573E-15
1.94711  5.249053E-15
1.94765  5.059191E-15
1.94819  4.869503E-15
1.94872  4.698583E-15
1.94926  4.570119E-15
1.9498  4.460152E-15
1.95034  4.318691E-15
1.95088  4.251986E-15
1.95142  4.147061E-15
1.95196  4.074197E-15
1.9525  3.989809E-15
1.95303  3.893977E-15
1.95357  3.823378E-15
1.95411  3.803170E-15
1.95465  3.756035E-15
1.95519  3.724454E-15
1.95573  3.661341E-15
1.95627  3.613085E-15
1.95681  3.581011E-15
1.95734  3.541484E-15
1.95788  3.527297E-15
1.95842  3.454965E-15
1.95896  3.405015E-15
1.9595  3.407980E-15
1.96004  3.390380E-15
1.96058  3.357844E-15
1.96112  3.352294E-15
1.96165  3.335312E-15
1.96219  3.298999E-15
1.96273  3.266119E-15
1.96327  3.250602E-15
1.96381  3.235923E-15
1.96435  3.226072E-15
1.96489  3.207373E-15
1.96543  3.208743E-15
1.96596  3.186520E-15
1.9665  3.170509E-15
1.96704  3.172979E-15
1.96758  3.135426E-15
1.96812  3.142826E-15
1.96866  3.127168E-15
1.9692  3.121095E-15
1.96973  3.118910E-15
1.97027  3.113574E-15
1.97081  3.092171E-15
1.97135  3.097409E-15
1.97189  3.084782E-15
1.97243  3.094807E-15
1.97297  3.115102E-15
1.9735  3.070412E-15
1.97404  3.088697E-15
1.97458  3.080363E-15
1.97512  3.061101E-15
1.97566  3.066309E-15
1.9762  3.059398E-15
1.97674  3.060668E-15
1.97727  3.062089E-15
1.97781  3.069710E-15
1.97835  3.066768E-15
1.97889  3.080651E-15
1.97943  3.062541E-15
1.97997  3.067466E-15
1.98051  3.071341E-15
1.98104  3.059129E-15
1.98158  3.068053E-15
1.98212  3.071291E-15
1.98266  3.067067E-15
1.9832  3.062126E-15
1.98374  3.066607E-15
1.98428  3.074813E-15
1.98481  3.062764E-15
1.98535  3.080907E-15
1.98589  3.077662E-15
1.98643  3.072257E-15
1.98697  3.074889E-15
1.98751  3.081611E-15
1.98804  3.078620E-15
1.98858  3.088846E-15
1.98912  3.070172E-15
1.98966  3.059930E-15
1.9902  3.071883E-15
1.99074  3.077050E-15
1.99128  3.057034E-15
1.99181  3.056445E-15
1.99235  3.064743E-15
1.99289  3.053794E-15
1.99343  3.043826E-15
1.99397  3.063987E-15
1.99451  3.074748E-15
1.99504  3.066173E-15
1.99558  3.065614E-15
1.99612  3.065026E-15
1.99666  3.071849E-15
1.9972  3.063001E-15
1.99774  3.060928E-15
1.99827  3.096154E-15
1.99881  3.094374E-15
1.99935  3.106467E-15
1.99989  3.119328E-15
2.00043  3.133218E-15
2.00097  3.149915E-15
2.0015  3.166339E-15
2.00204  3.166922E-15
2.00258  3.173330E-15
2.00312  3.209018E-15
2.00366  3.200503E-15
2.0042  3.223732E-15
2.00473  3.196216E-15
2.00527  3.197738E-15
2.00581  3.211405E-15
2.00635  3.242054E-15
2.00689  3.227613E-15
2.00743  3.224167E-15
2.00796  3.253130E-15
2.0085  3.251692E-15
2.00904  3.257514E-15
2.00958  3.237167E-15
2.01012  3.267563E-15
2.01065  3.275839E-15
2.01119  3.284720E-15
2.01173  3.290229E-15
2.01227  3.308155E-15
2.01281  3.311695E-15
2.01335  3.297316E-15
2.01388  3.286581E-15
2.01442  3.279834E-15
2.01496  3.251623E-15
2.0155  3.260241E-15
2.01604  3.236675E-15
2.01657  3.240912E-15
2.01711  3.233156E-15
2.01765  3.202341E-15
2.01819  3.202772E-15
2.01873  3.220689E-15
2.01927  3.191551E-15
2.0198  3.196929E-15
2.02034  3.164006E-15
2.02088  3.151313E-15
2.02142  3.166887E-15
2.02196  3.154195E-15
2.02249  3.152335E-15
2.02303  3.163982E-15
2.02357  3.172680E-15
2.02411  3.181511E-15
2.02465  3.177268E-15
2.02518  3.167918E-15
2.02572  3.153874E-15
2.02626  3.157787E-15
2.0268  3.138918E-15
2.02734  3.154956E-15
2.02788  3.124982E-15
2.02841  3.151478E-15
2.02895  3.157451E-15
2.02949  3.171218E-15
2.03003  3.185468E-15
2.03057  3.200567E-15
2.0311  3.191076E-15
2.03164  3.188963E-15
2.03218  3.144384E-15
2.03272  3.127443E-15
2.03326  3.105869E-15
2.03379  3.060514E-15
2.03433  3.048298E-15
2.03487  3.043411E-15
2.03541  3.030498E-15
2.03595  3.020755E-15
2.03648  3.011296E-15
2.03702  3.001109E-15
2.03756  2.998755E-15
2.0381  2.991112E-15
2.03864  2.991343E-15
2.03917  2.969104E-15
2.03971  2.973130E-15
2.04025  2.970958E-15
2.04079  2.968867E-15
2.04133  2.963677E-15
2.04186  2.944216E-15
2.0424  2.939742E-15
2.04294  2.934583E-15
2.04348  2.950711E-15
2.04402  2.946985E-15
2.04455  2.935467E-15
2.04509  2.923263E-15
2.04563  2.932265E-15
2.04617  2.927993E-15
2.0467  2.932736E-15
2.04724  2.939537E-15
2.04778  2.934651E-15
2.04832  2.927231E-15
2.04886  2.932064E-15
2.04939  2.938240E-15
2.04993  2.932062E-15
2.05047  2.933847E-15
2.05101  2.935157E-15
2.05155  2.936397E-15
2.05208  2.922609E-15
2.05262  2.942965E-15
2.05316  2.931640E-15
2.0537  2.942952E-15
2.05423  2.919576E-15
2.05477  2.926640E-15
2.05531  2.934349E-15
2.05585  2.946015E-15
2.05639  2.933741E-15
2.05692  2.951210E-15
2.05746  2.943740E-15
2.058  2.933969E-15
2.05854  2.934624E-15
2.05908  2.934744E-15
2.05961  2.937034E-15
2.06015  2.925870E-15
2.06069  2.913385E-15
2.06123  2.908500E-15
2.06176  2.899153E-15
2.0623  2.915653E-15
2.06284  2.922120E-15
2.06338  2.925621E-15
2.06392  2.922582E-15
2.06445  2.920593E-15
2.06499  2.918765E-15
2.06553  2.915091E-15
2.06607  2.922104E-15
2.0666  2.915382E-15
2.06714  2.934272E-15
2.06768  2.921686E-15
2.06822  2.904984E-15
2.06876  2.918546E-15
2.06929  2.918413E-15
2.06983  2.936275E-15
2.07037  2.928614E-15
2.07091  2.915978E-15
2.07144  2.925282E-15
2.07198  2.920548E-15
2.07252  2.928913E-15
2.07306  2.917489E-15
2.07359  2.920353E-15
2.07413  2.931594E-15
2.07467  2.914781E-15
2.07521  2.917767E-15
2.07575  2.928301E-15
2.07628  2.916585E-15
2.07682  2.902648E-15
2.07736  2.906290E-15
2.0779  2.895623E-15
2.07843  2.912948E-15
2.07897  2.906792E-15
2.07951  2.915217E-15
2.08005  2.902602E-15
2.08058  2.915114E-15
2.08112  2.901824E-15
2.08166  2.904386E-15
2.0822  2.904718E-15
2.08273  2.898734E-15
2.08327  2.911588E-15
2.08381  2.911658E-15
2.08435  2.916097E-15
2.08489  2.900789E-15
2.08542  2.900910E-15
2.08596  2.906166E-15
2.0865  2.892240E-15
2.08704  2.905266E-15
2.08757  2.913640E-15
2.08811  2.912156E-15
2.08865  2.905304E-15
2.08919  2.915011E-15
2.08972  2.903265E-15
2.09026  2.907966E-15
2.0908  2.912475E-15
2.09134  2.903676E-15
2.09187  2.912141E-15
2.09241  2.911908E-15
2.09295  2.901949E-15
2.09349  2.888639E-15
2.09402  2.897296E-15
2.09456  2.919907E-15
2.0951  2.904196E-15
2.09564  2.907172E-15
2.09617  2.912045E-15
2.09671  2.907554E-15
2.09725  2.899331E-15
2.09779  2.922002E-15
2.09832  2.892116E-15
2.09886  2.907774E-15
2.0994  2.900055E-15
2.09994  2.898632E-15
2.10047  2.901073E-15
2.10101  2.902838E-15
2.10155  2.909496E-15
2.10209  2.912522E-15
2.10262  2.931298E-15
2.10316  2.933648E-15
2.1037  2.928119E-15
2.10424  2.926645E-15
2.10477  2.933828E-15
2.10531  2.926472E-15
2.10585  2.914526E-15
2.10639  2.919712E-15
2.10692  2.915968E-15
2.10746  2.917642E-15
2.108  2.931131E-15
2.10854  2.921959E-15
2.10907  2.922847E-15
2.10961  2.920385E-15
2.11015  2.927285E-15
2.11069  2.928585E-15
2.11122  2.933186E-15
2.11176  2.936141E-15
2.1123  2.925235E-15
2.11284  2.927837E-15
2.11337  2.924084E-15
2.11391  2.936694E-15
2.11445  2.927967E-15
2.11498  2.926473E-15
2.11552  2.923335E-15
2.11606  2.927744E-15
2.1166  2.924565E-15
2.11713  2.927329E-15
2.11767  2.928015E-15
2.11821  2.935752E-15
2.11875  2.929053E-15
2.11928  2.918813E-15
2.11982  2.936114E-15
2.12036  2.932391E-15
2.1209  2.914726E-15
2.12143  2.922716E-15
2.12197  2.930423E-15
2.12251  2.943647E-15
2.12305  2.935052E-15
2.12358  2.923279E-15
2.12412  2.921110E-15
2.12466  2.923279E-15
2.12519  2.931994E-15
2.12573  2.945007E-15
2.12627  2.938429E-15
2.12681  2.937128E-15
2.12734  2.936684E-15
2.12788  2.953005E-15
2.12842  2.941838E-15
2.12896  2.972564E-15
2.12949  2.961225E-15
2.13003  2.955939E-15
2.13057  2.946053E-15
2.1311  2.951490E-15
2.13164  2.942199E-15
2.13218  2.940353E-15
2.13272  2.922155E-15
2.13325  2.923850E-15
2.13379  2.926775E-15
2.13433  2.934178E-15
2.13487  2.932110E-15
2.1354  2.932877E-15
2.13594  2.938202E-15
2.13648  2.933764E-15
2.13701  2.934439E-15
2.13755  2.909404E-15
2.13809  2.919884E-15
2.13863  2.908859E-15
2.13916  2.909827E-15
2.1397  2.919107E-15
2.14024  2.910533E-15
2.14078  2.900446E-15
2.14131  2.903432E-15
2.14185  2.910694E-15
2.14239  2.907668E-15
2.14292  2.912812E-15
2.14346  2.895817E-15
2.144  2.918188E-15
2.14454  2.919903E-15
2.14507  2.926802E-15
2.14561  2.917653E-15
2.14615  2.910855E-15
2.14668  2.919530E-15
2.14722  2.905419E-15
2.14776  2.912792E-15
2.1483  2.908233E-15
2.14883  2.912812E-15
2.14937  2.908979E-15
2.14991  2.917240E-15
2.15044  2.896836E-15
2.15098  2.891712E-15
2.15152  2.897411E-15
2.15206  2.901365E-15
2.15259  2.899116E-15
2.15313  2.891219E-15
2.15367  2.884078E-15
2.1542  2.880679E-15
2.15474  2.893630E-15
2.15528  2.897089E-15
2.15582  2.890181E-15
2.15635  2.884301E-15
2.15689  2.887619E-15
2.15743  2.883232E-15
2.15796  2.893510E-15
2.1585  2.902658E-15
2.15904  2.902093E-15
2.15958  2.905462E-15
2.16011  2.881479E-15
2.16065  2.885453E-15
2.16119  2.882004E-15
2.16172  2.879432E-15
2.16226  2.888298E-15
2.1628  2.879745E-15
2.16334  2.857901E-15
2.16387  2.857428E-15
2.16441  2.854564E-15
2.16495  2.882056E-15
2.16548  2.887281E-15
2.16602  2.899575E-15
2.16656  2.898183E-15
2.1671  2.903115E-15
2.16763  2.879003E-15
2.16817  2.886939E-15
2.16871  2.872720E-15
2.16924  2.874728E-15
2.16978  2.884157E-15
2.17032  2.890400E-15
2.17085  2.884188E-15
2.17139  2.880084E-15
2.17193  2.880710E-15
2.17247  2.877412E-15
2.173  2.887558E-15
2.17354  2.877413E-15
2.17408  2.884483E-15
2.17461  2.877858E-15
2.17515  2.869972E-15
2.17569  2.874541E-15
2.17623  2.872867E-15
2.17676  2.882226E-15
2.1773  2.882570E-15
2.17784  2.871831E-15
2.17837  2.885989E-15
2.17891  2.875694E-15
2.17945  2.881896E-15
2.17998  2.884115E-15
2.18052  2.880727E-15
2.18106  2.880798E-15
2.1816  2.877481E-15
2.18213  2.885488E-15
2.18267  2.884390E-15
2.18321  2.882465E-15
2.18374  2.895836E-15
2.18428  2.880530E-15
2.18482  2.875942E-15
2.18535  2.881458E-15
2.18589  2.875802E-15
2.18643  2.869793E-15
2.18696  2.875087E-15
2.1875  2.881471E-15
2.18804  2.865640E-15
2.18858  2.854841E-15
2.18911  2.868576E-15
2.18965  2.859541E-15
2.19019  2.857606E-15
2.19072  2.852061E-15
2.19126  2.865281E-15
2.1918  2.876081E-15
2.19233  2.870233E-15
2.19287  2.882778E-15
2.19341  2.890250E-15
2.19395  2.899880E-15
2.19448  2.904439E-15
2.19502  2.921964E-15
2.19556  2.912990E-15
2.19609  2.878779E-15
2.19663  2.890052E-15
2.19717  2.886241E-15
2.1977  2.875352E-15
2.19824  2.867297E-15
2.19878  2.870524E-15
2.19931  2.863225E-15
2.19985  2.854443E-15
2.20039  2.882525E-15
2.20093  2.876728E-15
2.20146  2.857340E-15
2.202  2.872162E-15
2.20254  2.861304E-15
2.20307  2.880795E-15
2.20361  2.878557E-15
2.20415  2.873234E-15
2.20468  2.864957E-15
2.20522  2.873649E-15
2.20576  2.882916E-15
2.20629  2.876585E-15
2.20683  2.880921E-15
2.20737  2.866948E-15
2.2079  2.880802E-15
2.20844  2.872565E-15
2.20898  2.882679E-15
2.20952  2.875097E-15
2.21005  2.884173E-15
2.21059  2.877489E-15
2.21113  2.877994E-15
2.21166  2.889105E-15
2.2122  2.880002E-15
2.21274  2.893785E-15
2.21327  2.878834E-15
2.21381  2.879621E-15
2.21435  2.894796E-15
2.21488  2.891308E-15
2.21542  2.880209E-15
2.21596  2.869825E-15
2.21649  2.894305E-15
2.21703  2.883105E-15
2.21757  2.887865E-15
2.2181  2.906426E-15
2.21864  2.899098E-15
2.21918  2.898221E-15
2.21972  2.894663E-15
2.22025  2.901510E-15
2.22079  2.893486E-15
2.22133  2.910938E-15
2.22186  2.920547E-15
2.2224  2.907461E-15
2.22294  2.905748E-15
2.22347  2.922545E-15
2.22401  2.917778E-15
2.22455  2.918111E-15
2.22508  2.930764E-15
2.22562  2.934596E-15
2.22616  2.928235E-15
2.22669  2.947361E-15
2.22723  2.940516E-15
2.22777  2.959298E-15
2.2283  2.973746E-15
2.22884  2.970107E-15
2.22938  2.966065E-15
2.22991  2.986592E-15
2.23045  2.987429E-15
2.23099  3.000233E-15
2.23152  3.010274E-15
2.23206  3.005214E-15
2.2326  2.998672E-15
2.23313  3.019450E-15
2.23367  3.026205E-15
2.23421  3.043716E-15
2.23475  3.039150E-15
2.23528  3.054736E-15
2.23582  3.068073E-15
2.23636  3.053315E-15
2.23689  3.096471E-15
2.23743  3.101301E-15
2.23797  3.120525E-15
2.2385  3.144063E-15
2.23904  3.154245E-15
2.23958  3.164255E-15
2.24011  3.175183E-15
2.24065  3.178560E-15
2.24119  3.168974E-15
2.24172  3.176857E-15
2.24226  3.163269E-15
2.2428  3.144641E-15
2.24333  3.134218E-15
2.24387  3.095672E-15
2.24441  3.102647E-15
2.24494  3.092739E-15
2.24548  3.078728E-15
2.24602  3.057490E-15
2.24655  3.061654E-15
2.24709  3.053510E-15
2.24763  3.039640E-15
2.24816  3.026668E-15
2.2487  3.021155E-15
2.24924  3.003636E-15
2.24977  2.987197E-15
2.25031  3.001249E-15
2.25085  2.958340E-15
2.25138  2.969288E-15
2.25192  2.960358E-15
2.25246  2.947709E-15
2.25299  2.933417E-15
2.25353  2.929225E-15
2.25407  2.910175E-15
2.2546  2.905197E-15
2.25514  2.913181E-15
2.25568  2.909856E-15
2.25621  2.898740E-15
2.25675  2.893338E-15
2.25729  2.896353E-15
2.25782  2.881155E-15
2.25836  2.888655E-15
2.2589  2.881571E-15
2.25943  2.880665E-15
2.25997  2.862977E-15
2.26051  2.860459E-15
2.26104  2.869864E-15
2.26158  2.865269E-15
2.26212  2.868939E-15
2.26265  2.864032E-15
2.26319  2.847393E-15
2.26373  2.856980E-15
2.26426  2.853111E-15
2.2648  2.848910E-15
2.26534  2.830194E-15
2.26587  2.858760E-15
2.26641  2.847886E-15
2.26695  2.842163E-15
2.26748  2.828991E-15
2.26802  2.818702E-15
2.26856  2.841492E-15
2.26909  2.837149E-15
2.26963  2.818828E-15
2.27017  2.825854E-15
2.2707  2.830996E-15
2.27124  2.829456E-15
2.27178  2.814853E-15
2.27231  2.823482E-15
2.27285  2.820218E-15
2.27339  2.823012E-15
2.27392  2.819285E-15
2.27446  2.818047E-15
2.275  2.795089E-15
2.27553  2.807437E-15
2.27607  2.798882E-15
2.27661  2.820301E-15
2.27714  2.822792E-15
2.27768  2.821806E-15
2.27822  2.799242E-15
2.27875  2.796956E-15
2.27929  2.796363E-15
2.27983  2.798300E-15
2.28036  2.776291E-15
2.2809  2.779236E-15
2.28144  2.800513E-15
2.28197  2.771288E-15
2.28251  2.769486E-15
2.28305  2.780634E-15
2.28358  2.798323E-15
2.28412  2.795251E-15
2.28465  2.782837E-15
2.28519  2.787575E-15
2.28573  2.782810E-15
2.28626  2.797123E-15
2.2868  2.787591E-15
2.28734  2.787412E-15
2.28787  2.806924E-15
2.28841  2.794057E-15
2.28895  2.776483E-15
2.28948  2.780647E-15
2.29002  2.786192E-15
2.29056  2.798740E-15
2.29109  2.805736E-15
2.29163  2.789745E-15
2.29217  2.779246E-15
2.2927  2.794173E-15
2.29324  2.800917E-15
2.29378  2.792756E-15
2.29431  2.794431E-15
2.29485  2.789021E-15
2.29539  2.795815E-15
2.29592  2.790033E-15
2.29646  2.803014E-15
2.297  2.796748E-15
2.29753  2.780858E-15
2.29807  2.787662E-15
2.29861  2.785931E-15
2.29914  2.806128E-15
2.29968  2.801041E-15
2.30022  2.794916E-15
2.30075  2.797699E-15
2.30129  2.792119E-15
2.30183  2.789218E-15
2.30236  2.788112E-15
2.3029  2.762186E-15
2.30343  2.775712E-15
2.30397  2.772983E-15
2.30451  2.771574E-15
2.30504  2.791377E-15
2.30558  2.775458E-15
2.30612  2.768708E-15
2.30665  2.784178E-15
2.30719  2.775051E-15
2.30773  2.779023E-15
2.30826  2.791087E-15
2.3088  2.775188E-15
2.30934  2.785932E-15
2.30987  2.778186E-15
2.31041  2.762146E-15
2.31095  2.779127E-15
2.31148  2.755580E-15
2.31202  2.744316E-15
2.31256  2.736993E-15
2.31309  2.766117E-15
2.31363  2.765736E-15
2.31417  2.773265E-15
2.3147  2.763685E-15
2.31524  2.774902E-15
2.31577  2.758500E-15
2.31631  2.742541E-15
2.31685  2.740387E-15
2.31738  2.776866E-15
2.31792  2.792647E-15
2.31846  2.806665E-15
2.31899  2.799584E-15
2.31953  2.774295E-15
2.32007  2.760755E-15
2.3206  2.772929E-15
2.32114  2.772548E-15
2.32168  2.768581E-15
2.32221  2.771747E-15
2.32275  2.782168E-15
2.32329  2.784326E-15
2.32382  2.791190E-15
2.32436  2.768340E-15
2.3249  2.780323E-15
2.32543  2.752304E-15
2.32597  2.775108E-15
2.3265  2.760380E-15
2.32704  2.783768E-15
2.32758  2.749472E-15
2.32811  2.740205E-15
2.32865  2.751613E-15
2.32919  2.768130E-15
2.32972  2.775336E-15
2.33026  2.775540E-15
2.3308  2.759179E-15
2.33133  2.748341E-15
2.33187  2.760454E-15
2.33241  2.760416E-15
2.33294  2.774282E-15
2.33348  2.756834E-15
2.33402  2.755859E-15
2.33455  2.766541E-15
2.33509  2.754211E-15
2.33563  2.761075E-15
2.33616  2.749420E-15
2.3367  2.760616E-15
2.33723  2.770483E-15
2.33777  2.764269E-15
2.33831  2.767495E-15
2.33884  2.771034E-15
2.33938  2.751984E-15
2.33992  2.740934E-15
2.34045  2.761157E-15
2.34099  2.764505E-15
2.34153  2.770129E-15
2.34206  2.763412E-15
2.3426  2.763626E-15
2.34314  2.734491E-15
2.34367  2.746292E-15
2.34421  2.751039E-15
2.34475  2.748573E-15
2.34528  2.750662E-15
2.34582  2.751561E-15
2.34635  2.756399E-15
2.34689  2.747567E-15
2.34743  2.739207E-15
2.34796  2.733376E-15
2.3485  2.760218E-15
2.34904  2.759364E-15
2.34957  2.767507E-15
2.35011  2.741748E-15
2.35065  2.741217E-15
2.35118  2.762286E-15
2.35172  2.783162E-15
2.35226  2.767821E-15
2.35279  2.756389E-15
2.35333  2.758981E-15
2.35387  2.766308E-15
2.3544  2.777060E-15
2.35494  2.751111E-15
2.35547  2.729635E-15
2.35601  2.762782E-15
2.35655  2.765243E-15
2.35708  2.776528E-15
2.35762  2.753118E-15
2.35816  2.711646E-15
2.35869  2.741317E-15
2.35923  2.760712E-15
2.35977  2.770033E-15
2.3603  2.773753E-15
2.36084  2.726901E-15
2.36138  2.726018E-15
2.36191  2.754590E-15
2.36245  2.759187E-15
2.36299  2.751483E-15
2.36352  2.749521E-15
2.36406  2.736196E-15
2.36459  2.751874E-15
2.36513  2.757709E-15
2.36567  2.744868E-15
2.3662  2.748739E-15
2.36674  2.724111E-15
2.36728  2.713305E-15
2.36781  2.769751E-15
2.36835  2.773077E-15
2.36889  2.790024E-15
2.36942  2.747496E-15
2.36996  2.685486E-15
2.3705  2.662531E-15
2.37103  2.690478E-15
2.37157  2.766807E-15
2.37211  2.757029E-15
2.37264  2.749880E-15
2.37318  2.727821E-15
2.37371  2.728328E-15
2.37425  2.708910E-15
2.37479  2.702113E-15
2.37532  2.714919E-15
2.37586  2.703579E-15
2.3764  2.672738E-15
2.37693  2.694922E-15
2.37747  2.709682E-15
2.37801  2.717049E-15
2.37854  2.730822E-15
2.37908  2.735972E-15
2.37962  2.710973E-15
2.38015  2.704257E-15
2.38069  2.730722E-15
2.38122  2.706832E-15
2.38176  2.761742E-15
2.3823  2.728233E-15
2.38283  2.699538E-15
2.38337  2.683878E-15
2.38391  2.700188E-15
2.38444  2.743061E-15
2.38498  2.771188E-15
2.38552  2.729086E-15
2.38605  2.697924E-15
2.38659  2.727057E-15
2.38713  2.707751E-15
2.38766  2.708126E-15
2.3882  2.734671E-15
2.38873  2.731501E-15
2.38927  2.727042E-15
2.38981  2.723298E-15
2.39034  2.728387E-15
2.39088  2.684363E-15
2.39142  2.679169E-15
2.39195  2.736021E-15
2.39249  2.725075E-15
2.39303  2.741647E-15
2.39356  2.709902E-15
2.3941  2.721519E-15
2.39464  2.700893E-15
2.39517  2.721383E-15
2.39571  2.716995E-15
2.39625  2.684022E-15
2.39678  2.692213E-15
2.39732  2.722372E-15
2.39785  2.741321E-15
2.39839  2.738856E-15
2.39893  2.735344E-15
2.39946  2.702845E-15
2.4  2.690751E-15
2.40054  2.708260E-15
2.40107  2.705765E-15
2.40161  2.714641E-15
2.40215  2.716397E-15
2.40268  2.723410E-15
2.40322  2.707117E-15
2.40376  2.651322E-15
2.40429  2.676323E-15
2.40483  2.709584E-15
2.40536  2.728935E-15
2.4059  2.704675E-15
2.40644  2.664391E-15
2.40697  2.648592E-15
2.40751  2.694391E-15
2.40805  2.720994E-15
2.40858  2.719566E-15
2.40912  2.671226E-15
2.40966  2.663846E-15
2.41019  2.702142E-15
2.41073  2.722691E-15
2.41127  2.699187E-15
2.4118  2.670597E-15
2.41234  2.703514E-15
2.41287  2.735766E-15
2.41341  2.682401E-15
2.41395  2.677932E-15
2.41448  2.715864E-15
2.41502  2.721366E-15
2.41556  2.625763E-15
2.41609  2.645395E-15
2.41663  2.730390E-15
2.41717  2.807155E-15
2.4177  2.758988E-15
2.41824  2.638701E-15
2.41878  2.575064E-15
2.41931  2.677139E-15
2.41985  2.761206E-15
2.42039  2.762790E-15
2.42092  2.722096E-15
2.42146  2.690537E-15
2.42199  2.679643E-15
2.42253  2.705025E-15
2.42307  2.711887E-15
2.4236  2.664708E-15
2.42414  2.648195E-15
2.42468  2.702017E-15
2.42521  2.739565E-15
2.42575  2.688489E-15
