0.806434  1.802310E-15
0.806636  1.691820E-15
0.806838  1.644250E-15
0.807039  1.798380E-15
0.807241  1.731230E-15
0.807443  1.770340E-15
0.807645  1.672840E-15
0.807847  1.797200E-15
0.808048  1.785490E-15
0.80825  1.636800E-15
0.808452  1.714430E-15
0.808654  1.608600E-15
0.808856  1.587040E-15
0.809057  1.778310E-15
0.809259  1.672210E-15
0.809461  1.771780E-15
0.809663  1.664110E-15
0.809865  1.765360E-15
0.810066  1.566760E-15
0.810137  1.705750E-15
0.810371  1.715030E-15
0.810605  1.722380E-15
0.810839  1.720370E-15
0.811073  1.715340E-15
0.811307  1.756200E-15
0.81154  1.731780E-15
0.811774  1.806730E-15
0.812008  1.812320E-15
0.812242  1.669260E-15
0.812476  1.675130E-15
0.81271  1.804030E-15
0.812944  1.802530E-15
0.813177  1.722110E-15
0.813411  1.667040E-15
0.813645  1.659740E-15
0.813879  1.772580E-15
0.814112  1.956640E-15
0.814346  1.721410E-15
0.81458  1.698220E-15
0.814814  1.746110E-15
0.815047  1.737650E-15
0.815281  1.700480E-15
0.815515  1.822420E-15
0.815749  1.702610E-15
0.815982  1.731630E-15
0.816216  1.711270E-15
0.81645  1.789890E-15
0.816683  1.755560E-15
0.816917  1.818540E-15
0.817151  1.773670E-15
0.817384  1.800580E-15
0.817618  1.796440E-15
0.817851  1.834910E-15
0.818085  1.747460E-15
0.818319  1.716990E-15
0.818552  1.803440E-15
0.818786  1.825770E-15
0.819019  1.937670E-15
0.819253  1.734980E-15
0.819486  1.815510E-15
0.81972  1.791610E-15
0.819953  1.862790E-15
0.820187  1.759750E-15
0.82042  1.728300E-15
0.820654  1.731940E-15
0.820887  1.827450E-15
0.821121  1.880490E-15
0.821354  1.708860E-15
0.821588  1.844570E-15
0.821821  1.764870E-15
0.822055  1.838720E-15
0.822288  1.876760E-15
0.822521  1.878960E-15
0.822755  1.867560E-15
0.822988  1.753580E-15
0.823222  1.955600E-15
0.823455  1.890750E-15
0.823688  1.887490E-15
0.823922  1.942250E-15
0.824155  2.004710E-15
0.824388  1.821480E-15
0.824622  1.791660E-15
0.824855  1.778440E-15
0.825088  1.902520E-15
0.825322  1.737890E-15
0.825555  1.952890E-15
0.825788  1.790480E-15
0.826021  1.911820E-15
0.826255  1.950820E-15
0.826488  1.889850E-15
0.826721  1.926500E-15
0.826954  1.838360E-15
0.827188  1.785660E-15
0.827421  1.837410E-15
0.827654  1.829390E-15
0.827887  1.888280E-15
0.82812  1.802630E-15
0.828354  1.811140E-15
0.828587  1.896850E-15
0.82882  1.839440E-15
0.829053  1.774560E-15
0.829286  1.923460E-15
0.829519  1.748600E-15
0.829752  1.827000E-15
0.829986  1.817000E-15
0.830219  1.818710E-15
0.830452  1.835530E-15
0.830685  1.759560E-15
0.830918  1.742700E-15
0.831151  1.863060E-15
0.831384  1.850900E-15
0.831617  1.793260E-15
0.83185  1.732640E-15
0.832083  1.838480E-15
0.832316  1.854850E-15
0.832549  1.834620E-15
0.832782  1.969860E-15
0.833015  1.872850E-15
0.833248  1.860160E-15
0.833481  1.806210E-15
0.833714  1.889130E-15
0.833947  1.847380E-15
0.83418  1.900440E-15
0.834413  1.811160E-15
0.834646  1.777840E-15
0.834879  1.791640E-15
0.835112  1.846560E-15
0.835345  1.965800E-15
0.835578  1.851290E-15
0.83581  1.948450E-15
0.836043  1.941610E-15
0.836276  1.924120E-15
0.836509  1.929840E-15
0.836742  1.884360E-15
0.836975  1.900420E-15
0.837208  1.930280E-15
0.83744  1.900550E-15
0.837673  1.876140E-15
0.837906  1.787040E-15
0.838139  1.890820E-15
0.838372  1.837280E-15
0.838604  1.829200E-15
0.838837  1.802490E-15
0.83907  1.805450E-15
0.839303  1.819740E-15
0.839535  1.808490E-15
0.839768  1.794350E-15
0.840001  1.806680E-15
0.840234  1.856120E-15
0.840466  1.877000E-15
0.840699  1.771780E-15
0.840932  1.852470E-15
0.841165  1.822870E-15
0.841397  1.936160E-15
0.84163  1.811000E-15
0.841863  1.851720E-15
0.842095  1.923590E-15
0.842328  1.825640E-15
0.842561  1.828740E-15
0.842793  1.854320E-15
0.843026  1.818010E-15
0.843258  1.784760E-15
0.843491  1.819320E-15
0.843724  1.869290E-15
0.843956  1.928840E-15
0.844189  1.883160E-15
0.844421  1.836980E-15
0.844654  1.871970E-15
0.844887  1.863500E-15
0.845119  1.906960E-15
0.845352  1.815890E-15
0.845584  1.847950E-15
0.845817  1.832650E-15
0.846049  1.773380E-15
0.846282  1.823050E-15
0.846514  1.833070E-15
0.846747  1.871390E-15
0.846979  1.852640E-15
0.847212  1.837250E-15
0.847444  1.871840E-15
0.847677  1.802650E-15
0.847909  1.826700E-15
0.848142  1.723120E-15
0.848374  1.754960E-15
0.848606  1.743750E-15
0.848839  1.854360E-15
0.849071  1.800090E-15
0.849304  1.837560E-15
0.849536  1.807100E-15
0.849769  1.893790E-15
0.850001  1.905720E-15
0.850233  1.867780E-15
0.850466  1.881890E-15
0.850698  1.825750E-15
0.85093  1.797190E-15
0.851163  1.826250E-15
0.851395  1.830950E-15
0.851627  1.761610E-15
0.85186  1.723900E-15
0.852092  1.685900E-15
0.852324  1.670640E-15
0.852557  1.741150E-15
0.852789  1.718780E-15
0.853021  1.708330E-15
0.853254  1.676930E-15
0.853486  1.736480E-15
0.853718  1.689520E-15
0.85395  1.792890E-15
0.854183  1.860940E-15
0.854415  1.813320E-15
0.854647  1.851360E-15
0.854879  1.883180E-15
0.855112  1.820150E-15
0.855344  1.799840E-15
0.855576  1.763660E-15
0.855808  1.736190E-15
0.85604  1.724830E-15
0.856273  1.725950E-15
0.856505  1.685180E-15
0.856737  1.670810E-15
0.856969  1.706490E-15
0.857201  1.645970E-15
0.857433  1.653300E-15
0.857666  1.629940E-15
0.857898  1.705950E-15
0.85813  1.690810E-15
0.858362  1.735550E-15
0.858594  1.767640E-15
0.858826  1.788720E-15
0.859058  1.773620E-15
0.85929  1.776910E-15
0.859522  1.806390E-15
0.859755  1.734050E-15
0.859987  1.705730E-15
0.860219  1.713050E-15
0.860451  1.715430E-15
0.860683  1.683640E-15
0.860915  1.764220E-15
0.861147  1.719080E-15
0.861379  1.623350E-15
0.861611  1.697200E-15
0.861843  1.746720E-15
0.862075  1.712100E-15
0.862307  1.760920E-15
0.862539  1.815380E-15
0.862771  1.796140E-15
0.863003  1.771150E-15
0.863235  1.721610E-15
0.863467  1.722880E-15
0.863699  1.733160E-15
0.863931  1.737460E-15
0.864163  1.679490E-15
0.864395  1.694910E-15
0.864627  1.754430E-15
0.864859  1.711660E-15
0.86509  1.723600E-15
0.865322  1.674760E-15
0.865554  1.724530E-15
0.865786  1.710860E-15
0.866018  1.701240E-15
0.86625  1.761970E-15
0.866482  1.753710E-15
0.866714  1.664180E-15
0.866946  1.741560E-15
0.867177  1.726250E-15
0.867409  1.790680E-15
0.867641  1.721010E-15
0.867873  1.836470E-15
0.868105  1.776250E-15
0.868337  1.705750E-15
0.868569  1.718360E-15
0.8688  1.779810E-15
0.869032  1.671020E-15
0.869264  1.640760E-15
0.869496  1.671420E-15
0.869728  1.687480E-15
0.869959  1.694610E-15
0.870191  1.698560E-15
0.870423  1.697210E-15
0.870655  1.609070E-15
0.870886  1.817420E-15
0.871118  1.707230E-15
0.87135  1.733160E-15
0.871582  1.685920E-15
0.871813  1.672510E-15
0.872045  1.678450E-15
0.872277  1.623360E-15
0.872509  1.639760E-15
0.87274  1.597120E-15
0.872972  1.524270E-15
0.873204  1.576660E-15
0.873435  1.578530E-15
0.873667  1.627820E-15
0.873899  1.590150E-15
0.87413  1.560730E-15
0.874362  1.576330E-15
0.874594  1.492500E-15
0.874825  1.668470E-15
0.875057  1.608130E-15
0.875289  1.615260E-15
0.87552  1.487930E-15
0.875752  1.500780E-15
0.875984  1.569870E-15
0.876215  1.572630E-15
0.876447  1.496240E-15
0.876679  1.428640E-15
0.87691  1.383680E-15
0.877142  1.496120E-15
0.877373  1.505290E-15
0.877605  1.500970E-15
0.877836  1.506150E-15
0.878068  1.569260E-15
0.8783  1.601490E-15
0.878531  1.684940E-15
0.878763  1.709120E-15
0.878994  1.605930E-15
0.879226  1.727070E-15
0.879457  1.628700E-15
0.879689  1.633040E-15
0.87992  1.630490E-15
0.880152  1.615500E-15
0.880383  1.567140E-15
0.880615  1.698490E-15
0.880847  1.574430E-15
0.881078  1.593320E-15
0.88131  1.671530E-15
0.881541  1.673810E-15
0.881773  1.592170E-15
0.882004  1.628950E-15
0.882235  1.602760E-15
0.882467  1.647330E-15
0.882698  1.671470E-15
0.88293  1.592660E-15
0.883161  1.640180E-15
0.883393  1.669380E-15
0.883624  1.692440E-15
0.883856  1.650730E-15
0.884087  1.726120E-15
0.884318  1.702010E-15
0.88455  1.697160E-15
0.884781  1.662440E-15
0.885013  1.717350E-15
0.885244  1.618980E-15
0.885476  1.766440E-15
0.885707  1.626290E-15
0.885938  1.664450E-15
0.88617  1.628130E-15
0.886401  1.537890E-15
0.886632  1.608500E-15
0.886864  1.730820E-15
0.887095  1.696140E-15
0.887327  1.711780E-15
0.887558  1.651720E-15
0.887789  1.640370E-15
0.888021  1.645980E-15
0.888252  1.614340E-15
0.888483  1.537930E-15
0.888715  1.532950E-15
0.888946  1.480480E-15
0.889177  1.494020E-15
0.889409  1.445150E-15
0.88964  1.396710E-15
0.889871  1.472640E-15
0.890102  1.576980E-15
0.890334  1.418680E-15
0.890565  1.577410E-15
0.890796  1.556090E-15
0.891028  1.628380E-15
0.891259  1.619740E-15
0.89149  1.612570E-15
0.891721  1.630540E-15
0.891953  1.608830E-15
0.892184  1.561240E-15
0.892415  1.615300E-15
0.892646  1.621460E-15
0.892878  1.513650E-15
0.893109  1.522790E-15
0.89334  1.651350E-15
0.893571  1.512900E-15
0.893803  1.660150E-15
0.894034  1.618060E-15
0.894265  1.617820E-15
0.894496  1.627940E-15
0.894727  1.574920E-15
0.894959  1.667680E-15
0.89519  1.695540E-15
0.895421  1.690920E-15
0.895652  1.702200E-15
0.895883  1.602790E-15
0.896115  1.592360E-15
0.896346  1.588560E-15
0.896577  1.614180E-15
0.896808  1.596990E-15
0.897039  1.533630E-15
0.89727  1.565360E-15
0.897501  1.698420E-15
0.897733  1.622750E-15
0.897964  1.716840E-15
0.898195  1.704020E-15
0.898426  1.657200E-15
0.898657  1.701480E-15
0.898888  1.659850E-15
0.899119  1.593670E-15
0.899351  1.721800E-15
0.899582  1.695000E-15
0.899813  1.704760E-15
0.900044  1.621910E-15
0.900275  1.668940E-15
0.900506  1.679400E-15
0.900737  1.555690E-15
0.900968  1.652010E-15
0.901199  1.690210E-15
0.90143  1.615780E-15
0.901661  1.679770E-15
0.901892  1.693280E-15
0.902124  1.748930E-15
0.902355  1.606780E-15
0.902586  1.752720E-15
0.902817  1.687210E-15
0.903048  1.734570E-15
0.903279  1.658940E-15
0.90351  1.817700E-15
0.903741  1.717990E-15
0.903972  1.703070E-15
0.904203  1.644920E-15
0.904434  1.727360E-15
0.904665  1.715430E-15
0.904896  1.693650E-15
0.905127  1.686540E-15
0.905358  1.763250E-15
0.905589  1.764550E-15
0.90582  1.654640E-15
0.906051  1.800970E-15
0.906282  1.806770E-15
0.906513  1.688070E-15
0.906744  1.690570E-15
0.906975  1.739240E-15
0.907206  1.736030E-15
0.907437  1.734990E-15
0.907668  1.842120E-15
0.907899  1.719660E-15
0.90813  1.859580E-15
0.908361  1.822580E-15
0.908592  1.705970E-15
0.908823  1.777420E-15
0.909054  1.739720E-15
0.909285  1.871890E-15
0.909516  1.706150E-15
0.909747  1.613130E-15
0.909977  1.708410E-15
0.910208  1.574260E-15
0.910439  1.702160E-15
0.91067  1.646630E-15
0.910901  1.733330E-15
0.911132  1.675820E-15
0.911363  1.705240E-15
0.911594  1.602580E-15
0.911825  1.734390E-15
0.912056  1.607900E-15
0.912287  1.757610E-15
0.912517  1.716720E-15
0.912748  1.702150E-15
0.912979  1.716140E-15
0.91321  1.648500E-15
0.913441  1.610170E-15
0.913672  1.681740E-15
0.913903  1.726260E-15
0.914134  1.679960E-15
0.914365  1.678630E-15
0.914595  1.669040E-15
0.914826  1.551870E-15
0.915057  1.669550E-15
0.915288  1.565740E-15
0.915519  1.590950E-15
0.91575  1.607660E-15
0.915981  1.653540E-15
0.916211  1.654670E-15
0.916442  1.667680E-15
0.916673  1.681700E-15
0.916904  1.667690E-15
0.917135  1.614280E-15
0.917366  1.519180E-15
0.917596  1.647460E-15
0.917827  1.610730E-15
0.918058  1.606460E-15
0.918289  1.622290E-15
0.91852  1.691580E-15
0.91875  1.590730E-15
0.918981  1.597040E-15
0.919212  1.651120E-15
0.919443  1.791060E-15
0.919674  1.789700E-15
0.919904  1.638760E-15
0.920135  1.710430E-15
0.920366  1.678340E-15
0.920597  1.724890E-15
0.920828  1.827040E-15
0.921058  1.642140E-15
0.921289  1.715100E-15
0.92152  1.741590E-15
0.921751  1.741520E-15
0.921982  1.806750E-15
0.922212  1.741530E-15
0.922443  1.804330E-15
0.922674  1.692900E-15
0.922905  1.684580E-15
0.923135  1.717560E-15
0.923366  1.714530E-15
0.923597  1.711310E-15
0.923828  1.773700E-15
0.924058  1.565640E-15
0.924289  1.749540E-15
0.92452  1.606230E-15
0.924751  1.649370E-15
0.924981  1.633640E-15
0.925212  1.658350E-15
0.925443  1.646710E-15
0.925674  1.647320E-15
0.925904  1.711180E-15
0.926135  1.553260E-15
0.926366  1.626090E-15
0.926596  1.652130E-15
0.926827  1.657980E-15
0.927058  1.625780E-15
0.927289  1.652310E-15
0.927519  1.686810E-15
0.92775  1.708720E-15
0.927981  1.734230E-15
0.928211  1.768760E-15
0.928442  1.834700E-15
0.928673  1.749940E-15
0.928904  1.767060E-15
0.929134  1.672460E-15
0.929365  1.786540E-15
0.929596  1.746820E-15
0.929826  1.736930E-15
0.930057  1.933620E-15
0.930288  1.877180E-15
0.930518  1.922880E-15
0.930749  2.024130E-15
0.93098  1.939300E-15
0.93121  1.964420E-15
0.931441  1.827280E-15
0.931672  1.904690E-15
0.931902  1.896030E-15
0.932133  1.762250E-15
0.932364  1.775470E-15
0.932594  1.684660E-15
0.932825  1.654300E-15
0.933056  1.841570E-15
0.933286  1.631880E-15
0.933517  1.660520E-15
0.933748  1.563450E-15
0.933978  1.620930E-15
0.934209  1.664300E-15
0.93444  1.518980E-15
0.93467  1.741600E-15
0.934901  1.704810E-15
0.935132  1.607870E-15
0.935362  1.697300E-15
0.935593  1.652570E-15
0.935824  1.591520E-15
0.936054  1.601020E-15
0.936285  1.614430E-15
0.936515  1.705240E-15
0.936746  1.679340E-15
0.936977  1.520200E-15
0.937207  1.695400E-15
0.937438  1.719420E-15
0.937669  1.668650E-15
0.937899  1.648010E-15
0.93813  1.756100E-15
0.93836  1.680980E-15
0.938591  1.769270E-15
0.938822  1.682850E-15
0.939052  1.705200E-15
0.939283  1.743080E-15
0.939344  1.742290E-15
0.939615  1.722980E-15
0.939887  1.691210E-15
0.940158  1.672050E-15
0.940429  1.727920E-15
0.9407  1.620800E-15
0.940971  1.718620E-15
0.941242  1.688280E-15
0.941513  1.712740E-15
0.941784  1.678860E-15
0.942055  1.720260E-15
0.942326  1.705460E-15
0.942598  1.656270E-15
0.942869  1.690340E-15
0.94314  1.692000E-15
0.943411  1.636450E-15
0.943682  1.674280E-15
0.943953  1.642350E-15
0.944224  1.645970E-15
0.944495  1.611550E-15
0.944766  1.633810E-15
0.945037  1.633050E-15
0.945308  1.633920E-15
0.945579  1.615370E-15
0.94585  1.675670E-15
0.946121  1.700430E-15
0.946392  1.574390E-15
0.946663  1.597740E-15
0.946934  1.635870E-15
0.947205  1.557630E-15
0.947476  1.546010E-15
0.947747  1.543480E-15
0.948018  1.567970E-15
0.948289  1.534470E-15
0.94856  1.565440E-15
0.948831  1.577620E-15
0.949102  1.591950E-15
0.949373  1.595630E-15
0.949644  1.486380E-15
0.949915  1.550330E-15
0.950185  1.508500E-15
0.950456  1.563700E-15
0.950727  1.621000E-15
0.950998  1.646150E-15
0.951269  1.543430E-15
0.95154  1.563390E-15
0.951811  1.596080E-15
0.952082  1.584170E-15
0.952353  1.535280E-15
0.952624  1.555080E-15
0.952894  1.678600E-15
0.953165  1.576030E-15
0.953436  1.540690E-15
0.953707  1.575000E-15
0.953978  1.534270E-15
0.954249  1.562600E-15
0.95452  1.616040E-15
0.95479  1.585880E-15
0.955061  1.585400E-15
0.955332  1.605040E-15
0.955603  1.622600E-15
0.955874  1.592450E-15
0.956145  1.621210E-15
0.956415  1.573720E-15
0.956686  1.561300E-15
0.956957  1.569910E-15
0.957228  1.572670E-15
0.957499  1.592320E-15
0.957769  1.567380E-15
0.95804  1.588290E-15
0.958311  1.641990E-15
0.958582  1.658350E-15
0.958852  1.615060E-15
0.959123  1.672390E-15
0.959394  1.620850E-15
0.959665  1.624770E-15
0.959935  1.582890E-15
0.960206  1.595330E-15
0.960477  1.604220E-15
0.960748  1.510080E-15
0.961018  1.520950E-15
0.961289  1.585470E-15
0.96156  1.555480E-15
0.96183  1.528700E-15
0.962101  1.595720E-15
0.962372  1.525210E-15
0.962643  1.583480E-15
0.962913  1.547950E-15
0.963184  1.568310E-15
0.963455  1.592510E-15
0.963725  1.560070E-15
0.963996  1.549710E-15
0.964267  1.569590E-15
0.964537  1.576380E-15
0.964808  1.568410E-15
0.965079  1.504510E-15
0.965349  1.516050E-15
0.96562  1.528580E-15
0.96589  1.473160E-15
0.966161  1.527980E-15
0.966432  1.543740E-15
0.966702  1.492300E-15
0.966973  1.540970E-15
0.967244  1.521600E-15
0.967514  1.511540E-15
0.967785  1.520930E-15
0.968055  1.547880E-15
0.968326  1.527580E-15
0.968597  1.550200E-15
0.968867  1.538100E-15
0.969138  1.486400E-15
0.969408  1.499370E-15
0.969679  1.516910E-15
0.969949  1.517830E-15
0.97022  1.490360E-15
0.97049  1.546620E-15
0.970761  1.524690E-15
0.971032  1.520750E-15
0.971302  1.577410E-15
0.971573  1.544810E-15
0.971843  1.599920E-15
0.972114  1.617050E-15
0.972384  1.580320E-15
0.972655  1.604240E-15
0.972925  1.621230E-15
0.973196  1.531130E-15
0.973466  1.632740E-15
0.973737  1.621580E-15
0.974007  1.588040E-15
0.974278  1.525480E-15
0.974548  1.591800E-15
0.974819  1.625800E-15
0.975089  1.609430E-15
0.975359  1.602220E-15
0.97563  1.605720E-15
0.9759  1.635910E-15
0.976171  1.622700E-15
0.976441  1.652140E-15
0.976712  1.595090E-15
0.976982  1.694920E-15
0.977253  1.783370E-15
0.977523  1.852760E-15
0.977793  2.058890E-15
0.978064  2.161810E-15
0.978334  2.225840E-15
0.978605  2.253940E-15
0.978875  2.131610E-15
0.979145  2.067280E-15
0.979416  1.899740E-15
0.979686  1.778670E-15
0.979957  1.681850E-15
0.980227  1.624300E-15
0.980497  1.691080E-15
0.980768  1.661720E-15
0.981038  1.571880E-15
0.981309  1.624760E-15
0.981579  1.659410E-15
0.981849  1.637470E-15
0.98212  1.606860E-15
0.98239  1.629940E-15
0.98266  1.621760E-15
0.982931  1.600730E-15
0.983201  1.596600E-15
0.983471  1.627940E-15
0.983742  1.622980E-15
0.984012  1.601760E-15
0.984282  1.610780E-15
0.984552  1.616170E-15
0.984823  1.629030E-15
0.985093  1.606520E-15
0.985363  1.600700E-15
0.985634  1.605180E-15
0.985904  1.554300E-15
0.986174  1.581750E-15
0.986444  1.616700E-15
0.986715  1.623210E-15
0.986985  1.609520E-15
0.987255  1.666620E-15
0.987526  1.699780E-15
0.987796  1.621170E-15
0.988066  1.615140E-15
0.988336  1.644640E-15
0.988607  1.571460E-15
0.988877  1.607980E-15
0.989147  1.630950E-15
0.989417  1.582140E-15
0.989687  1.542850E-15
0.989958  1.562520E-15
0.990228  1.586700E-15
0.990498  1.598180E-15
0.990768  1.579190E-15
0.991038  1.553070E-15
0.991309  1.552180E-15
0.991579  1.580800E-15
0.991849  1.591040E-15
0.992119  1.543370E-15
0.992389  1.594500E-15
0.99266  1.569150E-15
0.99293  1.554460E-15
0.9932  1.568460E-15
0.99347  1.597680E-15
0.99374  1.611460E-15
0.99401  1.553260E-15
0.99428  1.592780E-15
0.994551  1.568520E-15
0.994821  1.542600E-15
0.995091  1.580210E-15
0.995361  1.553430E-15
0.995631  1.593180E-15
0.995901  1.583990E-15
0.996171  1.590040E-15
0.996441  1.570830E-15
0.996712  1.551260E-15
0.996982  1.580380E-15
0.997252  1.607750E-15
0.997522  1.586900E-15
0.997792  1.584960E-15
0.998062  1.578540E-15
0.998332  1.599990E-15
0.998602  1.572580E-15
0.998872  1.592800E-15
0.999142  1.554160E-15
0.999412  1.598100E-15
0.999682  1.525270E-15
0.999952  1.592530E-15
1.00022  1.573270E-15
1.00049  1.590020E-15
1.00076  1.554130E-15
1.00103  1.561930E-15
1.0013  1.559730E-15
1.00157  1.578870E-15
1.00184  1.573880E-15
1.00211  1.551250E-15
1.00238  1.535070E-15
1.00265  1.537930E-15
1.00292  1.555980E-15
1.00319  1.615840E-15
1.00346  1.533660E-15
1.00373  1.546430E-15
1.004  1.563970E-15
1.00427  1.523390E-15
1.00454  1.571040E-15
1.00481  1.544190E-15
1.00508  1.562400E-15
1.00535  1.576300E-15
1.00562  1.588600E-15
1.00589  1.591460E-15
1.00616  1.558360E-15
1.00643  1.576240E-15
1.0067  1.592810E-15
1.00697  1.570300E-15
1.00724  1.629550E-15
1.00751  1.569490E-15
1.00778  1.586830E-15
1.00805  1.555480E-15
1.00832  1.605380E-15
1.00859  1.640630E-15
1.00886  1.617830E-15
1.00913  1.559780E-15
1.0094  1.604630E-15
1.00967  1.583900E-15
1.00994  1.577640E-15
1.01021  1.619920E-15
1.01048  1.637620E-15
1.01075  1.630270E-15
1.01102  1.646390E-15
1.01129  1.660760E-15
1.01156  1.671290E-15
1.01183  1.674550E-15
1.0121  1.633190E-15
1.01237  1.659880E-15
1.01264  1.625490E-15
1.01291  1.627690E-15
1.01318  1.589640E-15
1.01345  1.636470E-15
1.01372  1.646480E-15
1.01399  1.650590E-15
1.01426  1.636640E-15
1.01453  1.597160E-15
1.0148  1.613760E-15
1.01507  1.602080E-15
1.01534  1.592180E-15
1.01561  1.641930E-15
1.01588  1.620280E-15
1.01615  1.563670E-15
1.01642  1.623260E-15
1.01669  1.610970E-15
1.01696  1.594730E-15
1.01723  1.657570E-15
1.0175  1.616150E-15
1.01777  1.605170E-15
1.01804  1.617770E-15
1.01831  1.585220E-15
1.01858  1.593740E-15
1.01885  1.560370E-15
1.01912  1.592530E-15
1.01939  1.531650E-15
1.01966  1.584490E-15
1.01993  1.633080E-15
1.02019  1.619170E-15
1.02046  1.679290E-15
1.02073  1.618600E-15
1.021  1.548260E-15
1.02127  1.571400E-15
1.02154  1.648050E-15
1.02181  1.657210E-15
1.02208  1.639120E-15
1.02235  1.601670E-15
1.02262  1.690000E-15
1.02289  1.667710E-15
1.02316  1.645960E-15
1.02343  1.643500E-15
1.0237  1.637780E-15
1.02397  1.675300E-15
1.02424  1.627180E-15
1.02451  1.620570E-15
1.02478  1.632410E-15
1.02505  1.634200E-15
1.02532  1.663850E-15
1.02559  1.652910E-15
1.02586  1.646420E-15
1.02613  1.626930E-15
1.0264  1.656850E-15
1.02667  1.620060E-15
1.02694  1.655340E-15
1.02721  1.613040E-15
1.02748  1.652720E-15
1.02775  1.665460E-15
1.02802  1.651460E-15
1.02829  1.640430E-15
1.02856  1.654900E-15
1.02882  1.633790E-15
1.02909  1.655290E-15
1.02936  1.645460E-15
1.02963  1.601790E-15
1.0299  1.598330E-15
1.03017  1.589960E-15
1.03044  1.646610E-15
1.03071  1.658120E-15
1.03098  1.624490E-15
1.03125  1.642760E-15
1.03152  1.583340E-15
1.03179  1.648380E-15
1.03206  1.591770E-15
1.03233  1.620110E-15
1.0326  1.655750E-15
1.03287  1.536480E-15
1.03314  1.590460E-15
1.03341  1.588380E-15
1.03368  1.635010E-15
1.03395  1.604160E-15
1.03422  1.613130E-15
1.03449  1.654410E-15
1.03476  1.626880E-15
1.03503  1.643690E-15
1.0353  1.601560E-15
1.03556  1.649430E-15
1.03583  1.662040E-15
1.0361  1.664820E-15
1.03637  1.691990E-15
1.03664  1.705150E-15
1.03691  1.713560E-15
1.03718  1.690330E-15
1.03745  1.706850E-15
1.03772  1.661480E-15
1.03799  1.656980E-15
1.03826  1.690720E-15
1.03853  1.648820E-15
1.0388  1.665260E-15
1.03907  1.676310E-15
1.03934  1.683170E-15
1.03961  1.680970E-15
1.03988  1.672680E-15
1.04015  1.658420E-15
1.04042  1.666550E-15
1.04069  1.585980E-15
1.04095  1.651990E-15
1.04122  1.605560E-15
1.04149  1.560450E-15
1.04176  1.596590E-15
1.04203  1.619840E-15
1.0423  1.620660E-15
1.04257  1.572570E-15
1.04284  1.595430E-15
1.04311  1.630960E-15
1.04338  1.572090E-15
1.04365  1.599040E-15
1.04392  1.616050E-15
1.04419  1.630120E-15
1.04446  1.631320E-15
1.04473  1.605060E-15
1.045  1.602830E-15
1.04527  1.605530E-15
1.04554  1.578890E-15
1.0458  1.554030E-15
1.04607  1.603990E-15
1.04634  1.590560E-15
1.04661  1.622470E-15
1.04688  1.666190E-15
1.04715  1.609430E-15
1.04742  1.632920E-15
1.04769  1.572440E-15
1.04796  1.600470E-15
1.04823  1.604610E-15
1.0485  1.583310E-15
1.04877  1.619360E-15
1.04904  1.612010E-15
1.04931  1.568570E-15
1.04958  1.576440E-15
1.04985  1.628520E-15
1.05011  1.552350E-15
1.05038  1.582120E-15
1.05065  1.614900E-15
1.05092  1.645570E-15
1.05119  1.591840E-15
1.05146  1.572880E-15
1.05173  1.607080E-15
1.052  1.610690E-15
1.05227  1.575250E-15
1.05254  1.650300E-15
1.05281  1.645950E-15
1.05308  1.610910E-15
1.05335  1.651420E-15
1.05362  1.587520E-15
1.05389  1.617550E-15
1.05415  1.631590E-15
1.05442  1.602750E-15
1.05469  1.593180E-15
1.05496  1.636560E-15
1.05523  1.629750E-15
1.0555  1.607840E-15
1.05577  1.607480E-15
1.05604  1.576110E-15
1.05631  1.642620E-15
1.05658  1.636250E-15
1.05685  1.660480E-15
1.05712  1.568470E-15
1.05739  1.599450E-15
1.05766  1.637360E-15
1.05792  1.622230E-15
1.05819  1.600920E-15
1.05846  1.619610E-15
1.05873  1.624710E-15
1.059  1.655650E-15
1.05927  1.698620E-15
1.05954  1.657040E-15
1.05981  1.642690E-15
1.06008  1.690210E-15
1.06035  1.659020E-15
1.06062  1.649010E-15
1.06089  1.656350E-15
1.06116  1.577940E-15
1.06142  1.604200E-15
1.06169  1.643410E-15
1.06196  1.618100E-15
1.06223  1.580520E-15
1.0625  1.602220E-15
1.06277  1.618130E-15
1.06304  1.616790E-15
1.06331  1.577670E-15
1.06358  1.639580E-15
1.06385  1.597120E-15
1.06412  1.626370E-15
1.06439  1.614000E-15
1.06466  1.602620E-15
1.06492  1.588670E-15
1.06519  1.571830E-15
1.06546  1.556370E-15
1.06573  1.589760E-15
1.066  1.530690E-15
1.06627  1.576420E-15
1.06654  1.577540E-15
1.06681  1.669510E-15
1.06708  1.619010E-15
1.06735  1.567960E-15
1.06762  1.660840E-15
1.06789  1.606360E-15
1.06815  1.605340E-15
1.06842  1.659460E-15
1.06869  1.678400E-15
1.06896  1.645430E-15
1.06923  1.583630E-15
1.0695  1.658780E-15
1.06977  1.593870E-15
1.07004  1.619290E-15
1.07031  1.564740E-15
1.07058  1.566980E-15
1.07085  1.583450E-15
1.07112  1.563390E-15
1.07138  1.607340E-15
1.07165  1.615400E-15
1.07192  1.607790E-15
1.07219  1.573550E-15
1.07246  1.613510E-15
1.07273  1.606300E-15
1.073  1.610700E-15
1.07327  1.585360E-15
1.07354  1.580090E-15
1.07381  1.598090E-15
1.07408  1.576700E-15
1.07434  1.598800E-15
1.07461  1.561800E-15
1.07488  1.570740E-15
1.07515  1.572210E-15
1.07542  1.528800E-15
1.07569  1.580210E-15
1.07596  1.581560E-15
1.07623  1.511110E-15
1.0765  1.534880E-15
1.07677  1.587790E-15
1.07704  1.520330E-15
1.0773  1.513650E-15
1.07757  1.529190E-15
1.07784  1.476560E-15
1.07811  1.464250E-15
1.07838  1.528380E-15
1.07865  1.449670E-15
1.07892  1.518950E-15
1.07919  1.521770E-15
1.07946  1.512850E-15
1.07973  1.551570E-15
1.07999  1.565720E-15
1.08026  1.530880E-15
1.08053  1.535180E-15
1.0808  1.538560E-15
1.08107  1.497230E-15
1.08134  1.542370E-15
1.08161  1.500150E-15
1.08188  1.505780E-15
1.08215  1.534780E-15
1.08242  1.533340E-15
1.08268  1.569160E-15
1.08295  1.525930E-15
1.08322  1.551290E-15
1.08349  1.486600E-15
1.08376  1.490610E-15
1.08403  1.516450E-15
1.0843  1.513830E-15
1.08457  1.499510E-15
1.08484  1.486140E-15
1.08511  1.524570E-15
1.08537  1.479340E-15
1.08564  1.542930E-15
1.08591  1.478790E-15
1.08618  1.517170E-15
1.08645  1.488200E-15
1.08672  1.444340E-15
1.08699  1.475850E-15
1.08726  1.513690E-15
1.08753  1.469620E-15
1.0878  1.446730E-15
1.08806  1.546790E-15
1.08833  1.510380E-15
1.0886  1.469470E-15
1.08887  1.461900E-15
1.08914  1.536620E-15
1.08941  1.498900E-15
1.08968  1.525040E-15
1.08995  1.519230E-15
1.09022  1.584380E-15
1.09048  1.527140E-15
1.09075  1.565790E-15
1.09102  1.493100E-15
1.09129  1.550000E-15
1.09156  1.574520E-15
1.09183  1.451590E-15
1.0921  1.543570E-15
1.09237  1.535370E-15
1.09264  1.543500E-15
1.09291  1.565650E-15
1.09317  1.564110E-15
1.09344  1.565070E-15
1.09371  1.609970E-15
1.09398  1.594220E-15
1.09425  1.541500E-15
1.09452  1.570300E-15
1.09479  1.649530E-15
1.09506  1.568890E-15
1.09533  1.508540E-15
1.09559  1.548600E-15
1.09586  1.516930E-15
1.09613  1.573290E-15
1.0964  1.545500E-15
1.09667  1.575210E-15
1.09694  1.571740E-15
1.09721  1.587890E-15
1.09748  1.610450E-15
1.09775  1.634480E-15
1.09801  1.615700E-15
1.09828  1.619660E-15
1.09855  1.641630E-15
1.09882  1.630800E-15
1.09909  1.605260E-15
1.09936  1.658490E-15
1.09963  1.649760E-15
1.0999  1.679130E-15
1.10017  1.618340E-15
1.10043  1.625760E-15
1.1007  1.647540E-15
1.10097  1.632820E-15
1.10124  1.627730E-15
1.10151  1.661030E-15
1.10178  1.693710E-15
1.10205  1.687860E-15
1.10232  1.697040E-15
1.10258  1.729670E-15
1.10285  1.698370E-15
1.10312  1.661960E-15
1.10339  1.721980E-15
1.10366  1.745140E-15
1.10393  1.699520E-15
1.1042  1.774910E-15
1.10447  1.752720E-15
1.10474  1.713760E-15
1.105  1.742850E-15
1.10527  1.801790E-15
1.10554  1.766300E-15
1.10581  1.784290E-15
1.10608  1.791430E-15
1.10635  1.706310E-15
1.10662  1.761890E-15
1.10689  1.755190E-15
1.10715  1.762600E-15
1.10742  1.764660E-15
1.10769  1.851520E-15
1.10796  1.832620E-15
1.10823  1.824340E-15
1.1085  1.885410E-15
1.10877  1.831150E-15
1.10904  1.860000E-15
1.1093  1.891380E-15
1.10957  1.886550E-15
1.10984  1.935760E-15
1.11011  1.924100E-15
1.11038  1.996320E-15
1.11065  2.068280E-15
1.11092  2.118540E-15
1.11119  2.222230E-15
1.11145  2.331580E-15
1.11172  2.317270E-15
1.11199  2.327550E-15
1.11226  2.352840E-15
1.11253  2.249310E-15
1.1128  2.195780E-15
1.11307  2.062910E-15
1.11334  2.031190E-15
1.11361  2.003500E-15
1.11387  1.922350E-15
1.11414  1.895460E-15
1.11441  1.893210E-15
1.11468  1.830790E-15
1.11495  1.818300E-15
1.11522  1.789090E-15
1.11549  1.815110E-15
1.11575  1.789520E-15
1.11602  1.750400E-15
1.11629  1.676120E-15
1.11656  1.744590E-15
1.11683  1.669870E-15
1.1171  1.752070E-15
1.11737  1.729360E-15
1.11764  1.695690E-15
1.1179  1.754060E-15
1.11817  1.721300E-15
1.11844  1.702550E-15
1.11871  1.683770E-15
1.11898  1.733260E-15
1.11925  1.720940E-15
1.11952  1.716350E-15
1.11979  1.720400E-15
1.12005  1.623760E-15
1.12032  1.691640E-15
1.12059  1.647920E-15
1.12086  1.678990E-15
1.12113  1.698490E-15
1.1214  1.689740E-15
1.12167  1.764070E-15
1.12194  1.649090E-15
1.1222  1.793840E-15
1.12247  1.613000E-15
1.12274  1.659750E-15
1.12301  1.552790E-15
1.12328  1.678000E-15
1.12355  1.635990E-15
1.12382  1.586970E-15
1.12408  1.543930E-15
1.12435  1.690660E-15
1.12462  1.522440E-15
1.12489  1.567900E-15
1.12516  1.495580E-15
1.12543  1.520000E-15
1.1257  1.530200E-15
1.12597  1.510040E-15
1.12623  1.474380E-15
1.1265  1.500800E-15
1.12677  1.475670E-15
1.12704  1.433280E-15
1.12731  1.448530E-15
1.12758  1.483640E-15
1.12785  1.462180E-15
1.12793  1.523130E-15
1.12825  1.535660E-15
1.12858  1.554430E-15
1.1289  1.516340E-15
1.12923  1.531830E-15
1.12956  1.531670E-15
1.12988  1.487690E-15
1.13021  1.515350E-15
1.13053  1.466000E-15
1.13086  1.472640E-15
1.13118  1.480450E-15
1.13151  1.478010E-15
1.13183  1.454030E-15
1.13216  1.474570E-15
1.13248  1.445140E-15
1.13281  1.395430E-15
1.13313  1.456200E-15
1.13346  1.474620E-15
1.13378  1.418570E-15
1.13411  1.411380E-15
1.13443  1.441030E-15
1.13476  1.439140E-15
1.13508  1.466250E-15
1.13541  1.461990E-15
1.13573  1.438770E-15
1.13606  1.437020E-15
1.13638  1.420590E-15
1.13671  1.443010E-15
1.13703  1.415770E-15
1.13736  1.438890E-15
1.13768  1.405080E-15
1.13801  1.392640E-15
1.13833  1.443330E-15
1.13866  1.432560E-15
1.13898  1.402680E-15
1.13931  1.441310E-15
1.13963  1.436940E-15
1.13996  1.433600E-15
1.14028  1.447800E-15
1.14061  1.430490E-15
1.14093  1.425300E-15
1.14126  1.436650E-15
1.14158  1.442520E-15
1.14191  1.435350E-15
1.14223  1.428840E-15
1.14256  1.409980E-15
1.14288  1.419670E-15
1.14321  1.434970E-15
1.14353  1.420120E-15
1.14386  1.438920E-15
1.14418  1.454990E-15
1.14451  1.420600E-15
1.14483  1.440710E-15
1.14516  1.444210E-15
1.14548  1.441370E-15
1.14581  1.429110E-15
1.14613  1.431530E-15
1.14646  1.419420E-15
1.14678  1.428450E-15
1.14711  1.438210E-15
1.14743  1.455340E-15
1.14775  1.444980E-15
1.14808  1.421120E-15
1.1484  1.424990E-15
1.14873  1.404790E-15
1.14905  1.399680E-15
1.14938  1.403370E-15
1.1497  1.462250E-15
1.15003  1.437830E-15
1.15035  1.450280E-15
1.15068  1.451130E-15
1.151  1.463590E-15
1.15133  1.458960E-15
1.15165  1.447510E-15
1.15198  1.437960E-15
1.1523  1.477130E-15
1.15263  1.456360E-15
1.15295  1.459440E-15
1.15328  1.454080E-15
1.1536  1.428730E-15
1.15392  1.471810E-15
1.15425  1.460560E-15
1.15457  1.427820E-15
1.1549  1.450180E-15
1.15522  1.435470E-15
1.15555  1.417330E-15
1.15587  1.436070E-15
1.1562  1.424360E-15
1.15652  1.459970E-15
1.15685  1.446790E-15
1.15717  1.459640E-15
1.1575  1.482610E-15
1.15782  1.455620E-15
1.15815  1.455180E-15
1.15847  1.441930E-15
1.15879  1.444630E-15
1.15912  1.469520E-15
1.15944  1.449520E-15
1.15977  1.437140E-15
1.16009  1.435380E-15
1.16042  1.437500E-15
1.16074  1.472080E-15
1.16107  1.440970E-15
1.16139  1.419240E-15
1.16172  1.461020E-15
1.16204  1.447120E-15
1.16236  1.435530E-15
1.16269  1.423070E-15
1.16301  1.441590E-15
1.16334  1.425540E-15
1.16366  1.451080E-15
1.16399  1.434740E-15
1.16431  1.443580E-15
1.16464  1.445090E-15
1.16496  1.430610E-15
1.16528  1.429500E-15
1.16561  1.436190E-15
1.16593  1.428600E-15
1.16626  1.415900E-15
1.16658  1.408090E-15
1.16691  1.426710E-15
1.16723  1.431050E-15
1.16756  1.404890E-15
1.16788  1.389870E-15
1.1682  1.395340E-15
1.16853  1.382890E-15
1.16885  1.395090E-15
1.16918  1.380090E-15
1.1695  1.393020E-15
1.16983  1.376940E-15
1.17015  1.379790E-15
1.17048  1.397550E-15
1.1708  1.395540E-15
1.17112  1.390160E-15
1.17145  1.373570E-15
1.17177  1.390400E-15
1.1721  1.410020E-15
1.17242  1.429480E-15
1.17275  1.415400E-15
1.17307  1.413080E-15
1.17339  1.436490E-15
1.17372  1.423070E-15
1.17404  1.421620E-15
1.17437  1.435590E-15
1.17469  1.446310E-15
1.17502  1.434420E-15
1.17534  1.472070E-15
1.17566  1.452030E-15
1.17599  1.451560E-15
1.17631  1.464140E-15
1.17664  1.440910E-15
1.17696  1.448010E-15
1.17729  1.447370E-15
1.17761  1.462210E-15
1.17793  1.445720E-15
1.17826  1.416580E-15
1.17858  1.432400E-15
1.17891  1.416430E-15
1.17923  1.430610E-15
1.17955  1.435110E-15
1.17988  1.451190E-15
1.1802  1.444340E-15
1.18053  1.431060E-15
1.18085  1.434990E-15
1.18118  1.421310E-15
1.1815  1.446150E-15
1.18182  1.442570E-15
1.18215  1.417140E-15
1.18247  1.454490E-15
1.1828  1.465430E-15
1.18312  1.437870E-15
1.18344  1.427380E-15
1.18377  1.431360E-15
1.18409  1.438990E-15
1.18442  1.475120E-15
1.18474  1.444480E-15
1.18506  1.469760E-15
1.18539  1.460990E-15
1.18571  1.471530E-15
1.18604  1.469190E-15
1.18636  1.456830E-15
1.18669  1.453040E-15
1.18701  1.466950E-15
1.18733  1.440560E-15
1.18766  1.463240E-15
1.18798  1.440140E-15
1.18831  1.462260E-15
1.18863  1.438590E-15
1.18895  1.467140E-15
1.18928  1.438700E-15
1.1896  1.427160E-15
1.18993  1.431300E-15
1.19025  1.410800E-15
1.19057  1.411730E-15
1.1909  1.384000E-15
1.19122  1.405450E-15
1.19155  1.382590E-15
1.19187  1.399910E-15
1.19219  1.379500E-15
1.19252  1.406360E-15
1.19284  1.419090E-15
1.19317  1.414600E-15
1.19349  1.432500E-15
1.19381  1.441600E-15
1.19414  1.430200E-15
1.19446  1.417410E-15
1.19478  1.422960E-15
1.19511  1.417140E-15
1.19543  1.418370E-15
1.19576  1.400370E-15
1.19608  1.415500E-15
1.1964  1.426810E-15
1.19673  1.434460E-15
1.19705  1.414870E-15
1.19738  1.425180E-15
1.1977  1.418420E-15
1.19802  1.421560E-15
1.19835  1.416260E-15
1.19867  1.431610E-15
1.19899  1.398170E-15
1.19932  1.402800E-15
1.19964  1.404960E-15
1.19997  1.402570E-15
1.20029  1.402600E-15
1.20061  1.419730E-15
1.20094  1.420500E-15
1.20126  1.451390E-15
1.20159  1.421600E-15
1.20191  1.427160E-15
1.20223  1.425540E-15
1.20256  1.467980E-15
1.20288  1.440640E-15
1.2032  1.444520E-15
1.20353  1.428870E-15
1.20385  1.445520E-15
1.20418  1.445230E-15
1.2045  1.467270E-15
1.20482  1.447610E-15
1.20515  1.447900E-15
1.20547  1.422160E-15
1.20579  1.412120E-15
1.20612  1.427210E-15
1.20644  1.410320E-15
1.20677  1.442830E-15
1.20709  1.428440E-15
1.20741  1.404880E-15
1.20774  1.390300E-15
1.20806  1.391190E-15
1.20838  1.382920E-15
1.20871  1.399940E-15
1.20903  1.377420E-15
1.20935  1.385610E-15
1.20968  1.389860E-15
1.21  1.368120E-15
1.21033  1.413380E-15
1.21065  1.413710E-15
1.21097  1.405970E-15
1.2113  1.408670E-15
1.21162  1.406410E-15
1.21194  1.408220E-15
1.21227  1.412750E-15
1.21259  1.416430E-15
1.21291  1.383160E-15
1.21324  1.362910E-15
1.21356  1.360370E-15
1.21389  1.343530E-15
1.21421  1.378780E-15
1.21453  1.338450E-15
1.21486  1.358750E-15
1.21518  1.350420E-15
1.2155  1.377380E-15
1.21583  1.357540E-15
1.21615  1.385240E-15
1.21647  1.362630E-15
1.2168  1.420880E-15
1.21712  1.393200E-15
1.21745  1.417230E-15
1.21777  1.403520E-15
1.21809  1.394450E-15
1.21842  1.390570E-15
1.21874  1.387950E-15
1.21906  1.387630E-15
1.21939  1.390060E-15
1.21971  1.390770E-15
1.22003  1.390040E-15
1.22036  1.365160E-15
1.22068  1.374480E-15
1.221  1.384080E-15
1.22133  1.396020E-15
1.22165  1.386430E-15
1.22197  1.410950E-15
1.2223  1.396500E-15
1.22262  1.398610E-15
1.22294  1.378830E-15
1.22327  1.424090E-15
1.22359  1.411410E-15
1.22391  1.412340E-15
1.22424  1.393330E-15
1.22456  1.381630E-15
1.22488  1.398810E-15
1.22521  1.411090E-15
1.22553  1.393780E-15
1.22586  1.397180E-15
1.22618  1.395850E-15
1.2265  1.404990E-15
1.22683  1.370500E-15
1.22715  1.398130E-15
1.22747  1.374470E-15
1.2278  1.367050E-15
1.22812  1.348890E-15
1.22844  1.367160E-15
1.22877  1.346370E-15
1.22909  1.349700E-15
1.22941  1.318100E-15
1.22974  1.342750E-15
1.23006  1.349040E-15
1.23038  1.348050E-15
1.23071  1.330800E-15
1.23103  1.356930E-15
1.23135  1.374830E-15
1.23168  1.367720E-15
1.232  1.350380E-15
1.23232  1.389850E-15
1.23265  1.399510E-15
1.23297  1.392450E-15
1.23329  1.365290E-15
1.23362  1.384720E-15
1.23394  1.368160E-15
1.23426  1.391850E-15
1.23459  1.360480E-15
1.23491  1.361730E-15
1.23523  1.349630E-15
1.23556  1.355570E-15
1.23588  1.354710E-15
1.2362  1.397020E-15
1.23652  1.370590E-15
1.23685  1.393450E-15
1.23717  1.378900E-15
1.23749  1.391630E-15
1.23782  1.378560E-15
1.23814  1.391460E-15
1.23846  1.379410E-15
1.23879  1.387060E-15
1.23911  1.370390E-15
1.23943  1.384250E-15
1.23976  1.363910E-15
1.24008  1.338200E-15
1.2404  1.353830E-15
1.24073  1.357800E-15
1.24105  1.379250E-15
1.24137  1.370980E-15
1.2417  1.343070E-15
1.24202  1.349500E-15
1.24234  1.361340E-15
1.24267  1.377190E-15
1.24299  1.366730E-15
1.24331  1.376200E-15
1.24364  1.338530E-15
1.24396  1.388670E-15
1.24428  1.366890E-15
1.2446  1.376140E-15
1.24493  1.374700E-15
1.24525  1.417490E-15
1.24557  1.409160E-15
1.2459  1.413100E-15
1.24622  1.400930E-15
1.24654  1.400850E-15
1.24687  1.405370E-15
1.24719  1.409920E-15
1.24751  1.415770E-15
1.24784  1.420070E-15
1.24816  1.399110E-15
1.24848  1.395220E-15
1.2488  1.391170E-15
1.24913  1.403400E-15
1.24945  1.398610E-15
1.24977  1.402160E-15
1.2501  1.384250E-15
1.25042  1.372940E-15
1.25074  1.377770E-15
1.25107  1.366960E-15
1.25139  1.386560E-15
1.25171  1.400110E-15
1.25204  1.389410E-15
1.25236  1.412400E-15
1.25268  1.367290E-15
1.253  1.412070E-15
1.25333  1.396640E-15
1.25365  1.387670E-15
1.25397  1.407180E-15
1.2543  1.400510E-15
1.25462  1.399850E-15
1.25494  1.404680E-15
1.25527  1.392570E-15
1.25559  1.384210E-15
1.25591  1.384700E-15
1.25623  1.406260E-15
1.25656  1.365610E-15
1.25688  1.392370E-15
1.2572  1.401170E-15
1.25753  1.414650E-15
1.25785  1.378450E-15
1.25817  1.400710E-15
1.2585  1.388130E-15
1.25882  1.413790E-15
1.25914  1.361590E-15
1.25946  1.362200E-15
1.25979  1.362810E-15
1.26011  1.377270E-15
1.26043  1.374330E-15
1.26076  1.367050E-15
1.26108  1.384890E-15
1.2614  1.368600E-15
1.26172  1.377790E-15
1.26205  1.371660E-15
1.26237  1.366020E-15
1.26269  1.374420E-15
1.26302  1.378780E-15
1.26334  1.383780E-15
1.26366  1.370380E-15
1.26398  1.397400E-15
1.26431  1.375560E-15
1.26463  1.376530E-15
1.26495  1.399640E-15
1.26528  1.396920E-15
1.2656  1.388490E-15
1.26592  1.394510E-15
1.26624  1.367300E-15
1.26657  1.397790E-15
1.26689  1.393830E-15
1.26721  1.399660E-15
1.26754  1.378650E-15
1.26786  1.355840E-15
1.26818  1.358140E-15
1.2685  1.336540E-15
1.26883  1.349750E-15
1.26915  1.387870E-15
1.26947  1.400270E-15
1.2698  1.390430E-15
1.27012  1.374130E-15
1.27044  1.428950E-15
1.27076  1.388520E-15
1.27109  1.349860E-15
1.27141  1.360470E-15
1.27173  1.367670E-15
1.27206  1.383840E-15
1.27238  1.382440E-15
1.2727  1.385360E-15
1.27302  1.368670E-15
1.27335  1.366840E-15
1.27367  1.369850E-15
1.27399  1.363830E-15
1.27431  1.348640E-15
1.27464  1.343470E-15
1.27496  1.365410E-15
1.27528  1.340210E-15
1.27561  1.341230E-15
1.27593  1.323600E-15
1.27625  1.357060E-15
1.27657  1.339030E-15
1.2769  1.290200E-15
1.27722  1.330370E-15
1.27754  1.317970E-15
1.27786  1.355440E-15
1.27819  1.352900E-15
1.27851  1.346300E-15
1.27883  1.337300E-15
1.27916  1.355120E-15
1.27948  1.339500E-15
1.2798  1.342400E-15
1.28012  1.380610E-15
1.28045  1.354280E-15
1.28077  1.324070E-15
1.28109  1.337750E-15
1.28141  1.330500E-15
1.28174  1.342320E-15
1.28206  1.368770E-15
1.28238  1.357450E-15
1.2827  1.354580E-15
1.28303  1.357820E-15
1.28335  1.367970E-15
1.28367  1.356020E-15
1.284  1.371650E-15
1.28432  1.366270E-15
1.28464  1.368760E-15
1.28496  1.361420E-15
1.28529  1.374300E-15
1.28561  1.366200E-15
1.28593  1.336540E-15
1.28625  1.358890E-15
1.28658  1.344970E-15
1.2869  1.339060E-15
1.28722  1.363780E-15
1.28754  1.352840E-15
1.28787  1.354550E-15
1.28819  1.330660E-15
1.28851  1.363060E-15
1.28883  1.358390E-15
1.28916  1.373790E-15
1.28948  1.391430E-15
1.2898  1.391740E-15
1.29013  1.367000E-15
1.29045  1.420320E-15
1.29077  1.398260E-15
1.29109  1.371020E-15
1.29142  1.349550E-15
1.29174  1.365400E-15
1.29206  1.334410E-15
1.29238  1.339240E-15
1.29271  1.342900E-15
1.29303  1.346760E-15
1.29335  1.360400E-15
1.29367  1.347700E-15
1.294  1.325060E-15
1.29432  1.323020E-15
1.29464  1.338430E-15
1.29496  1.326380E-15
1.29529  1.342470E-15
1.29561  1.354550E-15
1.29593  1.334070E-15
1.29625  1.354470E-15
1.29658  1.341480E-15
1.2969  1.339740E-15
1.29722  1.356650E-15
1.29754  1.357680E-15
1.29787  1.354100E-15
1.29819  1.319310E-15
1.29851  1.342680E-15
1.29883  1.334850E-15
1.29916  1.358420E-15
1.29948  1.375970E-15
1.2998  1.347960E-15
1.30012  1.349140E-15
1.30045  1.320180E-15
1.30077  1.318660E-15
1.30109  1.348620E-15
1.30141  1.344010E-15
1.30174  1.364480E-15
1.30206  1.332930E-15
1.30238  1.357180E-15
1.3027  1.350260E-15
1.30303  1.358610E-15
1.30335  1.384020E-15
1.30367  1.395850E-15
1.30399  1.409820E-15
1.30431  1.397740E-15
1.30464  1.410960E-15
1.30496  1.407890E-15
1.30528  1.409830E-15
1.3056  1.421090E-15
1.30593  1.427560E-15
1.30625  1.397870E-15
1.30657  1.424900E-15
1.30689  1.412400E-15
1.30722  1.384980E-15
1.30754  1.384220E-15
1.30786  1.404370E-15
1.30818  1.411090E-15
1.30851  1.398060E-15
1.30883  1.403990E-15
1.30915  1.385800E-15
1.30947  1.396500E-15
1.3098  1.398690E-15
1.31012  1.426860E-15
1.31044  1.398980E-15
1.31076  1.404390E-15
1.31109  1.418880E-15
1.31141  1.400040E-15
1.31173  1.439950E-15
1.31205  1.417890E-15
1.31237  1.422460E-15
1.3127  1.410350E-15
1.31302  1.415770E-15
1.31334  1.447050E-15
1.31366  1.424130E-15
1.31399  1.443850E-15
1.31431  1.436710E-15
1.31463  1.393240E-15
1.31495  1.413900E-15
1.31528  1.400970E-15
1.3156  1.422320E-15
1.31592  1.396870E-15
1.31624  1.402380E-15
1.31657  1.367320E-15
1.31689  1.374760E-15
1.31721  1.396230E-15
1.31753  1.370490E-15
1.31785  1.373700E-15
1.31818  1.398100E-15
1.3185  1.379920E-15
1.31882  1.392440E-15
1.31914  1.376470E-15
1.31947  1.391880E-15
1.31979  1.397300E-15
1.32011  1.397550E-15
1.32043  1.376290E-15
1.32075  1.403480E-15
1.32108  1.382020E-15
1.3214  1.381480E-15
1.32172  1.364190E-15
1.32204  1.374610E-15
1.32237  1.360190E-15
1.32269  1.369330E-15
1.32301  1.357440E-15
1.32333  1.341050E-15
1.32366  1.351690E-15
1.32398  1.333680E-15
1.3243  1.357570E-15
1.32462  1.340480E-15
1.32494  1.317880E-15
1.32527  1.323800E-15
1.32559  1.309890E-15
1.32591  1.336010E-15
1.32623  1.331420E-15
1.32656  1.324630E-15
1.32688  1.328500E-15
1.3272  1.313640E-15
1.32752  1.330000E-15
1.32784  1.352840E-15
1.32817  1.315040E-15
1.32849  1.353100E-15
1.32881  1.349720E-15
1.32913  1.391490E-15
1.32946  1.357510E-15
1.32978  1.385570E-15
1.3301  1.389820E-15
1.33042  1.360140E-15
1.33074  1.374630E-15
1.33107  1.371170E-15
1.33139  1.346630E-15
1.33171  1.376570E-15
1.33203  1.355060E-15
1.33236  1.340820E-15
1.33268  1.335510E-15
1.333  1.347860E-15
1.33332  1.355880E-15
1.33364  1.317380E-15
1.33397  1.352590E-15
1.33429  1.315020E-15
1.33461  1.350440E-15
1.33493  1.327960E-15
1.33525  1.297510E-15
1.33558  1.317670E-15
1.3359  1.345010E-15
1.33622  1.339110E-15
1.33654  1.337560E-15
1.33687  1.348120E-15
1.33719  1.317660E-15
1.33751  1.337790E-15
1.33783  1.321060E-15
1.33815  1.348650E-15
1.33848  1.313650E-15
1.3388  1.348420E-15
1.33912  1.365340E-15
1.33944  1.332300E-15
1.33976  1.316690E-15
1.34009  1.350700E-15
1.34041  1.365840E-15
1.34073  1.338700E-15
1.34105  1.323930E-15
1.34138  1.346860E-15
1.3417  1.382420E-15
1.34202  1.319800E-15
1.34234  1.367940E-15
1.34266  1.346350E-15
1.34299  1.309540E-15
1.34331  1.325320E-15
1.34363  1.356900E-15
1.34395  1.332970E-15
1.34427  1.339980E-15
1.3446  1.341850E-15
1.34492  1.308440E-15
1.34524  1.310150E-15
1.34556  1.295620E-15
1.34588  1.294580E-15
1.34621  1.309540E-15
1.34653  1.303560E-15
1.34685  1.279650E-15
1.34717  1.264440E-15
1.3475  1.296360E-15
1.34782  1.289650E-15
1.34814  1.254410E-15
1.34846  1.285080E-15
1.34878  1.274270E-15
1.34911  1.316270E-15
1.34943  1.267690E-15
1.34975  1.272220E-15
1.35007  1.265750E-15
1.35039  1.319620E-15
1.35072  1.320450E-15
1.35104  1.235480E-15
1.35136  1.344360E-15
1.35168  1.299550E-15
1.352  1.348480E-15
1.35233  1.358930E-15
1.35265  1.328440E-15
1.35297  1.341140E-15
1.35329  1.351420E-15
1.35361  1.312200E-15
1.35394  1.338760E-15
1.35426  1.301770E-15
1.35458  1.430890E-15
1.3549  1.310890E-15
1.35522  1.317020E-15
1.35555  1.367650E-15
1.35587  1.404260E-15
1.35619  1.370970E-15
1.35651  1.314250E-15
1.35683  1.379600E-15
1.35716  1.354670E-15
1.35748  1.309250E-15
1.3578  1.394840E-15
1.35812  1.380470E-15
1.35844  1.370520E-15
1.35877  1.368630E-15
1.35909  1.382590E-15
1.35941  1.415230E-15
1.35973  1.411330E-15
1.36005  1.263170E-15
1.36038  1.436670E-15
1.3607  1.506070E-15
1.36102  1.418880E-15
1.36134  1.419860E-15
1.36166  1.404260E-15
1.36199  1.364690E-15
1.36231  1.527280E-15
1.36263  1.584040E-15
1.36295  1.464470E-15
1.36327  1.358220E-15
1.3636  1.352680E-15
1.36392  1.312820E-15
1.36424  1.472210E-15
1.36456  1.354690E-15
1.36488  1.396030E-15
1.36521  1.382100E-15
1.36553  1.284940E-15
1.36585  1.359020E-15
1.36617  1.306120E-15
1.36649  1.362310E-15
1.36682  1.304600E-15
1.36714  1.322960E-15
1.36746  1.294090E-15
1.36778  1.305880E-15
1.3681  1.439970E-15
1.36843  1.446260E-15
1.36875  1.491280E-15
1.36907  1.319850E-15
1.36939  1.324250E-15
1.36971  1.374550E-15
1.37004  1.341450E-15
1.37036  1.346620E-15
1.37068  1.334190E-15
1.371  1.319970E-15
1.37132  1.244110E-15
1.37165  1.175150E-15
1.37197  1.339720E-15
1.37229  1.325010E-15
1.37261  1.257560E-15
1.37293  1.397770E-15
1.37326  1.374250E-15
1.37358  1.228400E-15
1.3739  1.314800E-15
1.37422  1.233080E-15
1.37454  1.248140E-15
1.37486  1.276170E-15
1.37519  1.211570E-15
1.37551  1.222260E-15
1.37583  1.350370E-15
1.37615  1.304340E-15
1.37647  1.215370E-15
1.3768  1.319340E-15
1.37712  1.318510E-15
1.37744  1.302530E-15
1.37776  1.226980E-15
1.37808  1.287410E-15
1.37841  1.274700E-15
1.37873  1.293690E-15
1.37905  1.314640E-15
1.37937  1.257750E-15
1.37969  1.278600E-15
1.38002  1.306490E-15
1.38034  1.394590E-15
1.38066  1.326520E-15
1.38098  1.290390E-15
1.3813  1.255740E-15
1.38162  1.322120E-15
1.38195  1.392470E-15
1.38227  1.183540E-15
1.38259  1.370950E-15
1.38291  1.307780E-15
1.38323  1.340770E-15
1.38356  1.362320E-15
1.38388  1.380380E-15
1.3842  1.306910E-15
1.38452  1.251840E-15
1.38484  1.309440E-15
1.38517  1.329720E-15
1.38549  1.228910E-15
1.38581  1.356100E-15
1.38613  1.283250E-15
1.38645  1.275100E-15
1.38678  1.294610E-15
1.3871  1.269370E-15
1.38742  1.305430E-15
1.38774  1.276710E-15
1.38806  1.365620E-15
1.38838  1.244910E-15
1.38871  1.263620E-15
1.38903  1.264320E-15
1.38935  1.251540E-15
1.38967  1.300590E-15
1.38999  1.255750E-15
1.39032  1.204840E-15
1.39064  1.262240E-15
1.39096  1.290290E-15
1.39128  1.277280E-15
1.3916  1.215100E-15
1.39192  1.226640E-15
1.39225  1.238920E-15
1.39257  1.270390E-15
1.39289  1.259830E-15
1.39321  1.251060E-15
1.39353  1.283950E-15
1.39386  1.375770E-15
1.39418  1.301950E-15
1.3945  1.361360E-15
1.39482  1.345000E-15
1.39514  1.422790E-15
1.39547  1.258700E-15
1.39579  1.277140E-15
1.39611  1.262330E-15
1.39643  1.288540E-15
1.39675  1.187940E-15
1.39707  1.254570E-15
1.3974  1.228360E-15
1.39772  1.169920E-15
1.39804  1.241290E-15
1.39836  1.252520E-15
1.39868  1.230210E-15
1.39901  1.201460E-15
1.39933  1.349780E-15
1.39965  1.287830E-15
1.39997  1.175900E-15
1.40029  1.345270E-15
1.40061  1.206190E-15
1.40094  1.171000E-15
1.40126  1.366760E-15
1.40158  1.349890E-15
1.4019  1.215480E-15
1.40222  1.283280E-15
1.40255  1.235420E-15
1.40287  1.284360E-15
1.40319  1.237970E-15
1.40351  1.216780E-15
1.40383  1.258400E-15
1.40415  1.215610E-15
1.40448  1.086730E-15
1.4048  1.291280E-15
1.40512  1.201710E-15
1.40544  1.247090E-15
1.40576  1.262050E-15
1.40609  1.132540E-15
1.40641  1.227730E-15
1.40673  1.270540E-15
1.40705  1.310830E-15
1.40737  1.262720E-15
1.40769  1.241590E-15
1.40802  1.267260E-15
1.40834  1.249970E-15
1.40866  1.253420E-15
1.40898  1.224260E-15
1.4093  1.251820E-15
1.40963  1.174400E-15
1.40995  1.231360E-15
1.41027  1.298580E-15
1.41057  1.270500E-15
1.41098  1.260350E-15
1.41139  1.234650E-15
1.41179  1.244730E-15
1.4122  1.267650E-15
1.41261  1.253380E-15
1.41301  1.245620E-15
1.41342  1.278630E-15
1.41383  1.286330E-15
1.41423  1.234340E-15
1.41464  1.269230E-15
1.41505  1.281780E-15
1.41545  1.261430E-15
1.41586  1.241420E-15
1.41627  1.259720E-15
1.41667  1.232790E-15
1.41708  1.253390E-15
1.41749  1.279880E-15
1.41789  1.260650E-15
1.4183  1.215920E-15
1.41871  1.253100E-15
1.41911  1.282610E-15
1.41952  1.245750E-15
1.41993  1.264650E-15
1.42033  1.253180E-15
1.42074  1.253200E-15
1.42115  1.247550E-15
1.42155  1.245000E-15
1.42196  1.244410E-15
1.42237  1.235760E-15
1.42277  1.237770E-15
1.42318  1.230460E-15
1.42358  1.264300E-15
1.42399  1.232960E-15
1.4244  1.244950E-15
1.4248  1.222620E-15
1.42521  1.253800E-15
1.42562  1.247690E-15
1.42602  1.236550E-15
1.42643  1.218070E-15
1.42684  1.236900E-15
1.42724  1.224610E-15
1.42765  1.196780E-15
1.42805  1.204670E-15
1.42846  1.225020E-15
1.42887  1.203150E-15
1.42927  1.201120E-15
1.42968  1.210290E-15
1.43009  1.216910E-15
1.43049  1.193660E-15
1.4309  1.235320E-15
1.4313  1.234090E-15
1.43171  1.214730E-15
1.43212  1.242600E-15
1.43252  1.250750E-15
1.43293  1.224880E-15
1.43334  1.199370E-15
1.43374  1.212310E-15
1.43415  1.216180E-15
1.43455  1.215670E-15
1.43496  1.197780E-15
1.43537  1.199270E-15
1.43577  1.203230E-15
1.43618  1.222140E-15
1.43658  1.194240E-15
1.43699  1.186880E-15
1.4374  1.216600E-15
1.4378  1.217330E-15
1.43821  1.185830E-15
1.43861  1.199770E-15
1.43902  1.213330E-15
1.43943  1.224660E-15
1.43983  1.229590E-15
1.44024  1.212440E-15
1.44064  1.204840E-15
1.44105  1.222980E-15
1.44146  1.237140E-15
1.44186  1.187950E-15
1.44227  1.201290E-15
1.44267  1.214580E-15
1.44308  1.191050E-15
1.44349  1.176160E-15
1.44389  1.199690E-15
1.4443  1.186810E-15
1.4447  1.145720E-15
1.44511  1.148570E-15
1.44552  1.190400E-15
1.44592  1.165300E-15
1.44633  1.153740E-15
1.44673  1.178980E-15
1.44714  1.181080E-15
1.44754  1.165740E-15
1.44795  1.159570E-15
1.44836  1.166530E-15
1.44876  1.166520E-15
1.44917  1.160820E-15
1.44957  1.160880E-15
1.44998  1.138490E-15
1.45038  1.151740E-15
1.45079  1.147060E-15
1.4512  1.136650E-15
1.4516  1.164500E-15
1.45201  1.135650E-15
1.45241  1.140050E-15
1.45282  1.156140E-15
1.45322  1.160570E-15
1.45363  1.156860E-15
1.45404  1.149530E-15
1.45444  1.139740E-15
1.45485  1.161780E-15
1.45525  1.150230E-15
1.45566  1.155040E-15
1.45606  1.142090E-15
1.45647  1.143310E-15
1.45688  1.142700E-15
1.45728  1.143640E-15
1.45769  1.138770E-15
1.45809  1.142980E-15
1.4585  1.146310E-15
1.4589  1.159570E-15
1.45931  1.141080E-15
1.45971  1.173530E-15
1.46012  1.142410E-15
1.46053  1.136460E-15
1.46093  1.146960E-15
1.46134  1.149170E-15
1.46174  1.146280E-15
1.46215  1.124220E-15
1.46255  1.128010E-15
1.46296  1.147040E-15
1.46336  1.126730E-15
1.46377  1.145910E-15
1.46417  1.138950E-15
1.46458  1.140450E-15
1.46498  1.161730E-15
1.46539  1.155520E-15
1.4658  1.138770E-15
1.4662  1.178000E-15
1.46661  1.159060E-15
1.46701  1.190720E-15
1.46742  1.175520E-15
1.46782  1.196430E-15
1.46823  1.184110E-15
1.46863  1.173880E-15
1.46904  1.187120E-15
1.46944  1.181580E-15
1.46985  1.168350E-15
1.47025  1.146350E-15
1.47066  1.185120E-15
1.47106  1.169440E-15
1.47147  1.135510E-15
1.47187  1.166620E-15
1.47228  1.171750E-15
1.47269  1.156110E-15
1.47309  1.145260E-15
1.4735  1.170860E-15
1.4739  1.162020E-15
1.47431  1.162980E-15
1.47471  1.160430E-15
1.47512  1.155060E-15
1.47552  1.159910E-15
1.47593  1.163220E-15
1.47633  1.170840E-15
1.47674  1.155560E-15
1.47714  1.175360E-15
1.47755  1.146780E-15
1.47795  1.168420E-15
1.47836  1.141970E-15
1.47876  1.147530E-15
1.47917  1.147800E-15
1.47957  1.154520E-15
1.47998  1.166670E-15
1.48038  1.148560E-15
1.48079  1.134950E-15
1.48119  1.136630E-15
1.4816  1.158600E-15
1.482  1.146550E-15
1.48241  1.119340E-15
1.48281  1.162420E-15
1.48322  1.150010E-15
1.48362  1.148090E-15
1.48403  1.155530E-15
1.48443  1.149670E-15
1.48484  1.150420E-15
1.48524  1.162940E-15
1.48565  1.166740E-15
1.48605  1.175820E-15
1.48646  1.186040E-15
1.48686  1.172570E-15
1.48727  1.175920E-15
1.48767  1.182810E-15
1.48808  1.177830E-15
1.48848  1.157050E-15
1.48889  1.151350E-15
1.48929  1.156820E-15
1.4897  1.142000E-15
1.4901  1.146590E-15
1.49051  1.151370E-15
1.49091  1.148270E-15
1.49131  1.148030E-15
1.49172  1.132690E-15
1.49212  1.118580E-15
1.49253  1.136220E-15
1.49293  1.125260E-15
1.49334  1.118120E-15
1.49374  1.121210E-15
1.49415  1.116570E-15
1.49455  1.118560E-15
1.49496  1.122790E-15
1.49536  1.126820E-15
1.49577  1.132880E-15
1.49617  1.137390E-15
1.49658  1.154700E-15
1.49698  1.144840E-15
1.49739  1.134090E-15
1.49779  1.131020E-15
1.4982  1.123790E-15
1.4986  1.110100E-15
1.499  1.094720E-15
1.49941  1.092790E-15
1.49981  1.091120E-15
1.50022  1.094790E-15
1.50062  1.101830E-15
1.50103  1.093130E-15
1.50143  1.122490E-15
1.50184  1.115160E-15
1.50224  1.115370E-15
1.50265  1.119710E-15
1.50305  1.120270E-15
1.50345  1.113380E-15
1.50386  1.125390E-15
1.50426  1.113850E-15
1.50467  1.104010E-15
1.50507  1.095920E-15
1.50548  1.107320E-15
1.50588  1.139390E-15
1.50629  1.110060E-15
1.50669  1.109180E-15
1.5071  1.128930E-15
1.5075  1.116910E-15
1.5079  1.116120E-15
1.50831  1.127980E-15
1.50871  1.128070E-15
1.50912  1.110060E-15
1.50952  1.118590E-15
1.50993  1.116460E-15
1.51033  1.110660E-15
1.51074  1.113930E-15
1.51114  1.127480E-15
1.51154  1.132980E-15
1.51195  1.128590E-15
1.51235  1.113710E-15
1.51276  1.125510E-15
1.51316  1.120550E-15
1.51357  1.132170E-15
1.51397  1.126570E-15
1.51437  1.120470E-15
1.51478  1.120130E-15
1.51518  1.116580E-15
1.51559  1.111850E-15
1.51599  1.104640E-15
1.5164  1.115710E-15
1.5168  1.103770E-15
1.5172  1.116010E-15
1.51761  1.124450E-15
1.51801  1.111210E-15
1.51842  1.111920E-15
1.51882  1.128650E-15
1.51923  1.119880E-15
1.51963  1.129940E-15
1.52003  1.121530E-15
1.52044  1.126820E-15
1.52084  1.138110E-15
1.52125  1.139810E-15
1.52165  1.123890E-15
1.52206  1.137520E-15
1.52246  1.136800E-15
1.52286  1.126950E-15
1.52327  1.142240E-15
1.52367  1.128160E-15
1.52408  1.139590E-15
1.52448  1.121320E-15
1.52488  1.134650E-15
1.52529  1.131430E-15
1.52569  1.138200E-15
1.5261  1.114030E-15
1.5265  1.108760E-15
1.52691  1.093960E-15
1.52731  1.088040E-15
1.52771  1.081180E-15
1.52812  1.086550E-15
1.52852  1.104210E-15
1.52893  1.109210E-15
1.52933  1.106930E-15
1.52973  1.101440E-15
1.53014  1.112750E-15
1.53054  1.119290E-15
1.53095  1.115260E-15
1.53135  1.130650E-15
1.53175  1.140440E-15
1.53216  1.150390E-15
1.53256  1.145160E-15
1.53297  1.130270E-15
1.53337  1.136410E-15
1.53377  1.146560E-15
1.53418  1.154570E-15
1.53458  1.151970E-15
1.53499  1.150810E-15
1.53539  1.153290E-15
1.53579  1.156090E-15
1.5362  1.151400E-15
1.5366  1.152770E-15
1.53701  1.152590E-15
1.53741  1.143630E-15
1.53781  1.138520E-15
1.53822  1.143530E-15
1.53862  1.131020E-15
1.53903  1.142300E-15
1.53943  1.132180E-15
1.53983  1.142150E-15
1.54024  1.135480E-15
1.54064  1.132990E-15
1.54104  1.109900E-15
1.54145  1.099730E-15
1.54185  1.086650E-15
1.54226  1.072640E-15
1.54266  1.059960E-15
1.54306  1.058400E-15
1.54347  1.066380E-15
1.54387  1.050410E-15
1.54428  1.069290E-15
1.54468  1.062400E-15
1.54508  1.084350E-15
1.54549  1.077400E-15
1.54589  1.095600E-15
1.54629  1.090440E-15
1.5467  1.119530E-15
1.5471  1.120910E-15
1.54751  1.129730E-15
1.54791  1.111930E-15
1.54831  1.122010E-15
1.54872  1.124520E-15
1.54912  1.110800E-15
1.54952  1.106050E-15
1.54993  1.120830E-15
1.55033  1.104390E-15
1.55073  1.106720E-15
1.55114  1.108020E-15
1.55154  1.115670E-15
1.55195  1.105440E-15
1.55235  1.115960E-15
1.55275  1.111400E-15
1.55316  1.115610E-15
1.55356  1.109370E-15
1.55396  1.115450E-15
1.55437  1.123210E-15
1.55477  1.137540E-15
1.55518  1.136550E-15
1.55558  1.136890E-15
1.55598  1.134180E-15
1.55639  1.123840E-15
1.55679  1.115080E-15
1.55719  1.117570E-15
1.5576  1.112850E-15
1.558  1.115700E-15
1.5584  1.120230E-15
1.55881  1.111560E-15
1.55921  1.129100E-15
1.55961  1.114990E-15
1.56002  1.119250E-15
1.56042  1.117890E-15
1.56083  1.122290E-15
1.56123  1.113780E-15
1.56163  1.113110E-15
1.56204  1.121940E-15
1.56244  1.096870E-15
1.56284  1.104290E-15
1.56325  1.103830E-15
1.56365  1.104470E-15
1.56405  1.112610E-15
1.56446  1.108270E-15
1.56486  1.096340E-15
1.56526  1.109150E-15
1.56567  1.114240E-15
1.56607  1.107320E-15
1.56647  1.121350E-15
1.56688  1.118420E-15
1.56728  1.117990E-15
1.56768  1.123960E-15
1.56809  1.127800E-15
1.56849  1.121860E-15
1.56889  1.114830E-15
1.5693  1.126840E-15
1.5697  1.122210E-15
1.57011  1.117480E-15
1.57051  1.142920E-15
1.57091  1.146950E-15
1.57132  1.149020E-15
1.57172  1.170560E-15
1.57212  1.159120E-15
1.57253  1.171720E-15
1.57293  1.145260E-15
1.57333  1.142180E-15
1.57374  1.150090E-15
1.57414  1.137400E-15
1.57454  1.138080E-15
1.57495  1.139660E-15
1.57535  1.137830E-15
1.57575  1.133130E-15
1.57616  1.133400E-15
1.57656  1.132210E-15
1.57696  1.124780E-15
1.57737  1.116830E-15
1.57777  1.117410E-15
1.57817  1.112990E-15
1.57858  1.096890E-15
1.57898  1.104160E-15
1.57938  1.091570E-15
1.57979  1.096130E-15
1.58019  1.109090E-15
1.58059  1.087510E-15
1.581  1.103170E-15
1.5814  1.103130E-15
1.5818  1.106150E-15
1.5822  1.112070E-15
1.58261  1.100170E-15
1.58301  1.117940E-15
1.58341  1.097370E-15
1.58382  1.110180E-15
1.58422  1.102490E-15
1.58462  1.130710E-15
1.58503  1.135610E-15
1.58543  1.143310E-15
1.58583  1.138360E-15
1.58624  1.166710E-15
1.58664  1.168880E-15
1.58704  1.151440E-15
1.58745  1.154000E-15
1.58785  1.142710E-15
1.58825  1.145470E-15
1.58866  1.157980E-15
1.58906  1.162460E-15
1.58946  1.169870E-15
1.58987  1.160720E-15
1.59027  1.146310E-15
1.59067  1.146400E-15
1.59107  1.149030E-15
1.59148  1.142440E-15
1.59188  1.140500E-15
1.59228  1.133980E-15
1.59269  1.135790E-15
1.59309  1.134740E-15
1.59349  1.130370E-15
1.5939  1.131120E-15
1.5943  1.115040E-15
1.5947  1.109850E-15
1.59511  1.094330E-15
1.59551  1.103620E-15
1.59591  1.096430E-15
1.59632  1.094750E-15
1.59672  1.090760E-15
1.59712  1.081960E-15
1.59752  1.092720E-15
1.59793  1.068910E-15
1.59833  1.080470E-15
1.59873  1.065940E-15
1.59914  1.067590E-15
1.59954  1.052570E-15
1.59994  1.041590E-15
1.60035  1.045320E-15
1.60075  1.060830E-15
1.60115  1.068240E-15
1.60155  1.059550E-15
1.60196  1.088000E-15
1.60236  1.090270E-15
1.60276  1.095490E-15
1.60317  1.088590E-15
1.60357  1.098740E-15
1.60397  1.108180E-15
1.60438  1.099400E-15
1.60478  1.093130E-15
1.60518  1.101710E-15
1.60558  1.110610E-15
1.60599  1.114280E-15
1.60639  1.118400E-15
1.60679  1.100320E-15
1.6072  1.125090E-15
1.6076  1.107470E-15
1.608  1.132000E-15
1.6084  1.096370E-15
1.60881  1.119670E-15
1.60921  1.103220E-15
1.60961  1.101420E-15
1.61002  1.090570E-15
1.61042  1.093640E-15
1.61082  1.089740E-15
1.61123  1.078810E-15
1.61163  1.099160E-15
1.61203  1.113190E-15
1.61243  1.100570E-15
1.61284  1.117590E-15
1.61324  1.107140E-15
1.61364  1.120240E-15
1.61405  1.118370E-15
1.61445  1.111420E-15
1.61485  1.119270E-15
1.61525  1.101700E-15
1.61566  1.092520E-15
1.61606  1.087230E-15
1.61646  1.077440E-15
1.61687  1.076120E-15
1.61727  1.063280E-15
1.61767  1.039740E-15
1.61807  1.033340E-15
1.61848  1.012460E-15
1.61888  1.012440E-15
1.61928  1.023030E-15
1.61968  1.024810E-15
1.62009  1.024790E-15
1.62049  1.010820E-15
1.62089  1.026520E-15
1.6213  1.049270E-15
1.6217  1.055840E-15
1.6221  1.059370E-15
1.6225  1.044550E-15
1.62291  1.058400E-15
1.62331  1.055970E-15
1.62371  1.055970E-15
1.62412  1.054990E-15
1.62452  1.081810E-15
1.62492  1.064530E-15
1.62532  1.055680E-15
1.62573  1.064130E-15
1.62613  1.040460E-15
1.62653  1.063460E-15
1.62693  1.077910E-15
1.62734  1.083570E-15
1.62774  1.075570E-15
1.62814  1.083010E-15
1.62855  1.076450E-15
1.62895  1.073990E-15
1.62935  1.061160E-15
1.62975  1.054930E-15
1.63016  1.042330E-15
1.63056  1.027680E-15
1.63096  9.965170E-16
1.63136  1.016930E-15
1.63177  1.017530E-15
1.63217  1.021390E-15
1.63257  1.026320E-15
1.63298  1.035740E-15
1.63338  1.052760E-15
1.63378  1.069340E-15
1.63418  1.047480E-15
1.63459  1.085100E-15
1.63499  1.087550E-15
1.63539  1.081170E-15
1.63579  1.104680E-15
1.6362  1.113270E-15
1.6366  1.112430E-15
1.637  1.113110E-15
1.6374  1.084300E-15
1.63781  1.093780E-15
1.63821  1.068480E-15
1.63861  1.075410E-15
1.63902  1.053000E-15
1.63942  1.045900E-15
1.63982  1.042610E-15
1.64022  1.025700E-15
1.64063  1.026780E-15
1.64103  1.039450E-15
1.64143  1.042620E-15
1.64183  1.039550E-15
1.64224  1.045500E-15
1.64264  1.051720E-15
1.64304  1.052230E-15
1.64344  1.056110E-15
1.64385  1.059540E-15
1.64425  1.054470E-15
1.64465  1.066030E-15
1.64505  1.072660E-15
1.64546  1.069580E-15
1.64586  1.072020E-15
1.64626  1.079190E-15
1.64666  1.082530E-15
1.64707  1.069920E-15
1.64747  1.080400E-15
1.64787  1.080490E-15
1.64828  1.071540E-15
1.64868  1.088680E-15
1.64908  1.057850E-15
1.64948  1.070880E-15
1.64989  1.067330E-15
1.65029  1.060120E-15
1.65069  1.075030E-15
1.65109  1.080200E-15
1.6515  1.077610E-15
1.6519  1.074600E-15
1.6523  1.091610E-15
1.6527  1.089240E-15
1.65311  1.102050E-15
1.65351  1.106200E-15
1.65391  1.089840E-15
1.65431  1.107170E-15
1.65472  1.073230E-15
1.65512  1.083220E-15
1.65552  1.080060E-15
1.65592  1.079280E-15
1.65633  1.073360E-15
1.65673  1.075520E-15
1.65713  1.065140E-15
1.65753  1.074590E-15
1.65794  1.075140E-15
1.65834  1.077380E-15
1.65874  1.083070E-15
1.65914  1.070470E-15
1.65955  1.087770E-15
1.65995  1.064230E-15
1.66035  1.057300E-15
1.66075  1.042490E-15
1.66116  1.042340E-15
1.66156  1.008530E-15
1.66196  1.000610E-15
1.66236  9.855340E-16
1.66277  9.868020E-16
1.66317  9.810140E-16
1.66357  9.869290E-16
1.66397  9.851710E-16
1.66438  9.900040E-16
1.66478  1.004860E-15
1.66518  1.027880E-15
1.66558  1.035860E-15
1.66599  1.054050E-15
1.66639  1.049290E-15
1.66679  1.049760E-15
1.66719  1.044320E-15
1.6676  1.035490E-15
1.668  1.029410E-15
1.6684  1.056800E-15
1.6688  1.056960E-15
1.6692  1.051980E-15
1.66961  1.086870E-15
1.67001  1.068760E-15
1.67041  1.098220E-15
1.67081  1.086690E-15
1.67122  1.082810E-15
1.67162  1.100930E-15
1.67202  1.093250E-15
1.67242  1.098210E-15
1.67283  1.084020E-15
1.67323  1.089190E-15
1.67363  1.082750E-15
1.67403  1.085370E-15
1.67444  1.078090E-15
1.67484  1.083600E-15
1.67524  1.086570E-15
1.67564  1.087110E-15
1.67605  1.085200E-15
1.67645  1.076080E-15
1.67685  1.089690E-15
1.67725  1.086560E-15
1.67766  1.092810E-15
1.67806  1.086650E-15
1.67846  1.067140E-15
1.67886  1.077280E-15
1.67926  1.076730E-15
1.67967  1.063340E-15
1.68007  1.056760E-15
1.68047  1.068310E-15
1.68087  1.049850E-15
1.68128  1.046270E-15
1.68168  1.036020E-15
1.68208  1.018600E-15
1.68248  1.035230E-15
1.68289  1.033170E-15
1.68329  1.010520E-15
1.68369  1.020580E-15
1.68409  1.009190E-15
1.6845  1.016790E-15
1.6849  1.013870E-15
1.6853  1.019650E-15
1.6857  1.025430E-15
1.6861  1.044300E-15
1.68651  1.038830E-15
1.68691  1.067840E-15
1.68731  1.055500E-15
1.68771  1.069110E-15
1.68812  1.058110E-15
1.68852  1.055760E-15
1.68892  1.055770E-15
1.68932  1.042460E-15
1.68973  1.051820E-15
1.69013  1.051820E-15
1.69053  1.055300E-15
1.69093  1.060600E-15
1.69134  1.057010E-15
1.69174  1.063580E-15
1.69214  1.048820E-15
1.69254  1.056770E-15
1.69294  1.067950E-15
1.69335  1.058830E-15
1.69375  1.062930E-15
1.69415  1.075430E-15
1.69455  1.067960E-15
1.69496  1.063910E-15
1.69536  1.048890E-15
1.69576  1.042660E-15
1.69616  1.052690E-15
1.69657  1.043460E-15
1.69697  1.013790E-15
1.69737  1.020400E-15
1.69777  1.024370E-15
1.69817  1.026450E-15
1.69858  1.037520E-15
1.69898  1.037360E-15
1.69938  1.042850E-15
1.69978  1.037930E-15
1.70019  1.063260E-15
1.70059  1.047840E-15
1.70099  1.075150E-15
1.70139  1.059230E-15
1.7018  1.062970E-15
1.7022  1.062760E-15
1.7026  1.082300E-15
1.703  1.065490E-15
1.7034  1.059740E-15
1.70381  1.066390E-15
1.70421  1.051410E-15
1.70461  1.040200E-15
1.70501  1.029240E-15
1.70542  1.021140E-15
1.70582  1.024260E-15
1.70622  1.013640E-15
1.70662  9.994100E-16
1.70703  1.011210E-15
1.70743  9.945600E-16
1.70783  1.004150E-15
1.70823  1.023850E-15
1.70863  1.019470E-15
1.70904  1.008720E-15
1.70944  1.007350E-15
1.70984  1.020670E-15
1.71024  1.001540E-15
1.71065  1.012710E-15
1.71105  1.028510E-15
1.71145  1.002420E-15
1.71185  1.024420E-15
1.71225  1.015530E-15
1.71266  1.024740E-15
1.71306  1.024520E-15
1.71346  1.042520E-15
1.71386  1.047040E-15
1.71427  1.043210E-15
1.71467  1.039870E-15
1.71507  1.045700E-15
1.71547  1.044490E-15
1.71588  1.022810E-15
1.71628  1.027240E-15
1.71668  1.023820E-15
1.71708  1.023840E-15
1.71748  1.031270E-15
1.71789  1.034730E-15
1.71829  1.041140E-15
1.71869  1.021140E-15
1.71909  1.021430E-15
1.7195  1.019680E-15
1.7199  1.017340E-15
1.7203  1.022760E-15
1.7207  1.021310E-15
1.7211  1.029840E-15
1.72151  1.032420E-15
1.72191  1.040800E-15
1.72231  1.064200E-15
1.72271  1.054560E-15
1.72312  1.046010E-15
1.72352  1.060650E-15
1.72392  1.049070E-15
1.72432  1.053730E-15
1.72472  1.062560E-15
1.72513  1.049550E-15
1.72553  1.039680E-15
1.72593  1.039400E-15
1.72633  1.037070E-15
1.72674  1.041580E-15
1.72714  1.027630E-15
1.72754  1.052870E-15
1.72794  1.031270E-15
1.72835  1.014240E-15
1.72875  1.018780E-15
1.72915  1.020220E-15
1.72955  9.946750E-16
1.72995  1.000020E-15
1.73036  9.823540E-16
1.73076  9.934131E-16
1.73116  1.002120E-15
1.73156  1.000200E-15
1.73197  9.972160E-16
1.73237  1.000160E-15
1.73277  1.006780E-15
1.73317  1.005520E-15
1.73357  9.995060E-16
1.73398  9.928500E-16
1.73438  9.980150E-16
1.73478  9.912450E-16
1.73518  1.000630E-15
1.73559  1.021680E-15
1.73599  1.018670E-15
1.73639  1.023300E-15
1.73679  1.019390E-15
1.73719  1.044020E-15
1.7376  1.051030E-15
1.738  1.033330E-15
1.7384  1.042980E-15
1.7388  1.038460E-15
1.73921  1.027900E-15
1.73961  1.021170E-15
1.74001  1.034180E-15
1.74041  1.004390E-15
1.74082  1.014340E-15
1.74122  1.016060E-15
1.74162  9.947830E-16
1.74202  9.831890E-16
1.74242  9.983210E-16
1.74283  1.011130E-15
1.74323  1.010920E-15
1.74363  9.979670E-16
1.74403  1.008420E-15
1.74444  1.002030E-15
1.74484  1.013200E-15
1.74524  1.004560E-15
1.74564  1.014950E-15
1.74604  1.001950E-15
1.74645  9.983830E-16
1.74685  9.979549E-16
1.74725  1.009650E-15
1.74765  1.010430E-15
1.74806  1.014670E-15
1.74846  1.016100E-15
1.74886  1.017720E-15
1.74926  1.019820E-15
1.74966  1.025090E-15
1.75007  1.005500E-15
1.75047  9.884500E-16
1.75087  1.008920E-15
1.75127  9.720380E-16
1.75168  9.653200E-16
1.75208  9.595970E-16
1.75248  9.648980E-16
1.75288  9.646770E-16
1.75329  9.559800E-16
1.75369  9.623310E-16
1.75409  9.610140E-16
1.75449  9.532840E-16
1.75489  9.561630E-16
1.7553  9.530620E-16
1.7557  9.595570E-16
1.7561  9.413090E-16
1.7565  9.502970E-16
1.75691  9.595150E-16
1.75731  9.703220E-16
1.75771  9.603660E-16
1.75811  9.620270E-16
1.75851  9.711230E-16
1.75892  9.771760E-16
1.75932  9.863150E-16
1.75972  1.002900E-15
1.76012  9.897680E-16
1.76053  9.957021E-16
1.76093  1.017920E-15
1.76133  9.943720E-16
1.76173  9.999690E-16
1.76214  9.992330E-16
1.76254  1.003220E-15
1.76294  9.861550E-16
1.76334  9.774999E-16
1.76374  9.835790E-16
1.76415  1.014190E-15
1.76455  9.836300E-16
1.76495  9.626690E-16
1.76535  1.003960E-15
1.76576  9.978130E-16
1.76616  9.876700E-16
1.76656  9.688930E-16
1.76696  9.905950E-16
1.76737  9.818650E-16
1.76777  9.476810E-16
1.76817  9.440600E-16
1.76857  9.572840E-16
1.76897  9.506110E-16
1.76938  9.526560E-16
1.76978  9.552330E-16
1.77018  9.755670E-16
1.77058  9.766230E-16
1.77099  9.705990E-16
1.77139  9.932150E-16
1.77179  9.673440E-16
1.77219  9.758530E-16
1.7726  9.862150E-16
1.773  9.690300E-16
1.7734  9.908460E-16
1.7738  9.822430E-16
1.7742  9.642290E-16
1.77461  9.751270E-16
1.77501  9.607840E-16
1.77541  9.438090E-16
1.77581  9.484560E-16
1.77622  9.339310E-16
1.77662  9.287010E-16
1.77702  9.337751E-16
1.77742  9.342060E-16
1.77783  9.379710E-16
1.77823  9.228109E-16
1.77863  9.225360E-16
1.77903  9.274600E-16
1.77944  9.356320E-16
1.77984  9.291480E-16
1.78024  9.219000E-16
1.78064  9.360700E-16
1.78104  9.411900E-16
1.78145  9.753610E-16
1.78185  9.498760E-16
1.78225  9.538690E-16
1.78265  9.436570E-16
1.78306  9.669270E-16
1.78346  9.664100E-16
1.78386  9.581530E-16
1.78426  9.455120E-16
1.78467  9.324430E-16
1.78507  9.245220E-16
1.78547  9.367910E-16
1.78587  9.554890E-16
1.78628  9.311280E-16
1.78668  9.014950E-16
1.78708  9.223310E-16
1.78748  9.429560E-16
1.78789  9.164960E-16
1.78829  9.439070E-16
1.78869  9.436470E-16
1.78909  9.374810E-16
1.78949  9.331790E-16
1.7899  9.426170E-16
1.7903  9.465910E-16
1.7907  9.616090E-16
1.7911  9.686660E-16
1.79151  9.653320E-16
1.79191  9.423940E-16
1.79231  9.470060E-16
1.79271  9.452651E-16
1.79312  9.621350E-16
1.79352  9.604770E-16
1.79392  9.390020E-16
1.79432  9.250620E-16
1.79473  9.546790E-16
1.79513  9.521670E-16
1.79553  9.422890E-16
1.79593  9.204480E-16
1.79634  9.237890E-16
1.79674  9.265510E-16
1.79714  9.055941E-16
1.79754  9.186690E-16
1.79795  9.266690E-16
1.79835  9.238150E-16
1.79875  8.908720E-16
1.79915  9.068640E-16
1.79956  9.330040E-16
1.79996  9.282230E-16
1.80036  8.849840E-16
1.80076  9.190430E-16
1.80117  9.040019E-16
1.80157  9.002060E-16
1.80197  9.017970E-16
1.80237  9.501090E-16
1.80278  9.204270E-16
1.80318  9.301010E-16
1.80358  9.232040E-16
1.80398  9.344790E-16
1.80439  9.339710E-16
1.80479  9.424460E-16
1.80519  9.341440E-16
1.80559  9.356400E-16
1.806  9.632910E-16
1.8064  9.051340E-16
1.8068  8.949750E-16
1.8072  9.185490E-16
1.80761  9.375330E-16
1.80801  8.753980E-16
1.80841  8.974570E-16
1.80881  9.230750E-16
1.80922  8.905870E-16
1.80962  8.933710E-16
1.81002  9.534790E-16
1.81042  9.489730E-16
1.81083  1.005540E-15
1.81123  9.416320E-16
1.81163  9.585400E-16
1.81203  9.052400E-16
1.81244  9.809160E-16
1.81284  9.428850E-16
1.81324  9.637010E-16
1.81364  9.393990E-16
1.81405  9.344430E-16
1.81445  9.263400E-16
1.81485  9.345770E-16
1.81525  9.279221E-16
1.81566  9.837430E-16
1.81606  9.121240E-16
1.81646  9.373880E-16
1.81686  9.414720E-16
1.81727  9.500600E-16
1.81767  9.116290E-16
1.81807  9.085480E-16
1.81847  9.541761E-16
1.8824  8.539130E-16
1.88294  8.546500E-16
1.88348  8.567900E-16
1.88402  8.818800E-16
1.88456  8.861180E-16
1.8851  8.455330E-16
1.88564  8.352050E-16
1.88618  8.294630E-16
1.88672  8.291200E-16
1.88726  8.301690E-16
1.88779  8.212130E-16
1.88833  8.223420E-16
1.88887  8.282590E-16
1.88941  8.290090E-16
1.88995  8.442210E-16
1.89049  8.606430E-16
1.89103  8.119790E-16
1.89157  8.214400E-16
1.89211  8.563870E-16
1.89265  8.354490E-16
1.89319  8.157150E-16
1.89373  8.189480E-16
1.89427  8.314320E-16
1.89481  8.099660E-16
1.89535  7.927010E-16
1.89589  7.931910E-16
1.89643  8.030160E-16
1.89697  8.008440E-16
1.89751  8.285660E-16
1.89805  8.710020E-16
1.89859  8.599550E-16
1.89913  8.396100E-16
1.89967  8.536030E-16
1.90021  9.008890E-16
1.90075  9.304310E-16
1.90129  8.923200E-16
1.90183  8.315210E-16
1.90237  8.367610E-16
1.9029  8.936339E-16
1.90344  9.095780E-16
1.90398  8.456340E-16
1.90452  8.594040E-16
1.90506  9.309709E-16
1.9056  8.992210E-16
1.90614  8.517140E-16
1.90668  9.470600E-16
1.90722  9.076420E-16
1.90776  8.326540E-16
1.9083  8.452010E-16
1.90884  8.716050E-16
1.90938  8.712140E-16
1.90992  8.749830E-16
1.91046  8.818710E-16
1.911  8.870050E-16
1.91154  9.054290E-16
1.91208  9.237410E-16
1.91262  8.743480E-16
1.91315  8.874020E-16
1.91369  9.093980E-16
1.91423  9.374120E-16
1.91477  9.247990E-16
1.91531  8.645030E-16
1.91585  8.671380E-16
1.91639  9.065070E-16
1.91693  9.168110E-16
1.91747  8.975980E-16
1.91801  8.992440E-16
1.91855  9.153710E-16
1.91909  9.217810E-16
1.91963  9.484080E-16
1.92017  9.121160E-16
1.92071  9.028320E-16
1.92125  9.612250E-16
1.92178  9.122060E-16
1.92232  9.023370E-16
1.92286  8.857140E-16
1.9234  8.884590E-16
1.92394  9.290460E-16
1.92448  9.668691E-16
1.92502  9.421120E-16
1.92556  9.506119E-16
1.9261  9.322880E-16
1.92664  9.271370E-16
1.92718  9.420350E-16
1.92772  8.809170E-16
1.92826  8.912880E-16
1.92879  9.115840E-16
1.92933  8.740200E-16
1.92987  8.672310E-16
1.93041  8.907990E-16
1.93095  8.799320E-16
1.93149  8.805390E-16
1.93203  8.683270E-16
1.93257  8.595470E-16
1.93311  8.359420E-16
1.93365  8.370380E-16
1.93419  8.491740E-16
1.93473  8.371180E-16
1.93526  8.149430E-16
1.9358  8.230430E-16
1.93634  8.308890E-16
1.93688  8.289890E-16
1.93742  8.293600E-16
1.93796  8.287240E-16
1.9385  8.091680E-16
1.93904  8.187640E-16
1.93958  8.223600E-16
1.94012  8.086470E-16
1.94066  8.045520E-16
1.94119  8.214500E-16
1.94173  8.141960E-16
1.94227  8.063620E-16
1.94281  8.000950E-16
1.94335  8.059370E-16
1.94389  8.078400E-16
1.94443  8.118340E-16
1.94497  8.172080E-16
1.94551  8.235450E-16
1.94605  8.117010E-16
1.94659  8.144120E-16
1.94712  8.087580E-16
1.94766  8.110380E-16
1.9482  8.013320E-16
1.94874  8.157650E-16
1.94928  8.174570E-16
1.94982  8.127510E-16
1.95036  8.118240E-16
1.9509  8.132770E-16
1.95144  8.096190E-16
1.95197  8.125210E-16
1.95251  8.255710E-16
1.95305  8.153040E-16
1.95359  8.157160E-16
1.95413  8.150360E-16
1.95467  8.216860E-16
1.95521  8.178480E-16
1.95575  8.187250E-16
1.95629  8.167480E-16
1.95682  8.155500E-16
1.95736  8.220410E-16
1.9579  8.123380E-16
1.95844  8.047460E-16
1.95898  8.053270E-16
1.95952  7.994720E-16
1.96006  7.805800E-16
1.9606  7.818730E-16
1.96114  7.834600E-16
1.96167  7.787760E-16
1.96221  7.822440E-16
1.96275  7.891740E-16
1.96329  7.905840E-16
1.96383  7.981020E-16
1.96437  7.974520E-16
1.96491  8.006180E-16
1.96545  7.987480E-16
1.96598  8.084150E-16
1.96652  7.954150E-16
1.96706  7.919940E-16
1.9676  7.901320E-16
1.96814  7.889880E-16
1.96868  7.807130E-16
1.96922  7.895970E-16
1.96976  7.831330E-16
1.97029  7.754190E-16
1.97083  7.748390E-16
1.97137  7.867540E-16
1.97191  7.812250E-16
1.97245  7.851350E-16
1.97299  7.855110E-16
1.97353  7.866650E-16
1.97407  7.837660E-16
1.9746  7.828130E-16
1.97514  7.789590E-16
1.97568  7.803580E-16
1.97622  7.724910E-16
1.97676  7.683260E-16
1.9773  7.668520E-16
1.97784  7.682390E-16
1.97837  7.575020E-16
1.97891  7.512560E-16
1.97945  7.560000E-16
1.97999  7.589330E-16
1.98053  7.515660E-16
1.98107  7.497880E-16
1.98161  7.407820E-16
1.98214  7.411740E-16
1.98268  7.388020E-16
1.98322  7.395150E-16
1.98376  7.437260E-16
1.9843  7.535680E-16
1.98484  7.585770E-16
1.98538  7.633230E-16
1.98591  7.640410E-16
1.98645  7.660120E-16
1.98699  7.723530E-16
1.98753  7.674660E-16
1.98807  7.673930E-16
1.98861  7.700450E-16
1.98915  7.623700E-16
1.98968  7.597860E-16
1.99022  7.575930E-16
1.99076  7.547820E-16
1.9913  7.492620E-16
1.99184  7.445860E-16
1.99238  7.435380E-16
1.99291  7.423960E-16
1.99345  7.380860E-16
1.99399  7.379280E-16
1.99453  7.354160E-16
1.99507  7.261640E-16
1.99561  7.301780E-16
1.99615  7.333930E-16
1.99668  7.301490E-16
1.99722  7.338140E-16
1.99776  7.378320E-16
1.9983  7.419750E-16
1.99884  7.525400E-16
1.99938  7.582640E-16
1.99991  7.497430E-16
2.00045  7.603220E-16
2.00099  7.634170E-16
2.00153  7.782870E-16
2.00207  7.699070E-16
2.00261  8.031030E-16
2.00314  7.852560E-16
2.00368  7.905840E-16
2.00422  8.006280E-16
2.00476  8.015960E-16
2.0053  8.040910E-16
2.00584  8.056350E-16
2.00637  7.996490E-16
2.00691  7.870270E-16
2.00745  7.908810E-16
2.00799  7.998310E-16
2.00853  8.037100E-16
2.00907  8.003550E-16
2.0096  8.009120E-16
2.01014  8.146910E-16
2.01068  8.009430E-16
2.01122  7.945230E-16
2.01176  7.820100E-16
2.0123  7.860220E-16
2.01283  7.876170E-16
2.01337  7.924910E-16
2.01391  7.913230E-16
2.01445  7.830680E-16
2.01499  7.834770E-16
2.01552  7.811030E-16
2.01606  7.729830E-16
2.0166  7.737730E-16
2.01714  7.703160E-16
2.01768  7.627880E-16
2.01822  7.626080E-16
2.01875  7.696570E-16
2.01929  7.626430E-16
2.01983  7.564860E-16
2.02037  7.561880E-16
2.02091  7.520990E-16
2.02144  7.505560E-16
2.02198  7.533500E-16
2.02252  7.447940E-16
2.02306  7.371590E-16
2.0236  7.256400E-16
2.02414  7.181670E-16
2.02467  7.163020E-16
2.02521  7.074770E-16
2.02575  7.012200E-16
2.02629  7.087540E-16
2.02683  7.047110E-16
2.02736  6.957670E-16
2.0279  6.988410E-16
2.02844  6.914090E-16
2.02898  6.884210E-16
2.02952  6.840060E-16
2.03005  6.884340E-16
2.03059  6.896030E-16
2.03113  6.855950E-16
2.03167  6.944100E-16
2.03221  7.006550E-16
2.03275  7.025480E-16
2.03328  7.016100E-16
2.03382  7.046310E-16
2.03436  7.107900E-16
2.0349  7.079420E-16
2.03544  7.070130E-16
2.03597  7.141970E-16
2.03651  7.022330E-16
2.03705  7.039350E-16
2.03759  6.960630E-16
2.03813  6.978750E-16
2.03866  6.884430E-16
2.0392  6.865350E-16
2.03974  6.962670E-16
2.04028  7.039480E-16
2.04082  6.990260E-16
2.04135  6.954570E-16
2.04189  7.018910E-16
2.04243  7.005450E-16
2.04297  6.955380E-16
2.04351  6.978740E-16
2.04404  6.944230E-16
2.04458  6.937190E-16
2.04512  6.908350E-16
2.04566  6.906510E-16
2.04619  6.901840E-16
2.04673  6.893950E-16
2.04727  6.926860E-16
2.04781  7.049280E-16
2.04835  7.020310E-16
2.04888  6.944780E-16
2.04942  6.982080E-16
2.04996  7.004100E-16
2.0505  7.073150E-16
2.05104  7.071880E-16
2.05157  7.092680E-16
2.05211  7.182270E-16
2.05265  7.091430E-16
2.05319  7.135460E-16
2.05373  7.160290E-16
2.05426  7.138940E-16
2.0548  7.134600E-16
2.05534  7.021000E-16
2.05588  7.154950E-16
2.05641  7.078210E-16
2.05695  7.047480E-16
2.05749  7.087720E-16
2.05803  7.058960E-16
2.05857  7.112460E-16
2.0591  7.114900E-16
2.05964  7.083480E-16
2.06018  7.056270E-16
2.06072  7.073400E-16
2.06125  7.016910E-16
2.06179  7.150300E-16
2.06233  7.047090E-16
2.06287  7.013240E-16
2.06341  7.076000E-16
2.06394  7.060250E-16
2.06448  7.100160E-16
2.06502  7.065780E-16
2.06556  7.161650E-16
2.06609  7.101830E-16
2.06663  7.062010E-16
2.06717  7.052900E-16
2.06771  7.041130E-16
2.06825  7.076040E-16
2.06878  7.073840E-16
2.06932  7.012880E-16
2.06986  6.967500E-16
2.0704  7.018560E-16
2.07093  6.947350E-16
2.07147  6.970330E-16
2.07201  6.973600E-16
2.07255  6.972370E-16
2.07308  6.961550E-16
2.07362  6.957010E-16
2.07416  6.933710E-16
2.0747  6.928970E-16
2.07524  6.919680E-16
2.07577  6.955240E-16
2.07631  6.969680E-16
2.07685  6.868460E-16
2.07739  6.905220E-16
2.07792  6.874640E-16
2.07846  6.882650E-16
2.079  6.896190E-16
2.07954  6.856310E-16
2.08007  6.852300E-16
2.08061  6.830180E-16
2.08115  6.842210E-16
2.08169  6.791860E-16
2.08222  6.843600E-16
2.08276  6.847640E-16
2.0833  6.861700E-16
2.08384  6.845740E-16
2.08438  6.851260E-16
2.08491  6.880570E-16
2.08545  6.911590E-16
2.08599  6.972130E-16
2.08653  6.996190E-16
2.08706  6.948080E-16
2.0876  6.989660E-16
2.08814  6.967400E-16
2.08868  6.973540E-16
2.08921  6.933410E-16
2.08975  6.891470E-16
2.09029  6.884850E-16
2.09083  6.948270E-16
2.09136  6.885960E-16
2.0919  6.843050E-16
2.09244  6.847430E-16
2.09298  6.919080E-16
2.09351  6.867460E-16
2.09405  6.873670E-16
2.09459  6.872640E-16
2.09513  6.868400E-16
2.09566  6.880420E-16
2.0962  6.906790E-16
2.09674  6.857670E-16
2.09728  6.845750E-16
2.09781  6.839050E-16
2.09835  6.841050E-16
2.09889  6.797320E-16
2.09943  6.836770E-16
2.09996  6.719980E-16
2.1005  6.759830E-16
2.10104  6.798470E-16
2.10158  6.822130E-16
2.10211  6.822720E-16
2.10265  6.758570E-16
2.10319  6.815270E-16
2.10373  6.793310E-16
2.10426  6.778220E-16
2.1048  6.771150E-16
2.10534  6.799340E-16
2.10588  6.790400E-16
2.10641  6.780840E-16
2.10695  6.839870E-16
2.10749  6.849800E-16
2.10803  6.814910E-16
2.10856  6.742160E-16
2.1091  6.750560E-16
2.10964  6.726840E-16
2.11017  6.769800E-16
2.11071  6.764650E-16
2.11125  6.773580E-16
2.11179  6.798360E-16
2.11232  6.670740E-16
2.11286  6.714350E-16
2.1134  6.710020E-16
2.11394  6.719320E-16
2.11447  6.739740E-16
2.11501  6.726440E-16
2.11555  6.699960E-16
2.11609  6.702500E-16
2.11662  6.715880E-16
2.11716  6.713840E-16
2.1177  6.723380E-16
2.11824  6.679530E-16
2.11877  6.660290E-16
2.11931  6.680240E-16
2.11985  6.657970E-16
2.12038  6.651930E-16
2.12092  6.690460E-16
2.12146  6.706770E-16
2.122  6.731910E-16
2.12253  6.640940E-16
2.12307  6.624570E-16
2.12361  6.625700E-16
2.12415  6.609470E-16
2.12468  6.667080E-16
2.12522  6.655590E-16
2.12576  6.551130E-16
2.1263  6.629720E-16
2.12683  6.569980E-16
2.12737  6.609340E-16
2.12791  6.623900E-16
2.12844  6.703250E-16
2.12898  6.650860E-16
2.12952  6.645740E-16
2.13006  6.598930E-16
2.13059  6.596660E-16
2.13113  6.587940E-16
2.13167  6.707700E-16
2.13221  6.604710E-16
2.13274  6.675140E-16
2.13328  6.675530E-16
2.13382  6.637070E-16
2.13435  6.583790E-16
2.13489  6.624970E-16
2.13543  6.618790E-16
2.13597  6.585350E-16
2.1365  6.583520E-16
2.13704  6.580080E-16
2.13758  6.562240E-16
2.13811  6.546580E-16
2.13865  6.643200E-16
2.13919  6.571990E-16
2.13973  6.585540E-16
2.14026  6.590270E-16
2.1408  6.655140E-16
2.14134  6.641750E-16
2.14187  6.554240E-16
2.14241  6.627900E-16
2.14295  6.579310E-16
2.14349  6.608130E-16
2.14402  6.567220E-16
2.14456  6.596410E-16
2.1451  6.536330E-16
2.14563  6.584760E-16
2.14617  6.650020E-16
2.14671  6.584830E-16
2.14725  6.623140E-16
2.14778  6.609260E-16
2.14832  6.572330E-16
2.14886  6.602900E-16
2.14939  6.672670E-16
2.14993  6.492760E-16
2.15047  6.580050E-16
2.15101  6.550980E-16
2.15154  6.596640E-16
2.15208  6.531530E-16
2.15262  6.491450E-16
2.15315  6.599670E-16
2.15369  6.594180E-16
2.15423  6.569730E-16
2.15477  6.563610E-16
2.1553  6.619870E-16
2.15584  6.546260E-16
2.15638  6.579090E-16
2.15691  6.600350E-16
2.15745  6.547420E-16
2.15799  6.543280E-16
2.15853  6.577840E-16
2.15906  6.568870E-16
2.1596  6.468780E-16
2.16014  6.476720E-16
2.16067  6.416900E-16
2.16121  6.397030E-16
2.16175  6.429780E-16
2.16228  6.356080E-16
2.16282  6.342260E-16
2.16336  6.304210E-16
2.1639  6.279390E-16
2.16443  6.326220E-16
2.16497  6.397970E-16
2.16551  6.416230E-16
2.16604  6.447910E-16
2.16658  6.467910E-16
2.16712  6.436500E-16
2.16766  6.393510E-16
2.16819  6.387030E-16
2.16873  6.403050E-16
2.16927  6.400690E-16
2.1698  6.351170E-16
2.17034  6.408630E-16
2.17088  6.347000E-16
2.17141  6.299550E-16
2.17195  6.260360E-16
2.17249  6.343080E-16
2.17303  6.384750E-16
2.17356  6.340410E-16
2.1741  6.350140E-16
2.17464  6.325980E-16
2.17517  6.333030E-16
2.17571  6.343860E-16
2.17625  6.409740E-16
2.17678  6.463730E-16
2.17732  6.522700E-16
2.17786  6.496160E-16
2.1784  6.543930E-16
2.17893  6.459280E-16
2.17947  6.442110E-16
2.18001  6.417960E-16
2.18054  6.339680E-16
2.18108  6.376470E-16
2.18162  6.289570E-16
2.18215  6.339260E-16
2.18269  6.286550E-16
2.18323  6.375650E-16
2.18376  6.416410E-16
2.1843  6.403430E-16
2.18484  6.382410E-16
2.18538  6.339130E-16
2.18591  6.341000E-16
2.18645  6.371260E-16
2.18699  6.378250E-16
2.18752  6.356900E-16
2.18806  6.342870E-16
2.1886  6.358380E-16
2.18913  6.317880E-16
2.18967  6.290330E-16
2.19021  6.224600E-16
2.19074  6.317390E-16
2.19128  6.264580E-16
2.19182  6.354570E-16
2.19236  6.360140E-16
2.19289  6.359270E-16
2.19343  6.324700E-16
2.19397  6.366360E-16
2.1945  6.283280E-16
2.19504  6.327800E-16
2.19558  6.431660E-16
2.19611  6.337340E-16
2.19665  6.307490E-16
2.19719  6.319500E-16
2.19772  6.328690E-16
2.19826  6.332450E-16
2.1988  6.323730E-16
2.19933  6.369950E-16
2.19987  6.344590E-16
2.20041  6.304960E-16
2.20094  6.254060E-16
2.20148  6.253530E-16
2.20202  6.216630E-16
2.20256  6.225850E-16
2.20309  6.220670E-16
2.20363  6.254570E-16
2.20417  6.280740E-16
2.2047  6.255450E-16
2.20524  6.251430E-16
2.20578  6.206190E-16
2.20631  6.214640E-16
2.20685  6.280110E-16
2.20739  6.267080E-16
2.20792  6.325280E-16
2.20846  6.241160E-16
2.209  6.325250E-16
2.20953  6.296330E-16
2.21007  6.327240E-16
2.21061  6.261610E-16
2.21114  6.278940E-16
2.21168  6.275750E-16
2.21222  6.253930E-16
2.21275  6.259940E-16
2.21329  6.318800E-16
2.21383  6.210010E-16
2.21437  6.259420E-16
2.2149  6.205500E-16
2.21544  6.285090E-16
2.21598  6.286530E-16
2.21651  6.279550E-16
2.21705  6.246220E-16
2.21759  6.209940E-16
2.21812  6.274410E-16
2.21866  6.271920E-16
2.2192  6.204010E-16
2.21973  6.243050E-16
2.22027  6.218230E-16
2.22081  6.143180E-16
2.22134  6.225670E-16
2.22188  6.253030E-16
2.22242  6.234120E-16
2.22295  6.265000E-16
2.22349  6.210550E-16
2.22403  6.276340E-16
2.22456  6.265740E-16
2.2251  6.267870E-16
2.22564  6.205630E-16
2.22617  6.203820E-16
2.22671  6.230690E-16
2.22725  6.215950E-16
2.22778  6.266320E-16
2.22832  6.237920E-16
2.22886  6.225790E-16
2.22939  6.193250E-16
2.22993  6.207350E-16
2.23047  6.160840E-16
2.231  6.154560E-16
2.23154  6.151180E-16
2.23208  6.233040E-16
2.23261  6.229220E-16
2.23315  6.150560E-16
2.23369  6.157560E-16
2.23423  6.104640E-16
2.23476  6.120170E-16
2.2353  6.113560E-16
2.23584  6.080990E-16
2.23637  6.096300E-16
2.23691  6.089780E-16
2.23745  6.136360E-16
2.23798  5.968720E-16
2.23852  5.974520E-16
2.23906  5.995490E-16
2.23959  6.016240E-16
2.24013  5.999930E-16
2.24067  6.071090E-16
2.2412  6.109530E-16
2.24174  6.035010E-16
2.24228  6.060890E-16
2.24281  6.038970E-16
2.24335  6.086630E-16
2.24389  6.114550E-16
2.24442  6.097500E-16
2.24496  6.092160E-16
2.2455  6.099900E-16
2.24603  6.027710E-16
2.24657  6.037610E-16
2.24711  6.084090E-16
2.24764  6.060910E-16
2.24818  6.012060E-16
2.24872  6.146250E-16
2.24925  6.064850E-16
2.24979  6.110240E-16
2.25033  6.058880E-16
2.25086  6.154500E-16
2.2514  6.034200E-16
2.25194  6.044080E-16
2.25247  6.105400E-16
2.25301  6.078070E-16
2.25355  6.068660E-16
2.25408  6.088390E-16
2.25462  6.078850E-16
2.25516  6.025510E-16
2.25569  6.026230E-16
2.25623  6.019960E-16
2.25677  5.991760E-16
2.2573  5.973330E-16
2.25784  6.011860E-16
2.25837  6.022450E-16
2.25891  5.991830E-16
2.25945  5.931680E-16
2.25998  5.953630E-16
2.26052  5.900950E-16
2.26106  5.916570E-16
2.26159  5.943240E-16
2.26213  5.877890E-16
2.26267  5.844180E-16
2.2632  5.839380E-16
2.26374  5.814470E-16
2.26428  5.811030E-16
2.26481  5.791930E-16
2.26535  5.806670E-16
2.26589  5.805960E-16
2.26642  5.769920E-16
2.26696  5.852670E-16
2.2675  5.865830E-16
2.26803  5.872410E-16
2.26857  5.880970E-16
2.26911  5.876420E-16
2.26964  5.923060E-16
2.27018  5.966210E-16
2.27072  5.967730E-16
2.27125  5.904430E-16
2.27179  5.989260E-16
2.27233  5.966920E-16
2.27286  5.926180E-16
2.2734  6.006880E-16
2.27394  5.995150E-16
2.27447  6.023570E-16
2.27501  5.998210E-16
2.27555  6.034000E-16
2.27608  6.023640E-16
2.27662  5.949420E-16
2.27716  5.966470E-16
2.27769  5.968360E-16
2.27823  5.913310E-16
2.27877  5.931540E-16
2.2793  5.892880E-16
2.27984  5.852200E-16
2.28038  5.952460E-16
2.28091  5.956110E-16
2.28145  5.886960E-16
2.28199  5.939850E-16
2.28252  5.884660E-16
2.28306  5.936470E-16
2.28359  5.891870E-16
2.28413  5.876580E-16
2.28467  5.817200E-16
2.2852  5.810280E-16
2.28574  5.791610E-16
2.28628  5.715000E-16
2.28681  5.761360E-16
2.28735  5.728430E-16
2.28789  5.789370E-16
2.28842  5.762040E-16
2.28896  5.819590E-16
2.2895  5.829570E-16
2.29003  5.872400E-16
2.29057  5.807590E-16
2.29111  5.809580E-16
2.29164  5.871020E-16
2.29218  5.829730E-16
2.29272  5.863560E-16
2.29325  5.858540E-16
2.29379  5.935070E-16
2.29433  5.842250E-16
2.29486  5.820820E-16
2.2954  5.900810E-16
2.29594  5.780620E-16
2.29647  5.756540E-16
2.29701  5.787430E-16
2.29754  5.815940E-16
2.29808  5.745000E-16
2.29862  5.810540E-16
2.29915  5.726180E-16
2.29969  5.800680E-16
2.30023  5.709750E-16
2.30076  5.841910E-16
2.3013  5.708900E-16
2.30184  5.810120E-16
2.30237  5.796950E-16
2.30291  5.754980E-16
2.30345  5.726660E-16
2.30398  5.758820E-16
2.30452  5.761440E-16
2.30506  5.777040E-16
2.30559  5.786710E-16
2.30613  5.731560E-16
2.30667  5.727700E-16
2.3072  5.758290E-16
2.30774  5.792480E-16
2.30828  5.727750E-16
2.30881  5.740300E-16
2.30935  5.707890E-16
2.30989  5.695240E-16
2.31042  5.693980E-16
2.31096  5.704490E-16
2.31149  5.653460E-16
2.31203  5.682490E-16
2.31257  5.709740E-16
2.3131  5.631000E-16
2.31364  5.681310E-16
2.31418  5.733060E-16
2.31471  5.696560E-16
2.31525  5.679400E-16
2.31579  5.737280E-16
2.31632  5.759880E-16
2.31686  5.827260E-16
2.3174  5.778830E-16
2.31793  5.761340E-16
2.31847  5.735050E-16
2.31901  5.689280E-16
2.31954  5.667350E-16
2.32008  5.733230E-16
2.32062  5.625580E-16
2.32115  5.595340E-16
2.32169  5.586360E-16
2.32222  5.555980E-16
2.32276  5.507970E-16
2.3233  5.512960E-16
2.32383  5.476790E-16
2.32437  5.553280E-16
2.32491  5.509630E-16
2.32544  5.548500E-16
2.32598  5.504120E-16
2.32652  5.620430E-16
2.32705  5.537250E-16
2.32759  5.575310E-16
2.32813  5.607900E-16
2.32866  5.625300E-16
2.3292  5.604130E-16
2.32974  5.663760E-16
2.33027  5.630170E-16
2.33081  5.528350E-16
2.33135  5.631000E-16
2.33188  5.601640E-16
2.33242  5.617660E-16
2.33295  5.630390E-16
2.33349  5.587130E-16
2.33403  5.627920E-16
2.33456  5.595910E-16
2.3351  5.584120E-16
2.33564  5.562910E-16
2.33617  5.603010E-16
2.33671  5.659310E-16
2.33725  5.616660E-16
2.33778  5.577470E-16
2.33832  5.616780E-16
2.33886  5.596020E-16
2.33939  5.660070E-16
2.33993  5.647060E-16
2.34047  5.608730E-16
2.341  5.553030E-16
2.34154  5.560600E-16
2.34207  5.521520E-16
2.34261  5.480650E-16
2.34315  5.479410E-16
2.34368  5.499230E-16
2.34422  5.476610E-16
2.34476  5.534780E-16
2.34529  5.603320E-16
2.34583  5.627760E-16
2.34637  5.585410E-16
2.3469  5.509720E-16
2.34744  5.605560E-16
2.34798  5.540090E-16
2.34851  5.597720E-16
2.34905  5.572890E-16
2.34959  5.597800E-16
2.35012  5.513590E-16
2.35066  5.534070E-16
2.35119  5.521900E-16
2.35173  5.459700E-16
2.35227  5.362830E-16
2.3528  5.249430E-16
2.35334  5.164770E-16
2.35388  5.121290E-16
2.35441  4.983270E-16
2.35495  4.883480E-16
2.35549  4.861510E-16
2.35602  4.793790E-16
2.35656  4.843010E-16
2.3571  4.926530E-16
2.35763  4.857320E-16
2.35817  4.982500E-16
2.35871  5.070310E-16
2.35924  5.081550E-16
2.35978  5.024470E-16
2.36031  5.045790E-16
2.36085  5.149500E-16
2.36139  5.197220E-16
2.36192  5.066340E-16
2.36246  5.187590E-16
2.363  5.181830E-16
2.36353  5.204730E-16
2.36407  5.137800E-16
2.36461  5.230880E-16
2.36514  5.126240E-16
2.36568  5.184480E-16
2.36622  5.180280E-16
2.36675  5.219700E-16
2.36729  5.226340E-16
2.36783  5.193620E-16
2.36836  5.185090E-16
2.3689  5.163210E-16
2.36944  5.164140E-16
2.36997  5.294050E-16
2.37051  5.431390E-16
2.37104  5.384160E-16
2.37158  5.163650E-16
2.37212  5.217900E-16
2.37265  5.165830E-16
2.37319  5.119550E-16
2.37373  5.240370E-16
2.37426  5.164780E-16
2.3748  5.279680E-16
2.37534  5.168930E-16
2.37587  5.168320E-16
2.37641  5.160160E-16
2.37695  5.309960E-16
2.37748  5.146330E-16
2.37802  5.135790E-16
2.37856  5.120120E-16
2.37909  5.096690E-16
2.37963  5.125760E-16
2.38016  5.208480E-16
2.3807  5.175660E-16
2.38124  5.072500E-16
2.38177  5.048360E-16
2.38231  5.050290E-16
2.38285  5.091620E-16
2.38338  4.960680E-16
2.38392  4.818850E-16
2.38446  4.727480E-16
2.38499  4.745140E-16
2.38553  4.597430E-16
2.38607  4.677600E-16
2.3866  4.710360E-16
2.38714  4.717250E-16
2.38768  4.706400E-16
2.38821  4.764880E-16
2.38875  4.734640E-16
2.38928  4.827570E-16
2.38982  4.796660E-16
2.39036  4.879460E-16
2.39089  4.851030E-16
2.39143  4.883880E-16
2.39197  4.915630E-16
2.3925  4.916210E-16
2.39304  4.986060E-16
2.39358  4.980190E-16
2.39411  4.953650E-16
2.39465  4.915300E-16
2.39519  4.978710E-16
2.39572  4.903420E-16
2.39626  4.907410E-16
2.3968  5.034990E-16
2.39733  4.871440E-16
2.39787  4.897490E-16
2.39841  4.918440E-16
2.39894  4.970180E-16
2.39948  4.875680E-16
2.40001  4.923100E-16
2.40055  4.886720E-16
2.40109  4.888240E-16
2.40162  4.866070E-16
2.40216  4.898680E-16
2.4027  4.901340E-16
2.40323  4.833190E-16
2.40377  4.906280E-16
2.40431  5.037970E-16
2.40484  4.817600E-16
2.40538  4.898640E-16
2.40592  4.877580E-16
2.40645  4.719130E-16
2.40699  4.734870E-16
2.40753  4.697780E-16
2.40806  4.750410E-16
2.4086  4.794240E-16
2.40914  4.805610E-16
2.40967  4.733680E-16
2.41021  4.763850E-16
2.41074  4.707890E-16
2.41128  4.720700E-16
2.41182  4.705670E-16
2.41235  4.664500E-16
2.41289  4.617320E-16
2.41343  4.604370E-16
2.41396  4.657700E-16
2.4145  4.498540E-16
2.41504  4.433350E-16
2.41557  4.436450E-16
2.41611  4.508000E-16
2.41665  4.440520E-16
2.41718  4.419980E-16
2.41772  4.443310E-16
2.41826  4.482720E-16
2.41879  4.538280E-16
2.41933  4.574570E-16
2.41987  4.445600E-16
2.4204  4.601280E-16
2.42094  4.593050E-16
2.42148  4.586040E-16
2.42201  4.606440E-16
2.42255  4.618100E-16
2.42308  4.620720E-16
2.42362  4.637180E-16
2.42416  4.732340E-16
2.42469  4.642770E-16
2.42523  4.736910E-16
2.42577  4.604300E-16
