0.805404  2.921750E-15
0.805607  2.932508E-15
0.805809  2.808528E-15
0.806011  2.925820E-15
0.806213  3.107286E-15
0.806415  2.989024E-15
0.806617  3.143897E-15
0.806819  3.288560E-15
0.807021  3.190763E-15
0.807223  3.196798E-15
0.807425  3.014347E-15
0.807627  2.981520E-15
0.807829  3.021241E-15
0.808031  2.891833E-15
0.808233  2.803661E-15
0.808435  2.735739E-15
0.808637  2.691862E-15
0.808839  2.786881E-15
0.809041  2.654046E-15
0.80908  2.661933E-15
0.809313  2.713978E-15
0.809547  2.708484E-15
0.80978  2.650386E-15
0.810013  2.782908E-15
0.810246  2.718462E-15
0.810479  2.740891E-15
0.810712  2.802315E-15
0.810945  2.699300E-15
0.811178  2.711530E-15
0.811411  2.712520E-15
0.811644  2.716821E-15
0.811877  2.831864E-15
0.81211  2.765612E-15
0.812343  2.705484E-15
0.812576  2.691927E-15
0.812809  2.718513E-15
0.813042  2.699532E-15
0.813275  2.668749E-15
0.813507  2.747599E-15
0.81374  2.804238E-15
0.813973  2.786167E-15
0.814206  2.843137E-15
0.814439  2.825449E-15
0.814672  2.832668E-15
0.814905  2.806218E-15
0.815138  2.728782E-15
0.815371  2.740059E-15
0.815604  2.730203E-15
0.815836  2.812340E-15
0.816069  2.736805E-15
0.816302  2.685450E-15
0.816535  2.739374E-15
0.816768  2.824649E-15
0.817001  2.782223E-15
0.817234  2.714703E-15
0.817466  2.725505E-15
0.817699  2.645939E-15
0.817932  2.655430E-15
0.818165  2.718228E-15
0.818398  2.691586E-15
0.81863  2.696913E-15
0.818863  2.636209E-15
0.819096  2.609017E-15
0.819329  2.615902E-15
0.819562  2.610878E-15
0.819794  2.733667E-15
0.820027  2.734143E-15
0.82026  2.724857E-15
0.820493  2.656097E-15
0.820725  2.756876E-15
0.820958  2.672584E-15
0.821191  2.614756E-15
0.821424  2.719898E-15
0.821656  2.772583E-15
0.821889  2.769207E-15
0.822122  2.709373E-15
0.822354  2.749285E-15
0.822587  2.707059E-15
0.82282  2.784494E-15
0.823052  2.730053E-15
0.823285  2.735889E-15
0.823518  2.738783E-15
0.82375  2.682877E-15
0.823983  2.713318E-15
0.824216  2.759130E-15
0.824448  2.742386E-15
0.824681  2.692778E-15
0.824914  2.730920E-15
0.825146  2.672780E-15
0.825379  2.656797E-15
0.825611  2.655399E-15
0.825844  2.721125E-15
0.826077  2.647017E-15
0.826309  2.719634E-15
0.826542  2.710134E-15
0.826774  2.649929E-15
0.827007  2.714470E-15
0.82724  2.669306E-15
0.827472  2.662784E-15
0.827705  2.671416E-15
0.827937  2.726472E-15
0.82817  2.751904E-15
0.828402  2.686037E-15
0.828635  2.741554E-15
0.828867  2.771624E-15
0.8291  2.774341E-15
0.829332  2.705831E-15
0.829565  2.659587E-15
0.829797  2.723240E-15
0.83003  2.649031E-15
0.830262  2.661713E-15
0.830495  2.796205E-15
0.830727  2.682138E-15
0.83096  2.703759E-15
0.831192  2.818566E-15
0.831425  2.724373E-15
0.831657  2.749538E-15
0.83189  2.793094E-15
0.832122  2.723348E-15
0.832354  2.695142E-15
0.832587  2.765001E-15
0.832819  2.726777E-15
0.833052  2.805534E-15
0.833284  2.810769E-15
0.833517  2.822399E-15
0.833749  2.821730E-15
0.833981  2.850197E-15
0.834214  2.891208E-15
0.834446  2.778284E-15
0.834678  2.804392E-15
0.834911  2.769063E-15
0.835143  2.807922E-15
0.835376  2.879024E-15
0.835608  2.828840E-15
0.83584  2.795132E-15
0.836073  2.795982E-15
0.836305  2.812625E-15
0.836537  2.773906E-15
0.83677  2.798902E-15
0.837002  2.759424E-15
0.837234  2.825923E-15
0.837467  2.821439E-15
0.837699  2.808636E-15
0.837931  2.737841E-15
0.838163  2.821065E-15
0.838396  2.745194E-15
0.838628  2.784432E-15
0.83886  2.786439E-15
0.839093  2.762480E-15
0.839325  2.773655E-15
0.839557  2.825431E-15
0.839789  2.733168E-15
0.840022  2.785976E-15
0.840254  2.817920E-15
0.840486  2.883754E-15
0.840718  2.824961E-15
0.84095  2.856703E-15
0.841183  2.830855E-15
0.841415  2.809010E-15
0.841647  2.828427E-15
0.841879  2.845575E-15
0.842112  2.863147E-15
0.842344  2.881785E-15
0.842576  2.827873E-15
0.842808  2.826284E-15
0.84304  2.859104E-15
0.843272  2.762157E-15
0.843505  2.840828E-15
0.843737  2.759497E-15
0.843969  2.858080E-15
0.844201  2.815295E-15
0.844433  2.833373E-15
0.844665  2.809540E-15
0.844897  2.831265E-15
0.84513  2.788304E-15
0.845362  2.878487E-15
0.845594  2.781998E-15
0.845826  2.764095E-15
0.846058  2.832256E-15
0.84629  2.816181E-15
0.846522  2.796462E-15
0.846754  2.724881E-15
0.846986  2.741715E-15
0.847218  2.736422E-15
0.847451  2.756160E-15
0.847683  2.851823E-15
0.847915  2.879422E-15
0.848147  2.839424E-15
0.848379  2.811507E-15
0.848611  2.772125E-15
0.848843  2.795034E-15
0.849075  2.870533E-15
0.849307  2.764945E-15
0.849539  2.830832E-15
0.849771  2.792840E-15
0.850003  2.870414E-15
0.850235  2.765683E-15
0.850467  2.803791E-15
0.850699  2.782807E-15
0.850931  2.853082E-15
0.851163  2.759942E-15
0.851395  2.763191E-15
0.851627  2.773226E-15
0.851859  2.767570E-15
0.852091  2.840820E-15
0.852323  2.838499E-15
0.852555  2.800540E-15
0.852787  2.812082E-15
0.853019  2.843780E-15
0.853251  2.873061E-15
0.853483  2.779832E-15
0.853715  2.757873E-15
0.853946  2.716787E-15
0.854178  2.813782E-15
0.85441  2.724344E-15
0.854642  2.807192E-15
0.854874  2.709013E-15
0.855106  2.803743E-15
0.855338  2.815195E-15
0.85557  2.857245E-15
0.855802  2.799012E-15
0.856034  2.934456E-15
0.856265  2.920695E-15
0.856497  2.884109E-15
0.856729  2.913166E-15
0.856961  2.858051E-15
0.857193  2.937304E-15
0.857425  2.899279E-15
0.857657  2.871860E-15
0.857888  2.920223E-15
0.85812  2.971504E-15
0.858352  3.066038E-15
0.858584  3.053505E-15
0.858816  3.015921E-15
0.859048  3.067136E-15
0.859279  3.079059E-15
0.859511  3.136173E-15
0.859743  3.110395E-15
0.859975  3.140089E-15
0.860207  3.140044E-15
0.860438  3.178865E-15
0.86067  3.193148E-15
0.860902  3.197400E-15
0.861134  3.317485E-15
0.861366  3.318519E-15
0.861597  3.241447E-15
0.861829  3.234431E-15
0.862061  3.321859E-15
0.862293  3.225859E-15
0.862524  3.307356E-15
0.862756  3.353643E-15
0.862988  3.368707E-15
0.86322  3.283746E-15
0.863451  3.265447E-15
0.863683  3.354402E-15
0.863915  3.333064E-15
0.864146  3.299880E-15
0.864378  3.318187E-15
0.86461  3.315122E-15
0.864842  3.373055E-15
0.865073  3.363339E-15
0.865305  3.367345E-15
0.865537  3.287410E-15
0.865768  3.290573E-15
0.866  3.309159E-15
0.866232  3.267921E-15
0.866463  3.240634E-15
0.866695  3.252886E-15
0.866927  3.226187E-15
0.867158  3.193820E-15
0.86739  3.206897E-15
0.867622  3.161284E-15
0.867853  3.112823E-15
0.868085  3.157842E-15
0.868317  3.105266E-15
0.868548  3.119983E-15
0.86878  3.012083E-15
0.869011  3.010489E-15
0.869243  2.953981E-15
0.869475  2.984820E-15
0.869706  2.919843E-15
0.869938  2.929872E-15
0.870169  2.934502E-15
0.870401  2.916830E-15
0.870633  2.945996E-15
0.870864  2.811420E-15
0.871096  2.947497E-15
0.871327  2.923521E-15
0.871559  2.879307E-15
0.871791  2.866029E-15
0.872022  2.899850E-15
0.872254  2.880517E-15
0.872485  2.861121E-15
0.872717  2.776089E-15
0.872948  2.705027E-15
0.87318  2.649612E-15
0.873411  2.652856E-15
0.873643  2.672716E-15
0.873874  2.652163E-15
0.874106  2.684184E-15
0.874337  2.697565E-15
0.874569  2.815494E-15
0.874801  2.706172E-15
0.875032  2.759790E-15
0.875264  2.775623E-15
0.875495  2.714165E-15
0.875727  2.635268E-15
0.875958  2.709930E-15
0.87619  2.761395E-15
0.876421  2.714000E-15
0.876652  2.708149E-15
0.876884  2.746498E-15
0.877115  2.680047E-15
0.877347  2.796788E-15
0.877578  2.735081E-15
0.87781  2.647477E-15
0.878041  2.714743E-15
0.878273  2.688351E-15
0.878504  2.643996E-15
0.878736  2.677825E-15
0.878967  2.600262E-15
0.879199  2.603865E-15
0.87943  2.608368E-15
0.879661  2.584173E-15
0.879893  2.514037E-15
0.880124  2.610933E-15
0.880356  2.553125E-15
0.880587  2.592348E-15
0.880818  2.661773E-15
0.88105  2.587656E-15
0.881281  2.597329E-15
0.881513  2.624905E-15
0.881744  2.572714E-15
0.881975  2.543890E-15
0.882207  2.589042E-15
0.882438  2.571090E-15
0.88267  2.635522E-15
0.882901  2.667288E-15
0.883132  2.512637E-15
0.883364  2.591048E-15
0.883595  2.600276E-15
0.883826  2.611082E-15
0.884058  2.632484E-15
0.884289  2.553954E-15
0.88452  2.664506E-15
0.884752  2.544937E-15
0.884983  2.495101E-15
0.885214  2.561664E-15
0.885446  2.501593E-15
0.885677  2.486521E-15
0.885908  2.464013E-15
0.88614  2.526557E-15
0.886371  2.609245E-15
0.886602  2.445062E-15
0.886834  2.591324E-15
0.887065  2.666404E-15
0.887296  2.578907E-15
0.887528  2.655808E-15
0.887759  2.595801E-15
0.88799  2.548356E-15
0.888222  2.573164E-15
0.888453  2.577030E-15
0.888684  2.560051E-15
0.888915  2.532625E-15
0.889147  2.567901E-15
0.889378  2.539062E-15
0.889609  2.525307E-15
0.88984  2.501430E-15
0.890072  2.499324E-15
0.890303  2.567869E-15
0.890534  2.481275E-15
0.890765  2.540256E-15
0.890997  2.501401E-15
0.891228  2.548475E-15
0.891459  2.529130E-15
0.89169  2.505812E-15
0.891922  2.525902E-15
0.892153  2.503634E-15
0.892384  2.523950E-15
0.892615  2.497115E-15
0.892846  2.425229E-15
0.893078  2.425720E-15
0.893309  2.406947E-15
0.89354  2.506973E-15
0.893771  2.427237E-15
0.894002  2.532752E-15
0.894234  2.422508E-15
0.894465  2.492561E-15
0.894696  2.431503E-15
0.894927  2.464511E-15
0.895158  2.488752E-15
0.89539  2.501591E-15
0.895621  2.444190E-15
0.895852  2.473049E-15
0.896083  2.411508E-15
0.896314  2.424792E-15
0.896545  2.381302E-15
0.896777  2.367615E-15
0.897008  2.386986E-15
0.897239  2.389639E-15
0.89747  2.389951E-15
0.897701  2.438424E-15
0.897932  2.445446E-15
0.898163  2.420452E-15
0.898395  2.524200E-15
0.898626  2.494813E-15
0.898857  2.466605E-15
0.899088  2.485332E-15
0.899319  2.405706E-15
0.89955  2.488347E-15
0.899781  2.488160E-15
0.900012  2.339196E-15
0.900244  2.349014E-15
0.900475  2.436048E-15
0.900706  2.367744E-15
0.900937  2.325214E-15
0.901168  2.354663E-15
0.901399  2.297694E-15
0.90163  2.294829E-15
0.901861  2.297163E-15
0.902092  2.333103E-15
0.902323  2.394083E-15
0.902554  2.362896E-15
0.902786  2.486062E-15
0.903017  2.478750E-15
0.903248  2.390877E-15
0.903479  2.405975E-15
0.90371  2.526495E-15
0.903941  2.482179E-15
0.904172  2.481801E-15
0.904403  2.476195E-15
0.904634  2.505241E-15
0.904865  2.505715E-15
0.905096  2.620681E-15
0.905327  2.595193E-15
0.905558  2.562840E-15
0.905789  2.499055E-15
0.90602  2.445859E-15
0.906251  2.457870E-15
0.906482  2.478169E-15
0.906713  2.374655E-15
0.906944  2.478335E-15
0.907175  2.474501E-15
0.907406  2.467714E-15
0.907637  2.435719E-15
0.907868  2.462547E-15
0.908099  2.436805E-15
0.90833  2.480551E-15
0.908561  2.444821E-15
0.908792  2.379558E-15
0.909023  2.436555E-15
0.909254  2.372914E-15
0.909485  2.458981E-15
0.909716  2.407450E-15
0.909947  2.396280E-15
0.910178  2.335640E-15
0.910409  2.420772E-15
0.91064  2.392927E-15
0.910871  2.371460E-15
0.911102  2.377830E-15
0.911333  2.302422E-15
0.911564  2.318164E-15
0.911795  2.312967E-15
0.912026  2.316236E-15
0.912257  2.298567E-15
0.912488  2.329881E-15
0.912719  2.269954E-15
0.91295  2.334888E-15
0.913181  2.219353E-15
0.913412  2.284523E-15
0.913643  2.350657E-15
0.913874  2.248635E-15
0.914105  2.315026E-15
0.914335  2.301411E-15
0.914566  2.314768E-15
0.914797  2.287965E-15
0.915028  2.270358E-15
0.915259  2.321805E-15
0.91549  2.275594E-15
0.915721  2.235468E-15
0.915952  2.344730E-15
0.916183  2.323949E-15
0.916414  2.335946E-15
0.916645  2.363411E-15
0.916876  2.250300E-15
0.917107  2.324155E-15
0.917337  2.357840E-15
0.917568  2.285820E-15
0.917799  2.395056E-15
0.91803  2.371835E-15
0.918261  2.334927E-15
0.918492  2.374255E-15
0.918723  2.395922E-15
0.918954  2.391202E-15
0.919185  2.434260E-15
0.919415  2.301062E-15
0.919646  2.450180E-15
0.919877  2.393361E-15
0.920108  2.373795E-15
0.920339  2.416029E-15
0.92057  2.505663E-15
0.920801  2.412250E-15
0.921031  2.537413E-15
0.921262  2.516371E-15
0.921493  2.553238E-15
0.921724  2.485253E-15
0.921955  2.512761E-15
0.922186  2.619530E-15
0.922417  2.480463E-15
0.922647  2.513238E-15
0.922878  2.499796E-15
0.923109  2.530912E-15
0.92334  2.543249E-15
0.923571  2.523107E-15
0.923802  2.596979E-15
0.924032  2.615045E-15
0.924263  2.463601E-15
0.924494  2.580062E-15
0.924725  2.556653E-15
0.924956  2.597524E-15
0.925187  2.521053E-15
0.925417  2.620769E-15
0.925648  2.517380E-15
0.925879  2.636400E-15
0.92611  2.768067E-15
0.926341  2.812946E-15
0.926571  3.184164E-15
0.926802  3.430722E-15
0.927033  3.765576E-15
0.927264  3.790191E-15
0.927495  3.597520E-15
0.927725  3.459820E-15
0.927956  3.199733E-15
0.928187  2.782210E-15
0.928418  2.647920E-15
0.928649  2.567870E-15
0.928879  2.449092E-15
0.92911  2.535062E-15
0.929341  2.406759E-15
0.929572  2.498346E-15
0.929802  2.435152E-15
0.930033  2.453973E-15
0.930264  2.563925E-15
0.930495  2.484563E-15
0.930726  2.470104E-15
0.930956  2.498023E-15
0.931187  2.442855E-15
0.931418  2.354749E-15
0.931649  2.405811E-15
0.931879  2.571318E-15
0.93211  2.474246E-15
0.932341  2.410815E-15
0.932572  2.414194E-15
0.932802  2.423396E-15
0.933033  2.491945E-15
0.933264  2.543208E-15
0.933495  2.455949E-15
0.933725  2.468446E-15
0.933956  2.419625E-15
0.934187  2.404670E-15
0.934418  2.405482E-15
0.934648  2.388510E-15
0.934879  2.509464E-15
0.93511  2.544198E-15
0.935341  2.506154E-15
0.935571  2.483779E-15
0.935802  2.493341E-15
0.936033  2.495654E-15
0.936263  2.551559E-15
0.936494  2.643763E-15
0.936725  2.615407E-15
0.936956  2.522719E-15
0.937186  2.516378E-15
0.937417  2.486536E-15
0.937648  2.553468E-15
0.937878  2.473407E-15
0.938109  2.538832E-15
0.93834  2.520737E-15
0.938571  2.527965E-15
0.938801  2.615239E-15
0.939032  2.642666E-15
0.939263  2.707262E-15
0.939493  2.775676E-15
0.939724  2.723510E-15
0.939865  2.731063E-15
0.940137  2.680283E-15
0.940408  2.634552E-15
0.940679  2.669783E-15
0.94095  2.621373E-15
0.941221  2.671594E-15
0.941492  2.635634E-15
0.941763  2.645914E-15
0.942034  2.710819E-15
0.942305  2.718842E-15
0.942576  2.684205E-15
0.942847  2.755798E-15
0.943118  2.760386E-15
0.943389  2.770670E-15
0.94366  2.783679E-15
0.943931  2.755128E-15
0.944202  2.677696E-15
0.944473  2.613398E-15
0.944744  2.665970E-15
0.945015  2.722196E-15
0.945286  2.664724E-15
0.945557  2.624311E-15
0.945828  2.632645E-15
0.946099  2.603560E-15
0.94637  2.601782E-15
0.946641  2.581290E-15
0.946912  2.544907E-15
0.947183  2.594463E-15
0.947454  2.535746E-15
0.947725  2.479499E-15
0.947995  2.468279E-15
0.948266  2.468157E-15
0.948537  2.427454E-15
0.948808  2.439470E-15
0.949079  2.509829E-15
0.94935  2.455362E-15
0.949621  2.482010E-15
0.949892  2.313016E-15
0.950163  2.308225E-15
0.950433  2.424167E-15
0.950704  2.415129E-15
0.950975  2.375982E-15
0.951246  2.364170E-15
0.951517  2.271696E-15
0.951788  2.320506E-15
0.952059  2.349883E-15
0.952329  2.347323E-15
0.9526  2.337636E-15
0.952871  2.342170E-15
0.953142  2.302126E-15
0.953413  2.359456E-15
0.953684  2.307102E-15
0.953954  2.324162E-15
0.954225  2.268137E-15
0.954496  2.263448E-15
0.954767  2.303211E-15
0.955038  2.257938E-15
0.955308  2.311422E-15
0.955579  2.310503E-15
0.95585  2.309017E-15
0.956121  2.318167E-15
0.956391  2.292044E-15
0.956662  2.267089E-15
0.956933  2.219418E-15
0.957204  2.190418E-15
0.957474  2.228361E-15
0.957745  2.264074E-15
0.958016  2.220790E-15
0.958287  2.284591E-15
0.958557  2.198547E-15
0.958828  2.258245E-15
0.959099  2.224935E-15
0.959369  2.215325E-15
0.95964  2.198820E-15
0.959911  2.182091E-15
0.960181  2.153810E-15
0.960452  2.152469E-15
0.960723  2.167563E-15
0.960993  2.173202E-15
0.961264  2.149228E-15
0.961535  2.101415E-15
0.961805  2.121830E-15
0.962076  2.112151E-15
0.962347  2.132029E-15
0.962617  2.084351E-15
0.962888  2.159973E-15
0.963159  2.168352E-15
0.963429  2.111730E-15
0.9637  2.135971E-15
0.963971  2.165412E-15
0.964241  2.159246E-15
0.964512  2.159211E-15
0.964782  2.166637E-15
0.965053  2.167897E-15
0.965324  2.096124E-15
0.965594  2.150183E-15
0.965865  2.102395E-15
0.966135  2.127048E-15
0.966406  2.171536E-15
0.966676  2.154800E-15
0.966947  2.160598E-15
0.967218  2.208922E-15
0.967488  2.238061E-15
0.967759  2.219956E-15
0.968029  2.254549E-15
0.9683  2.237129E-15
0.96857  2.225092E-15
0.968841  2.205450E-15
0.969111  2.256394E-15
0.969382  2.241939E-15
0.969652  2.276451E-15
0.969923  2.279655E-15
0.970193  2.331372E-15
0.970464  2.309655E-15
0.970734  2.327114E-15
0.971005  2.365350E-15
0.971275  2.346372E-15
0.971546  2.355305E-15
0.971816  2.387303E-15
0.972087  2.432965E-15
0.972357  2.455816E-15
0.972628  2.543215E-15
0.972898  2.646166E-15
0.973169  2.859297E-15
0.973439  3.289447E-15
0.973709  3.959516E-15
0.97398  4.794587E-15
0.97425  5.514304E-15
0.974521  5.836804E-15
0.974791  5.506717E-15
0.975062  4.858718E-15
0.975332  4.018795E-15
0.975602  3.322107E-15
0.975873  2.953870E-15
0.976143  2.896014E-15
0.976414  2.786828E-15
0.976684  2.777949E-15
0.976954  2.662564E-15
0.977225  2.626866E-15
0.977495  2.658923E-15
0.977766  2.570203E-15
0.978036  2.590420E-15
0.978306  2.573268E-15
0.978577  2.524243E-15
0.978847  2.475403E-15
0.979117  2.485961E-15
0.979388  2.438813E-15
0.979658  2.436456E-15
0.979928  2.449535E-15
0.980199  2.369146E-15
0.980469  2.363340E-15
0.980739  2.407134E-15
0.98101  2.339850E-15
0.98128  2.359597E-15
0.98155  2.331542E-15
0.98182  2.351896E-15
0.982091  2.291982E-15
0.982361  2.332512E-15
0.982631  2.294464E-15
0.982902  2.307342E-15
0.983172  2.280137E-15
0.983442  2.238442E-15
0.983712  2.242104E-15
0.983983  2.226373E-15
0.984253  2.239016E-15
0.984523  2.224695E-15
0.984793  2.189126E-15
0.985064  2.162187E-15
0.985334  2.121231E-15
0.985604  2.111336E-15
0.985874  2.158701E-15
0.986145  2.078447E-15
0.986415  2.115700E-15
0.986685  2.141219E-15
0.986955  2.149837E-15
0.987226  2.129747E-15
0.987496  2.147310E-15
0.987766  2.118459E-15
0.988036  2.104938E-15
0.988306  2.112328E-15
0.988577  2.095339E-15
0.988847  2.084670E-15
0.989117  2.094813E-15
0.989387  2.116857E-15
0.989657  2.049635E-15
0.989927  2.123726E-15
0.990198  2.037405E-15
0.990468  2.083170E-15
0.990738  2.049859E-15
0.991008  2.029803E-15
0.991278  2.024869E-15
0.991548  2.074215E-15
0.991818  2.060232E-15
0.992089  1.997680E-15
0.992359  2.002756E-15
0.992629  2.004598E-15
0.992899  2.006899E-15
0.993169  2.029406E-15
0.993439  2.079831E-15
0.993709  2.049966E-15
0.993979  2.064192E-15
0.994249  2.064805E-15
0.99452  2.097569E-15
0.99479  2.023590E-15
0.99506  2.064609E-15
0.99533  2.031721E-15
0.9956  1.988531E-15
0.99587  1.982588E-15
0.99614  2.031368E-15
0.99641  2.042701E-15
0.99668  2.049576E-15
0.99695  2.033447E-15
0.99722  2.005162E-15
0.99749  2.046172E-15
0.99776  2.027027E-15
0.99803  2.030095E-15
0.9983  2.000662E-15
0.99857  1.998953E-15
0.998841  2.059000E-15
0.999111  2.032523E-15
0.999381  2.026208E-15
0.999651  2.028315E-15
0.999921  2.013600E-15
1.00019  2.038757E-15
1.00046  2.053646E-15
1.00073  2.050551E-15
1.001  2.079968E-15
1.00127  2.040012E-15
1.00154  2.016281E-15
1.00181  2.072590E-15
1.00208  2.094777E-15
1.00235  2.077314E-15
1.00262  2.100470E-15
1.00289  2.096938E-15
1.00316  2.079412E-15
1.00343  2.168854E-15
1.0037  2.160045E-15
1.00397  2.139162E-15
1.00424  2.165989E-15
1.00451  2.146088E-15
1.00478  2.171582E-15
1.00505  2.141154E-15
1.00532  2.105433E-15
1.00559  2.133652E-15
1.00586  2.130302E-15
1.00613  2.144733E-15
1.0064  2.210804E-15
1.00667  2.270521E-15
1.00694  2.267806E-15
1.00721  2.255760E-15
1.00748  2.273350E-15
1.00775  2.201703E-15
1.00802  2.204072E-15
1.00829  2.183901E-15
1.00856  2.158107E-15
1.00883  2.162000E-15
1.0091  2.141598E-15
1.00937  2.167793E-15
1.00964  2.181634E-15
1.00991  2.177570E-15
1.01018  2.170461E-15
1.01045  2.181030E-15
1.01072  2.207989E-15
1.01099  2.204085E-15
1.01126  2.225110E-15
1.01153  2.219693E-15
1.0118  2.231932E-15
1.01207  2.257480E-15
1.01234  2.240500E-15
1.01261  2.371114E-15
1.01288  2.391120E-15
1.01315  2.449410E-15
1.01342  2.499159E-15
1.01369  2.503617E-15
1.01396  2.454994E-15
1.01423  2.428559E-15
1.01449  2.362101E-15
1.01476  2.278645E-15
1.01503  2.294742E-15
1.0153  2.258937E-15
1.01557  2.222793E-15
1.01584  2.251717E-15
1.01611  2.258969E-15
1.01638  2.228990E-15
1.01665  2.267480E-15
1.01692  2.244655E-15
1.01719  2.314335E-15
1.01746  2.330918E-15
1.01773  2.292524E-15
1.018  2.323856E-15
1.01827  2.351068E-15
1.01854  2.364275E-15
1.01881  2.387675E-15
1.01908  2.393517E-15
1.01935  2.375589E-15
1.01962  2.359992E-15
1.01989  2.439844E-15
1.02016  2.441492E-15
1.02043  2.415554E-15
1.0207  2.474450E-15
1.02097  2.440225E-15
1.02124  2.394288E-15
1.02151  2.422362E-15
1.02178  2.491359E-15
1.02205  2.478794E-15
1.02232  2.472560E-15
1.02259  2.525403E-15
1.02286  2.542174E-15
1.02313  2.597352E-15
1.0234  2.550326E-15
1.02367  2.569489E-15
1.02394  2.591097E-15
1.0242  2.624820E-15
1.02447  2.589517E-15
1.02474  2.599191E-15
1.02501  2.582193E-15
1.02528  2.646994E-15
1.02555  2.585844E-15
1.02582  2.700640E-15
1.02609  2.663418E-15
1.02636  2.683285E-15
1.02663  2.704204E-15
1.0269  2.757924E-15
1.02717  2.782859E-15
1.02744  2.784743E-15
1.02771  2.766586E-15
1.02798  2.726254E-15
1.02825  2.688337E-15
1.02852  2.640386E-15
1.02879  2.639372E-15
1.02906  2.625378E-15
1.02933  2.639012E-15
1.0296  2.618961E-15
1.02987  2.620434E-15
1.03014  2.576628E-15
1.03041  2.564636E-15
1.03068  2.558650E-15
1.03095  2.555959E-15
1.03121  2.570754E-15
1.03148  2.568222E-15
1.03175  2.512277E-15
1.03202  2.556549E-15
1.03229  2.508259E-15
1.03256  2.555579E-15
1.03283  2.548415E-15
1.0331  2.527587E-15
1.03337  2.526683E-15
1.03364  2.507407E-15
1.03391  2.541992E-15
1.03418  2.589666E-15
1.03445  2.643011E-15
1.03472  2.661356E-15
1.03499  2.655168E-15
1.03526  2.659584E-15
1.03553  2.575111E-15
1.0358  2.529822E-15
1.03607  2.471989E-15
1.03634  2.383969E-15
1.03661  2.377099E-15
1.03687  2.346810E-15
1.03714  2.322012E-15
1.03741  2.326499E-15
1.03768  2.291963E-15
1.03795  2.232798E-15
1.03822  2.225742E-15
1.03849  2.204359E-15
1.03876  2.225056E-15
1.03903  2.189008E-15
1.0393  2.205095E-15
1.03957  2.205146E-15
1.03984  2.165724E-15
1.04011  2.136266E-15
1.04038  2.179601E-15
1.04065  2.147180E-15
1.04092  2.155377E-15
1.04119  2.154230E-15
1.04146  2.115877E-15
1.04173  2.069234E-15
1.04199  2.111495E-15
1.04226  2.090569E-15
1.04253  2.056617E-15
1.0428  2.081876E-15
1.04307  2.079308E-15
1.04334  2.094033E-15
1.04361  2.054374E-15
1.04388  2.068112E-15
1.04415  2.065704E-15
1.04442  2.080949E-15
1.04469  2.094951E-15
1.04496  2.038855E-15
1.04523  2.064830E-15
1.0455  2.076465E-15
1.04577  2.053658E-15
1.04604  2.041699E-15
1.0463  2.062314E-15
1.04657  2.075423E-15
1.04684  2.042537E-15
1.04711  2.060134E-15
1.04738  2.052454E-15
1.04765  2.062643E-15
1.04792  2.035385E-15
1.04819  2.055273E-15
1.04846  2.023804E-15
1.04873  2.003455E-15
1.049  2.029720E-15
1.04927  2.058445E-15
1.04954  2.007669E-15
1.04981  2.015736E-15
1.05008  2.062506E-15
1.05035  2.022904E-15
1.05061  2.038070E-15
1.05088  2.072360E-15
1.05115  2.125447E-15
1.05142  2.067814E-15
1.05169  2.105093E-15
1.05196  2.100226E-15
1.05223  2.085505E-15
1.0525  2.059031E-15
1.05277  2.085637E-15
1.05304  2.069856E-15
1.05331  2.051213E-15
1.05358  2.094797E-15
1.05385  2.045736E-15
1.05412  2.042218E-15
1.05438  2.086119E-15
1.05465  2.067234E-15
1.05492  2.132319E-15
1.05519  2.126297E-15
1.05546  2.104814E-15
1.05573  2.085825E-15
1.056  2.055363E-15
1.05627  2.037160E-15
1.05654  2.090626E-15
1.05681  2.087860E-15
1.05708  2.088224E-15
1.05735  2.069842E-15
1.05762  2.004726E-15
1.05789  2.031469E-15
1.05815  2.014746E-15
1.05842  2.008655E-15
1.05869  2.021508E-15
1.05896  2.016085E-15
1.05923  2.034238E-15
1.0595  2.019105E-15
1.05977  2.043872E-15
1.06004  2.004179E-15
1.06031  2.045798E-15
1.06058  2.033698E-15
1.06085  2.012112E-15
1.06112  2.026034E-15
1.06139  1.974656E-15
1.06165  1.978405E-15
1.06192  2.008213E-15
1.06219  1.986238E-15
1.06246  1.943153E-15
1.06273  1.992301E-15
1.063  2.029121E-15
1.06327  2.037137E-15
1.06354  2.073838E-15
1.06381  2.092227E-15
1.06408  2.067658E-15
1.06435  2.075937E-15
1.06462  2.040414E-15
1.06488  2.066062E-15
1.06515  2.016692E-15
1.06542  2.037549E-15
1.06569  1.998989E-15
1.06596  1.999662E-15
1.06623  2.009859E-15
1.0665  2.014389E-15
1.06677  2.051843E-15
1.06704  2.055926E-15
1.06731  2.071397E-15
1.06758  1.998649E-15
1.06785  2.069277E-15
1.06811  2.015357E-15
1.06838  2.032766E-15
1.06865  2.060480E-15
1.06892  2.048495E-15
1.06919  2.046540E-15
1.06946  1.983029E-15
1.06973  2.047525E-15
1.07  2.036749E-15
1.07027  2.072222E-15
1.07054  2.017983E-15
1.07081  2.066682E-15
1.07108  2.036125E-15
1.07134  2.062490E-15
1.07161  2.095883E-15
1.07188  2.098322E-15
1.07215  2.094070E-15
1.07242  2.058581E-15
1.07269  2.061678E-15
1.07296  2.057957E-15
1.07323  2.080217E-15
1.0735  2.056761E-15
1.07377  2.082260E-15
1.07404  2.063271E-15
1.0743  2.108961E-15
1.07457  2.076242E-15
1.07484  2.056006E-15
1.07511  2.074664E-15
1.07538  2.105728E-15
1.07565  2.059770E-15
1.07592  2.094729E-15
1.07619  2.098512E-15
1.07646  2.049731E-15
1.07673  2.072621E-15
1.077  2.065514E-15
1.07726  2.060250E-15
1.07753  2.054541E-15
1.0778  2.068358E-15
1.07807  2.092610E-15
1.07834  2.018523E-15
1.07861  2.051410E-15
1.07888  2.019870E-15
1.07915  2.094546E-15
1.07942  2.062001E-15
1.07969  2.075911E-15
1.07995  2.083792E-15
1.08022  2.067353E-15
1.08049  2.068142E-15
1.08076  2.037707E-15
1.08103  2.023334E-15
1.0813  2.023119E-15
1.08157  2.074239E-15
1.08184  2.061729E-15
1.08211  2.046447E-15
1.08238  2.074373E-15
1.08264  2.074455E-15
1.08291  2.085834E-15
1.08318  2.121258E-15
1.08345  2.079371E-15
1.08372  2.084032E-15
1.08399  2.105712E-15
1.08426  2.087386E-15
1.08453  2.078295E-15
1.0848  2.118951E-15
1.08507  2.084072E-15
1.08533  2.096412E-15
1.0856  2.137170E-15
1.08587  2.145404E-15
1.08614  2.118884E-15
1.08641  2.134912E-15
1.08668  2.109037E-15
1.08695  2.150404E-15
1.08722  2.156416E-15
1.08749  2.156241E-15
1.08776  2.183285E-15
1.08802  2.205562E-15
1.08829  2.224091E-15
1.08856  2.191019E-15
1.08883  2.230939E-15
1.0891  2.227792E-15
1.08937  2.242735E-15
1.08964  2.221930E-15
1.08991  2.225814E-15
1.09018  2.191741E-15
1.09045  2.223008E-15
1.09071  2.203814E-15
1.09098  2.256605E-15
1.09125  2.243530E-15
1.09152  2.292681E-15
1.09179  2.290569E-15
1.09206  2.254534E-15
1.09233  2.332846E-15
1.0926  2.245830E-15
1.09287  2.297099E-15
1.09313  2.351995E-15
1.0934  2.404370E-15
1.09367  2.380175E-15
1.09394  2.407709E-15
1.09421  2.462194E-15
1.09448  2.418416E-15
1.09475  2.447384E-15
1.09502  2.475263E-15
1.09529  2.487035E-15
1.09555  2.436974E-15
1.09582  2.494717E-15
1.09609  2.520912E-15
1.09636  2.589640E-15
1.09663  2.572116E-15
1.0969  2.625158E-15
1.09717  2.610096E-15
1.09744  2.717923E-15
1.09771  2.796783E-15
1.09797  2.823985E-15
1.09824  2.857311E-15
1.09851  2.936956E-15
1.09878  2.954251E-15
1.09905  2.962100E-15
1.09932  2.925365E-15
1.09959  2.944085E-15
1.09986  2.942225E-15
1.10013  2.971350E-15
1.10039  2.987071E-15
1.10066  2.999271E-15
1.10093  3.042717E-15
1.1012  3.101436E-15
1.10147  3.124586E-15
1.10174  3.186111E-15
1.10201  3.215786E-15
1.10228  3.276936E-15
1.10255  3.373985E-15
1.10281  3.480611E-15
1.10308  3.560625E-15
1.10335  3.688470E-15
1.10362  3.792788E-15
1.10389  3.927909E-15
1.10416  4.003018E-15
1.10443  4.183813E-15
1.1047  4.233779E-15
1.10496  4.308954E-15
1.10523  4.463173E-15
1.1055  4.635517E-15
1.10577  4.792152E-15
1.10604  5.019231E-15
1.10631  5.414263E-15
1.10658  5.968261E-15
1.10685  6.611961E-15
1.10712  7.156893E-15
1.10738  7.499146E-15
1.10765  7.310348E-15
1.10792  6.900872E-15
1.10819  6.288226E-15
1.10846  5.723957E-15
1.10873  5.235048E-15
1.109  4.938175E-15
1.10927  4.758219E-15
1.10953  4.634592E-15
1.1098  4.446088E-15
1.11007  4.372990E-15
1.11034  4.231473E-15
1.11061  4.157717E-15
1.11088  4.098013E-15
1.11115  4.014004E-15
1.11142  3.968850E-15
1.11169  3.808654E-15
1.11195  3.788102E-15
1.11222  3.727336E-15
1.11249  3.689991E-15
1.11276  3.654390E-15
1.11303  3.682881E-15
1.1133  3.617078E-15
1.11357  3.593026E-15
1.11384  3.579791E-15
1.1141  3.472547E-15
1.11437  3.459306E-15
1.11464  3.435332E-15
1.11491  3.411698E-15
1.11518  3.430714E-15
1.11545  3.318228E-15
1.11572  3.423481E-15
1.11599  3.418566E-15
1.11625  3.300023E-15
1.11652  3.237684E-15
1.11679  3.201661E-15
1.11706  3.215299E-15
1.11733  3.328063E-15
1.1176  3.324702E-15
1.11787  3.296287E-15
1.11814  3.366687E-15
1.1184  3.293399E-15
1.11867  3.306358E-15
1.11894  3.231806E-15
1.11921  3.099916E-15
1.11948  3.119767E-15
1.11975  3.011786E-15
1.12002  2.987443E-15
1.12029  2.952173E-15
1.12055  2.954055E-15
1.12082  2.914875E-15
1.12109  2.886729E-15
1.12136  2.805544E-15
1.12163  2.789171E-15
1.1219  2.795114E-15
1.12217  2.740576E-15
1.12244  2.808192E-15
1.1227  2.776468E-15
1.12297  2.852991E-15
1.12324  2.628807E-15
1.12351  2.715368E-15
1.12378  2.624650E-15
1.12405  2.598677E-15
1.12432  2.557849E-15
1.12459  2.629444E-15
1.12485  2.486396E-15
1.12512  2.459744E-15
1.12539  2.420135E-15
1.12566  2.388044E-15
1.12593  2.436008E-15
1.1262  2.380515E-15
1.12647  2.410354E-15
1.12674  2.341632E-15
1.127  2.306871E-15
1.12727  2.254673E-15
1.12754  2.241229E-15
1.12781  2.260548E-15
1.12808  2.245860E-15
1.12835  2.232944E-15
1.12852  2.290732E-15
1.12884  2.299658E-15
1.12917  2.283242E-15
1.12949  2.232015E-15
1.12982  2.202522E-15
1.13014  2.200487E-15
1.13047  2.212142E-15
1.13079  2.192213E-15
1.13112  2.198693E-15
1.13144  2.169121E-15
1.13177  2.152112E-15
1.13209  2.163515E-15
1.13242  2.149942E-15
1.13275  2.165295E-15
1.13307  2.143041E-15
1.1334  2.130334E-15
1.13372  2.186961E-15
1.13405  2.180501E-15
1.13437  2.143762E-15
1.1347  2.127379E-15
1.13502  2.171220E-15
1.13535  2.154353E-15
1.13567  2.155481E-15
1.136  2.123076E-15
1.13632  2.115546E-15
1.13665  2.059830E-15
1.13697  2.107091E-15
1.1373  2.062502E-15
1.13762  2.075251E-15
1.13795  2.049552E-15
1.13827  2.042742E-15
1.1386  2.084224E-15
1.13892  2.057095E-15
1.13925  2.044575E-15
1.13957  2.092786E-15
1.1399  2.060349E-15
1.14022  2.052286E-15
1.14055  2.066612E-15
1.14087  2.066880E-15
1.1412  2.042524E-15
1.14152  2.064054E-15
1.14185  2.076399E-15
1.14217  2.066189E-15
1.1425  2.061380E-15
1.14282  2.067281E-15
1.14315  2.042497E-15
1.14347  2.081492E-15
1.1438  2.061511E-15
1.14412  2.066012E-15
1.14445  2.077912E-15
1.14477  2.071758E-15
1.1451  2.095755E-15
1.14542  2.117909E-15
1.14575  2.124154E-15
1.14607  2.094544E-15
1.1464  2.129286E-15
1.14672  2.119437E-15
1.14705  2.122544E-15
1.14737  2.133148E-15
1.1477  2.171686E-15
1.14802  2.176225E-15
1.14835  2.195414E-15
1.14867  2.192648E-15
1.149  2.224203E-15
1.14932  2.177938E-15
1.14965  2.182222E-15
1.14997  2.222249E-15
1.1503  2.201327E-15
1.15062  2.226966E-15
1.15095  2.220073E-15
1.15127  2.213056E-15
1.1516  2.263378E-15
1.15192  2.253487E-15
1.15225  2.222361E-15
1.15257  2.242882E-15
1.15289  2.262160E-15
1.15322  2.246134E-15
1.15354  2.239949E-15
1.15387  2.262244E-15
1.15419  2.249631E-15
1.15452  2.237837E-15
1.15484  2.226624E-15
1.15517  2.239291E-15
1.15549  2.248677E-15
1.15582  2.211657E-15
1.15614  2.228628E-15
1.15647  2.224516E-15
1.15679  2.195064E-15
1.15712  2.201420E-15
1.15744  2.207502E-15
1.15777  2.210628E-15
1.15809  2.168862E-15
1.15841  2.144054E-15
1.15874  2.135864E-15
1.15906  2.167390E-15
1.15939  2.164784E-15
1.15971  2.095207E-15
1.16004  2.098555E-15
1.16036  2.115535E-15
1.16069  2.092171E-15
1.16101  2.085699E-15
1.16134  2.087586E-15
1.16166  2.058348E-15
1.16199  2.028426E-15
1.16231  2.068696E-15
1.16263  2.050838E-15
1.16296  2.025860E-15
1.16328  1.974610E-15
1.16361  1.980495E-15
1.16393  2.011635E-15
1.16426  1.989489E-15
1.16458  1.992368E-15
1.16491  1.961519E-15
1.16523  1.978159E-15
1.16556  1.975118E-15
1.16588  1.952357E-15
1.1662  1.953849E-15
1.16653  1.958640E-15
1.16685  1.958271E-15
1.16718  1.971755E-15
1.1675  1.958320E-15
1.16783  1.982430E-15
1.16815  1.962794E-15
1.16848  1.958440E-15
1.1688  1.959080E-15
1.16912  1.990757E-15
1.16945  1.970144E-15
1.16977  1.967568E-15
1.1701  1.966946E-15
1.17042  2.002445E-15
1.17075  1.984030E-15
1.17107  1.980719E-15
1.17139  1.988557E-15
1.17172  2.019743E-15
1.17204  2.010231E-15
1.17237  2.011605E-15
1.17269  2.020965E-15
1.17302  2.004129E-15
1.17334  1.983880E-15
1.17367  1.975451E-15
1.17399  1.974620E-15
1.17431  1.969671E-15
1.17464  1.974701E-15
1.17496  1.969899E-15
1.17529  1.969551E-15
1.17561  1.963015E-15
1.17594  1.955051E-15
1.17626  1.954567E-15
1.17658  1.977541E-15
1.17691  1.993885E-15
1.17723  1.993369E-15
1.17756  1.991612E-15
1.17788  1.967242E-15
1.17821  1.986106E-15
1.17853  1.976211E-15
1.17885  1.976809E-15
1.17918  1.982531E-15
1.1795  1.975662E-15
1.17983  1.976123E-15
1.18015  1.987717E-15
1.18047  1.993745E-15
1.1808  1.996862E-15
1.18112  1.983240E-15
1.18145  1.982094E-15
1.18177  1.977673E-15
1.1821  1.999083E-15
1.18242  2.015453E-15
1.18274  2.005813E-15
1.18307  2.004078E-15
1.18339  1.987938E-15
1.18372  1.999886E-15
1.18404  1.984178E-15
1.18436  2.008222E-15
1.18469  1.991747E-15
1.18501  1.983788E-15
1.18534  1.981876E-15
1.18566  1.995104E-15
1.18598  1.987766E-15
1.18631  1.979628E-15
1.18663  1.995155E-15
1.18696  1.987060E-15
1.18728  2.010165E-15
1.1876  2.030246E-15
1.18793  2.041727E-15
1.18825  2.060610E-15
1.18858  2.065740E-15
1.1889  2.034848E-15
1.18923  2.028958E-15
1.18955  2.014756E-15
1.18987  1.989252E-15
1.1902  2.014083E-15
1.19052  2.012026E-15
1.19085  2.002411E-15
1.19117  2.010272E-15
1.19149  2.018961E-15
1.19182  2.013324E-15
1.19214  2.017155E-15
1.19246  2.022538E-15
1.19279  1.990332E-15
1.19311  2.010763E-15
1.19344  2.000730E-15
1.19376  2.024140E-15
1.19408  2.011864E-15
1.19441  2.002304E-15
1.19473  2.007278E-15
1.19506  1.982557E-15
1.19538  1.975833E-15
1.1957  1.981091E-15
1.19603  1.977712E-15
1.19635  1.979937E-15
1.19668  2.011662E-15
1.197  2.012166E-15
1.19732  1.977075E-15
1.19765  2.001906E-15
1.19797  2.001624E-15
1.19829  1.979889E-15
1.19862  1.983393E-15
1.19894  1.994796E-15
1.19927  1.990443E-15
1.19959  1.994681E-15
1.19991  2.007678E-15
1.20024  2.005926E-15
1.20056  1.985265E-15
1.20089  2.001679E-15
1.20121  2.020243E-15
1.20153  2.018220E-15
1.20186  1.993312E-15
1.20218  2.005080E-15
1.2025  1.992528E-15
1.20283  2.005993E-15
1.20315  1.994553E-15
1.20348  1.986458E-15
1.2038  1.973247E-15
1.20412  1.988474E-15
1.20445  1.969348E-15
1.20477  1.984261E-15
1.20509  1.992431E-15
1.20542  1.994235E-15
1.20574  1.988302E-15
1.20607  1.999689E-15
1.20639  1.997887E-15
1.20671  1.997595E-15
1.20704  2.028209E-15
1.20736  1.993319E-15
1.20768  2.009938E-15
1.20801  1.995586E-15
1.20833  1.986572E-15
1.20866  1.966414E-15
1.20898  1.954498E-15
1.2093  1.957205E-15
1.20963  1.948170E-15
1.20995  1.968466E-15
1.21027  1.964465E-15
1.2106  1.969047E-15
1.21092  1.993607E-15
1.21124  1.987436E-15
1.21157  2.006062E-15
1.21189  2.009586E-15
1.21221  1.995690E-15
1.21254  2.024774E-15
1.21286  1.981849E-15
1.21319  1.993378E-15
1.21351  2.023373E-15
1.21383  2.028426E-15
1.21416  2.027085E-15
1.21448  2.053536E-15
1.2148  2.057257E-15
1.21513  2.030348E-15
1.21545  2.057583E-15
1.21577  2.023551E-15
1.2161  2.013775E-15
1.21642  1.994708E-15
1.21674  2.011191E-15
1.21707  2.024866E-15
1.21739  2.013070E-15
1.21772  2.024460E-15
1.21804  2.032487E-15
1.21836  2.001740E-15
1.21869  2.025093E-15
1.21901  2.014671E-15
1.21933  2.013479E-15
1.21966  1.997641E-15
1.21998  2.013367E-15
1.2203  2.019425E-15
1.22063  1.991007E-15
1.22095  1.992696E-15
1.22127  1.982381E-15
1.2216  2.012193E-15
1.22192  1.999428E-15
1.22224  2.008334E-15
1.22257  2.006251E-15
1.22289  1.988166E-15
1.22321  1.979015E-15
1.22354  1.993313E-15
1.22386  1.982257E-15
1.22418  1.964728E-15
1.22451  1.971580E-15
1.22483  1.952858E-15
1.22515  1.971074E-15
1.22548  1.960709E-15
1.2258  1.991814E-15
1.22612  1.978738E-15
1.22645  2.004616E-15
1.22677  1.992430E-15
1.22709  2.010863E-15
1.22742  1.994991E-15
1.22774  1.996879E-15
1.22806  2.017614E-15
1.22839  1.990989E-15
1.22871  2.007327E-15
1.22903  1.993489E-15
1.22936  2.025602E-15
1.22968  1.984522E-15
1.23  1.992430E-15
1.23033  1.994935E-15
1.23065  1.971614E-15
1.23097  2.011095E-15
1.2313  1.989993E-15
1.23162  1.987108E-15
1.23194  1.975408E-15
1.23227  1.991175E-15
1.23259  2.002348E-15
1.23291  2.005042E-15
1.23324  1.990788E-15
1.23356  2.011297E-15
1.23388  1.992209E-15
1.23421  1.979505E-15
1.23453  1.984910E-15
1.23485  1.967802E-15
1.23518  1.977036E-15
1.2355  1.970730E-15
1.23582  1.974721E-15
1.23615  1.976169E-15
1.23647  1.973337E-15
1.23679  1.984382E-15
1.23712  1.976903E-15
1.23744  1.987320E-15
1.23776  1.962272E-15
1.23809  1.985862E-15
1.23841  1.985783E-15
1.23873  1.996879E-15
1.23906  2.006090E-15
1.23938  2.005623E-15
1.2397  1.994390E-15
1.24002  1.978407E-15
1.24035  1.981245E-15
1.24067  2.015181E-15
1.24099  2.004617E-15
1.24132  2.002507E-15
1.24164  1.991212E-15
1.24196  1.969498E-15
1.24229  2.004078E-15
1.24261  2.001812E-15
1.24293  2.006116E-15
1.24326  2.001391E-15
1.24358  1.991761E-15
1.2439  1.987592E-15
1.24423  2.000880E-15
1.24455  1.979106E-15
1.24487  1.978954E-15
1.24519  2.003258E-15
1.24552  2.023407E-15
1.24584  1.991593E-15
1.24616  1.997915E-15
1.24649  1.999237E-15
1.24681  2.015275E-15
1.24713  2.015938E-15
1.24746  2.015910E-15
1.24778  2.029207E-15
1.2481  2.010272E-15
1.24843  1.993679E-15
1.24875  2.002991E-15
1.24907  1.992549E-15
1.24939  2.004527E-15
1.24972  1.979058E-15
1.25004  2.010225E-15
1.25036  1.992673E-15
1.25069  1.989770E-15
1.25101  1.992880E-15
1.25133  1.978686E-15
1.25166  1.995943E-15
1.25198  1.995645E-15
1.2523  1.994061E-15
1.25262  2.015510E-15
1.25295  1.989334E-15
1.25327  1.991493E-15
1.25359  2.002508E-15
1.25392  1.990332E-15
1.25424  2.000499E-15
1.25456  2.009934E-15
1.25489  2.003593E-15
1.25521  1.980746E-15
1.25553  2.004084E-15
1.25585  1.992225E-15
1.25618  2.003184E-15
1.2565  1.996698E-15
1.25682  1.977753E-15
1.25715  1.994242E-15
1.25747  1.989241E-15
1.25779  2.007256E-15
1.25811  1.998345E-15
1.25844  1.985118E-15
1.25876  1.997446E-15
1.25908  2.009889E-15
1.25941  1.995513E-15
1.25973  2.017560E-15
1.26005  2.000541E-15
1.26037  2.004873E-15
1.2607  2.017941E-15
1.26102  2.010067E-15
1.26134  2.026939E-15
1.26167  2.017779E-15
1.26199  2.019999E-15
1.26231  2.012711E-15
1.26263  2.022393E-15
1.26296  2.028186E-15
1.26328  2.028422E-15
1.2636  2.004802E-15
1.26393  2.028223E-15
1.26425  2.013193E-15
1.26457  2.038661E-15
1.26489  2.032105E-15
1.26522  2.045859E-15
1.26554  2.027863E-15
1.26586  2.055314E-15
1.26619  2.034977E-15
1.26651  2.028620E-15
1.26683  2.025753E-15
1.26715  2.032978E-15
1.26748  2.028793E-15
1.2678  2.048730E-15
1.26812  2.018985E-15
1.26845  2.013025E-15
1.26877  2.012133E-15
1.26909  2.001077E-15
1.26941  2.079091E-15
1.26974  2.045398E-15
1.27006  2.002087E-15
1.27038  2.020195E-15
1.2707  2.037560E-15
1.27103  2.013824E-15
1.27135  2.011679E-15
1.27167  1.994640E-15
1.272  2.000609E-15
1.27232  2.010256E-15
1.27264  2.015160E-15
1.27296  2.019678E-15
1.27329  2.018274E-15
1.27361  2.031689E-15
1.27393  2.021513E-15
1.27425  2.038990E-15
1.27458  2.029795E-15
1.2749  2.031514E-15
1.27522  2.086833E-15
1.27555  2.059416E-15
1.27587  2.056102E-15
1.27619  2.054667E-15
1.27651  2.052605E-15
1.27684  2.087191E-15
1.27716  2.070909E-15
1.27748  2.060327E-15
1.2778  2.041958E-15
1.27813  2.089050E-15
1.27845  2.127883E-15
1.27877  2.122114E-15
1.27909  2.136829E-15
1.27942  2.177276E-15
1.27974  2.232162E-15
1.28006  2.282243E-15
1.28039  2.330254E-15
1.28071  2.310233E-15
1.28103  2.258051E-15
1.28135  2.261039E-15
1.28168  2.177616E-15
1.282  2.182172E-15
1.28232  2.143147E-15
1.28264  2.145772E-15
1.28297  2.117604E-15
1.28329  2.115689E-15
1.28361  2.149397E-15
1.28393  2.181078E-15
1.28426  2.206340E-15
1.28458  2.229639E-15
1.2849  2.242626E-15
1.28522  2.200966E-15
1.28555  2.191117E-15
1.28587  2.156536E-15
1.28619  2.117813E-15
1.28652  2.114258E-15
1.28684  2.091681E-15
1.28716  2.099733E-15
1.28748  2.107743E-15
1.28781  2.104700E-15
1.28813  2.073109E-15
1.28845  2.072479E-15
1.28877  2.094398E-15
1.2891  2.103398E-15
1.28942  2.080386E-15
1.28974  2.075269E-15
1.29006  2.093660E-15
1.29039  2.080853E-15
1.29071  2.091595E-15
1.29103  2.104038E-15
1.29135  2.063052E-15
1.29168  2.113512E-15
1.292  2.096575E-15
1.29232  2.102497E-15
1.29264  2.102712E-15
1.29297  2.080423E-15
1.29329  2.083413E-15
1.29361  2.126493E-15
1.29393  2.121409E-15
1.29426  2.143455E-15
1.29458  2.135429E-15
1.2949  2.155390E-15
1.29522  2.133761E-15
1.29555  2.158372E-15
1.29587  2.141470E-15
1.29619  2.144709E-15
1.29651  2.159599E-15
1.29684  2.167468E-15
1.29716  2.169173E-15
1.29748  2.194075E-15
1.2978  2.189762E-15
1.29813  2.244437E-15
1.29845  2.260106E-15
1.29877  2.302786E-15
1.29909  2.296355E-15
1.29942  2.335621E-15
1.29974  2.351142E-15
1.30006  2.346222E-15
1.30038  2.408930E-15
1.30071  2.396521E-15
1.30103  2.410955E-15
1.30135  2.429497E-15
1.30167  2.459707E-15
1.30199  2.460448E-15
1.30232  2.487903E-15
1.30264  2.538662E-15
1.30296  2.531530E-15
1.30328  2.602994E-15
1.30361  2.587904E-15
1.30393  2.637835E-15
1.30425  2.662553E-15
1.30457  2.696801E-15
1.3049  2.730222E-15
1.30522  2.804219E-15
1.30554  2.802453E-15
1.30586  2.845557E-15
1.30619  2.843831E-15
1.30651  2.865030E-15
1.30683  2.927417E-15
1.30715  2.942338E-15
1.30748  2.938744E-15
1.3078  2.973805E-15
1.30812  2.977812E-15
1.30844  3.039222E-15
1.30876  3.029916E-15
1.30909  3.086434E-15
1.30941  3.156001E-15
1.30973  3.247716E-15
1.31005  3.315194E-15
1.31038  3.393622E-15
1.3107  3.399560E-15
1.31102  3.342754E-15
1.31134  3.265678E-15
1.31167  3.150448E-15
1.31199  3.074212E-15
1.31231  3.008713E-15
1.31263  2.983433E-15
1.31296  2.963906E-15
1.31328  2.934907E-15
1.3136  2.929086E-15
1.31392  2.872578E-15
1.31424  2.895291E-15
1.31457  2.866002E-15
1.31489  2.811165E-15
1.31521  2.823301E-15
1.31553  2.779814E-15
1.31586  2.785061E-15
1.31618  2.722456E-15
1.3165  2.702958E-15
1.31682  2.661924E-15
1.31715  2.641688E-15
1.31747  2.617484E-15
1.31779  2.592915E-15
1.31811  2.557992E-15
1.31843  2.548074E-15
1.31876  2.484854E-15
1.31908  2.475188E-15
1.3194  2.470616E-15
1.31972  2.433697E-15
1.32005  2.427552E-15
1.32037  2.395677E-15
1.32069  2.382805E-15
1.32101  2.363255E-15
1.32134  2.333153E-15
1.32166  2.314771E-15
1.32198  2.294703E-15
1.3223  2.289760E-15
1.32262  2.272609E-15
1.32295  2.288446E-15
1.32327  2.258672E-15
1.32359  2.200224E-15
1.32391  2.225749E-15
1.32424  2.208954E-15
1.32456  2.224220E-15
1.32488  2.169379E-15
1.3252  2.170522E-15
1.32552  2.168123E-15
1.32585  2.167078E-15
1.32617  2.177125E-15
1.32649  2.150273E-15
1.32681  2.147365E-15
1.32714  2.127012E-15
1.32746  2.115773E-15
1.32778  2.149116E-15
1.3281  2.141147E-15
1.32842  2.133991E-15
1.32875  2.115046E-15
1.32907  2.107713E-15
1.32939  2.098808E-15
1.32971  2.099983E-15
1.33004  2.087214E-15
1.33036  2.101019E-15
1.33068  2.082245E-15
1.331  2.105618E-15
1.33132  2.103805E-15
1.33165  2.074077E-15
1.33197  2.083873E-15
1.33229  2.100624E-15
1.33261  2.082392E-15
1.33293  2.067753E-15
1.33326  2.056153E-15
1.33358  2.058984E-15
1.3339  2.069581E-15
1.33422  2.059399E-15
1.33455  2.063384E-15
1.33487  2.082163E-15
1.33519  2.050297E-15
1.33551  2.043728E-15
1.33583  2.062725E-15
1.33616  2.086458E-15
1.33648  2.083885E-15
1.3368  2.093773E-15
1.33712  2.114444E-15
1.33745  2.064770E-15
1.33777  2.075866E-15
1.33809  2.083422E-15
1.33841  2.061199E-15
1.33873  2.069764E-15
1.33906  2.052287E-15
1.33938  2.079836E-15
1.3397  2.036456E-15
1.34002  2.059978E-15
1.34034  2.066242E-15
1.34067  2.079125E-15
1.34099  2.071340E-15
1.34131  2.045988E-15
1.34163  2.052732E-15
1.34196  2.061909E-15
1.34228  2.063948E-15
1.3426  2.086072E-15
1.34292  2.121317E-15
1.34324  2.104146E-15
1.34357  2.116412E-15
1.34389  2.109866E-15
1.34421  2.064143E-15
1.34453  2.077722E-15
1.34485  2.082612E-15
1.34518  2.074828E-15
1.3455  2.104325E-15
1.34582  2.106260E-15
1.34614  2.108839E-15
1.34646  2.107361E-15
1.34679  2.144014E-15
1.34711  2.110615E-15
1.41174  2.110772E-15
1.41215  2.147159E-15
1.41256  2.160463E-15
1.41296  2.145230E-15
1.41337  2.200058E-15
1.41378  2.174378E-15
1.41418  2.117922E-15
1.41459  2.116714E-15
1.415  2.136126E-15
1.4154  2.189054E-15
1.41581  2.177555E-15
1.41622  2.154823E-15
1.41662  2.127135E-15
1.41703  2.134899E-15
1.41743  2.136730E-15
1.41784  2.176531E-15
1.41825  2.155253E-15
1.41865  2.145583E-15
1.41906  2.137779E-15
1.41947  2.163690E-15
1.41987  2.160834E-15
1.42028  2.184255E-15
1.42069  2.156011E-15
1.42109  2.126244E-15
1.4215  2.121583E-15
1.4219  2.146291E-15
1.42231  2.130596E-15
1.42272  2.171862E-15
1.42312  2.129520E-15
1.42353  2.119001E-15
1.42394  2.163759E-15
1.42434  2.218471E-15
1.42475  2.153339E-15
1.42515  2.132754E-15
1.42556  2.114615E-15
1.42597  2.128556E-15
1.42637  2.124136E-15
1.42678  2.143125E-15
1.42718  2.140125E-15
1.42759  2.118702E-15
1.428  2.094500E-15
1.4284  2.120228E-15
1.42881  2.113465E-15
1.42922  2.093888E-15
1.42962  2.123046E-15
1.43003  2.159169E-15
1.43043  2.132026E-15
1.43084  2.146058E-15
1.43125  2.170216E-15
1.43165  2.119482E-15
1.43206  2.098924E-15
1.43246  2.152158E-15
1.43287  2.177268E-15
1.43328  2.186115E-15
1.43368  2.143418E-15
1.43409  2.123119E-15
1.43449  2.083379E-15
1.4349  2.116946E-15
1.4353  2.109543E-15
1.43571  2.134268E-15
1.43612  2.148462E-15
1.43652  2.165611E-15
1.43693  2.107902E-15
1.43733  2.095018E-15
1.43774  2.098777E-15
1.43815  2.147137E-15
1.43855  2.122129E-15
1.43896  2.120726E-15
1.43936  2.081263E-15
1.43977  2.084348E-15
1.44018  2.106002E-15
1.44058  2.108207E-15
1.44099  2.087801E-15
1.44139  2.132230E-15
1.4418  2.134537E-15
1.4422  2.052877E-15
1.44261  2.092081E-15
1.44302  2.107329E-15
1.44342  2.080244E-15
1.44383  2.098839E-15
1.44423  2.151178E-15
1.44464  2.129200E-15
1.44504  2.040950E-15
1.44545  2.053017E-15
1.44586  2.091865E-15
1.44626  2.085160E-15
1.44667  2.112247E-15
1.44707  2.131659E-15
1.44748  2.082480E-15
1.44788  2.075435E-15
1.44829  2.079037E-15
1.4487  2.095547E-15
1.4491  2.112792E-15
1.44951  2.149116E-15
1.44991  2.121778E-15
1.45032  2.053578E-15
1.45072  2.086422E-15
1.45113  2.105447E-15
1.45153  2.140629E-15
1.45194  2.135593E-15
1.45235  2.096315E-15
1.45275  2.067045E-15
1.45316  2.084318E-15
1.45356  2.095616E-15
1.45397  2.104385E-15
1.45437  2.064108E-15
1.45478  2.069605E-15
1.45518  2.059352E-15
1.45559  2.089890E-15
1.45599  2.095812E-15
1.4564  2.119265E-15
1.45681  2.080213E-15
1.45721  2.075365E-15
1.45762  2.108769E-15
1.45802  2.107214E-15
1.45843  2.115755E-15
1.45883  2.148422E-15
1.45924  2.160565E-15
1.45964  2.160532E-15
1.46005  2.205776E-15
1.46045  2.222971E-15
1.46086  2.287958E-15
1.46126  2.382224E-15
1.46167  2.520405E-15
1.46207  2.562267E-15
1.46248  2.524572E-15
1.46289  2.439224E-15
1.46329  2.339976E-15
1.4637  2.256383E-15
1.4641  2.231823E-15
1.46451  2.173059E-15
1.46491  2.158699E-15
1.46532  2.151958E-15
1.46572  2.152908E-15
1.46613  2.132451E-15
1.46653  2.136725E-15
1.46694  2.110005E-15
1.46734  2.102945E-15
1.46775  2.108916E-15
1.46815  2.141955E-15
1.46856  2.126158E-15
1.46896  2.103365E-15
1.46937  2.139673E-15
1.46977  2.174428E-15
1.47018  2.102429E-15
1.47058  2.139502E-15
1.47099  2.141022E-15
1.47139  2.134728E-15
1.4718  2.099134E-15
1.4722  2.141918E-15
1.47261  2.115536E-15
1.47301  2.099308E-15
1.47342  2.113236E-15
1.47382  2.117696E-15
1.47423  2.124070E-15
1.47463  2.134013E-15
1.47504  2.120125E-15
1.47544  2.104312E-15
1.47585  2.105056E-15
1.47625  2.115465E-15
1.47666  2.120048E-15
1.47706  2.128222E-15
1.47747  2.096372E-15
1.47787  2.097510E-15
1.47828  2.114509E-15
1.47868  2.102734E-15
1.47909  2.129531E-15
1.47949  2.128941E-15
1.4799  2.112002E-15
1.4803  2.122089E-15
1.48071  2.140473E-15
1.48111  2.123464E-15
1.48152  2.120370E-15
1.48192  2.133229E-15
1.48233  2.111585E-15
1.48273  2.108853E-15
1.48314  2.122860E-15
1.48354  2.116115E-15
1.48395  2.106710E-15
1.48435  2.114956E-15
1.48476  2.120086E-15
1.48516  2.117551E-15
1.48557  2.136397E-15
1.48597  2.120643E-15
1.48638  2.110412E-15
1.48678  2.113722E-15
1.48719  2.104464E-15
1.48759  2.100689E-15
1.488  2.104805E-15
1.4884  2.115542E-15
1.48881  2.089549E-15
1.48921  2.108073E-15
1.48961  2.104154E-15
1.49002  2.136195E-15
1.49042  2.116958E-15
1.49083  2.114537E-15
1.49123  2.098963E-15
1.49164  2.119491E-15
1.49204  2.096646E-15
1.49245  2.098022E-15
1.49285  2.088942E-15
1.49326  2.081745E-15
1.49366  2.079719E-15
1.49407  2.096430E-15
1.49447  2.084477E-15
1.49488  2.097930E-15
1.49528  2.095232E-15
1.49568  2.103836E-15
1.49609  2.111695E-15
1.49649  2.121808E-15
1.4969  2.110982E-15
1.4973  2.097168E-15
1.49771  2.086312E-15
1.49811  2.100695E-15
1.49852  2.101150E-15
1.49892  2.105359E-15
1.49933  2.094493E-15
1.49973  2.097379E-15
1.50013  2.094299E-15
1.50054  2.104234E-15
1.50094  2.107719E-15
1.50135  2.110418E-15
1.50175  2.107162E-15
1.50216  2.100040E-15
1.50256  2.108755E-15
1.50297  2.111899E-15
1.50337  2.106141E-15
1.50378  2.105614E-15
1.50418  2.107466E-15
1.50458  2.100665E-15
1.50499  2.110259E-15
1.50539  2.126923E-15
1.5058  2.102187E-15
1.5062  2.100038E-15
1.50661  2.116474E-15
1.50701  2.124310E-15
1.50741  2.111142E-15
1.50782  2.135184E-15
1.50822  2.121387E-15
1.50863  2.124994E-15
1.50903  2.124727E-15
1.50944  2.140654E-15
1.50984  2.140210E-15
1.51025  2.148933E-15
1.51065  2.106902E-15
1.51105  2.128420E-15
1.51146  2.115234E-15
1.51186  2.118532E-15
1.51227  2.124909E-15
1.51267  2.127897E-15
1.51308  2.114742E-15
1.51348  2.109969E-15
1.51388  2.122226E-15
1.51429  2.133490E-15
1.51469  2.128356E-15
1.5151  2.125784E-15
1.5155  2.125744E-15
1.51591  2.140097E-15
1.51631  2.124930E-15
1.51671  2.134819E-15
1.51712  2.133570E-15
1.51752  2.124396E-15
1.51793  2.127889E-15
1.51833  2.116494E-15
1.51873  2.121962E-15
1.51914  2.141045E-15
1.51954  2.130787E-15
1.51995  2.117915E-15
1.52035  2.091107E-15
1.52076  2.087296E-15
1.52116  2.089189E-15
1.52156  2.107683E-15
1.52197  2.108056E-15
1.52237  2.124185E-15
1.52278  2.130353E-15
1.52318  2.124270E-15
1.52358  2.133993E-15
1.52399  2.138963E-15
1.52439  2.154831E-15
1.5248  2.135484E-15
1.5252  2.149617E-15
1.5256  2.161993E-15
1.52601  2.139228E-15
1.52641  2.147968E-15
1.52682  2.138528E-15
1.52722  2.136412E-15
1.52762  2.116903E-15
1.52803  2.148386E-15
1.52843  2.139454E-15
1.52884  2.155330E-15
1.52924  2.146026E-15
1.52964  2.151563E-15
1.53005  2.141670E-15
1.53045  2.152103E-15
1.53086  2.143997E-15
1.53126  2.155969E-15
1.53166  2.141853E-15
1.53207  2.151024E-15
1.53247  2.151202E-15
1.53288  2.142849E-15
1.53328  2.154974E-15
1.53368  2.150866E-15
1.53409  2.123667E-15
1.53449  2.137714E-15
1.5349  2.121069E-15
1.5353  2.109166E-15
1.5357  2.094061E-15
1.53611  2.112226E-15
1.53651  2.100633E-15
1.53691  2.112552E-15
1.53732  2.102972E-15
1.53772  2.108612E-15
1.53813  2.120188E-15
1.53853  2.131074E-15
1.53893  2.143373E-15
1.53934  2.160090E-15
1.53974  2.146794E-15
1.54015  2.169943E-15
1.54055  2.174467E-15
1.54095  2.190720E-15
1.54136  2.178652E-15
1.54176  2.187357E-15
1.54216  2.166051E-15
1.54257  2.178544E-15
1.54297  2.164361E-15
1.54338  2.172425E-15
1.54378  2.173935E-15
1.54418  2.177436E-15
1.54459  2.161540E-15
1.54499  2.173383E-15
1.54539  2.173932E-15
1.5458  2.178744E-15
1.5462  2.177507E-15
1.54661  2.171687E-15
1.54701  2.167818E-15
1.54741  2.185843E-15
1.54782  2.168287E-15
1.54822  2.193650E-15
1.54862  2.177550E-15
1.54903  2.177934E-15
1.54943  2.184552E-15
1.54984  2.177484E-15
1.55024  2.170530E-15
1.55064  2.168448E-15
1.55105  2.177118E-15
1.55145  2.189382E-15
1.55185  2.189374E-15
1.55226  2.187786E-15
1.55266  2.189563E-15
1.55306  2.191186E-15
1.55347  2.183943E-15
1.55387  2.203873E-15
1.55427  2.183267E-15
1.55468  2.180895E-15
1.55508  2.170713E-15
1.55549  2.166535E-15
1.55589  2.169706E-15
1.55629  2.179470E-15
1.5567  2.165016E-15
1.5571  2.164730E-15
1.5575  2.166673E-15
1.55791  2.179831E-15
1.55831  2.173292E-15
1.55871  2.187348E-15
1.55912  2.163886E-15
1.55952  2.175961E-15
1.55992  2.174066E-15
1.56033  2.177648E-15
1.56073  2.177579E-15
1.56114  2.170916E-15
1.56154  2.175851E-15
1.56194  2.181744E-15
1.56235  2.167994E-15
1.56275  2.153337E-15
1.56315  2.153258E-15
1.56356  2.174234E-15
1.56396  2.157360E-15
1.56436  2.174973E-15
1.56477  2.159026E-15
1.56517  2.178527E-15
1.56557  2.155464E-15
1.56598  2.169238E-15
1.56638  2.168024E-15
1.56678  2.197994E-15
1.56719  2.170773E-15
1.56759  2.180906E-15
1.56799  2.170110E-15
1.5684  2.170576E-15
1.5688  2.154953E-15
1.5692  2.144373E-15
1.56961  2.134516E-15
1.57001  2.122916E-15
1.57041  2.137453E-15
1.57082  2.129040E-15
1.57122  2.126197E-15
1.57162  2.145116E-15
1.57203  2.151535E-15
1.57243  2.155365E-15
1.57283  2.161732E-15
1.57324  2.168263E-15
1.57364  2.160552E-15
1.57404  2.179996E-15
1.57445  2.177349E-15
1.57485  2.203866E-15
1.57525  2.182832E-15
1.57566  2.183577E-15
1.57606  2.190521E-15
1.57646  2.181944E-15
1.57687  2.185701E-15
1.57727  2.184312E-15
1.57767  2.197628E-15
1.57808  2.220874E-15
1.57848  2.211411E-15
1.57888  2.207578E-15
1.57929  2.218841E-15
1.57969  2.230444E-15
1.58009  2.208711E-15
1.5805  2.222861E-15
1.5809  2.205325E-15
1.5813  2.222548E-15
1.58171  2.219137E-15
1.58211  2.212975E-15
1.58251  2.214865E-15
1.58292  2.237602E-15
1.58332  2.222717E-15
1.58372  2.234484E-15
1.58413  2.224847E-15
1.58453  2.228974E-15
1.58493  2.225421E-15
1.58533  2.229414E-15
1.58574  2.228118E-15
1.58614  2.239564E-15
1.58654  2.252845E-15
1.58695  2.241694E-15
1.58735  2.236986E-15
1.58775  2.237711E-15
1.58816  2.221921E-15
1.58856  2.239088E-15
1.58896  2.233401E-15
1.58937  2.219704E-15
1.58977  2.238706E-15
1.59017  2.240152E-15
1.59058  2.225322E-15
1.59098  2.244776E-15
1.59138  2.238348E-15
1.59178  2.252256E-15
1.59219  2.230428E-15
1.59259  2.217795E-15
1.59299  2.181487E-15
1.5934  2.197260E-15
1.5938  2.199820E-15
1.5942  2.192733E-15
1.59461  2.210031E-15
1.59501  2.208036E-15
1.59541  2.197300E-15
1.59582  2.218555E-15
1.59622  2.206522E-15
1.59662  2.218934E-15
1.59702  2.187887E-15
1.59743  2.205348E-15
1.59783  2.209794E-15
1.59823  2.205285E-15
1.59864  2.213223E-15
1.59904  2.214969E-15
1.59944  2.225535E-15
1.59985  2.228558E-15
1.60025  2.217144E-15
1.60065  2.234326E-15
1.60105  2.221048E-15
1.60146  2.233695E-15
1.60186  2.222199E-15
1.60226  2.232930E-15
1.60267  2.205308E-15
1.60307  2.236698E-15
1.60347  2.228294E-15
1.60388  2.224949E-15
1.60428  2.252866E-15
1.60468  2.258289E-15
1.60508  2.254336E-15
1.60549  2.275688E-15
1.60589  2.264739E-15
1.60629  2.279456E-15
1.6067  2.280623E-15
1.6071  2.292413E-15
1.6075  2.279827E-15
1.6079  2.292224E-15
1.60831  2.278164E-15
1.60871  2.280476E-15
1.60911  2.293223E-15
1.60952  2.300942E-15
1.60992  2.284288E-15
1.61032  2.274124E-15
1.61072  2.257594E-15
1.61113  2.256217E-15
1.61153  2.261063E-15
1.61193  2.255844E-15
1.61234  2.243980E-15
1.61274  2.239051E-15
1.61314  2.217197E-15
1.61355  2.242180E-15
1.61395  2.253185E-15
1.61435  2.256991E-15
1.61475  2.243553E-15
1.61516  2.251004E-15
1.61556  2.244972E-15
1.61596  2.251661E-15
1.61636  2.238606E-15
1.61677  2.243945E-15
1.61717  2.222609E-15
1.61757  2.236487E-15
1.61798  2.215737E-15
1.61838  2.219326E-15
1.61878  2.228240E-15
1.61918  2.210633E-15
1.61959  2.211235E-15
1.61999  2.235844E-15
1.62039  2.227826E-15
1.6208  2.221857E-15
1.6212  2.224045E-15
1.6216  2.235759E-15
1.622  2.226372E-15
1.62241  2.230805E-15
1.62281  2.205734E-15
1.62321  2.218426E-15
1.62362  2.194324E-15
1.62402  2.184279E-15
1.62442  2.175583E-15
1.62482  2.187729E-15
1.62523  2.188465E-15
1.62563  2.187091E-15
1.62603  2.182916E-15
1.62643  2.195751E-15
1.62684  2.200616E-15
1.62724  2.207582E-15
1.62764  2.193801E-15
1.62805  2.217435E-15
1.62845  2.218120E-15
1.62885  2.222336E-15
1.62925  2.222589E-15
1.62966  2.234032E-15
1.63006  2.225142E-15
1.63046  2.242609E-15
1.63086  2.209565E-15
1.63127  2.233661E-15
1.63167  2.215269E-15
1.63207  2.217899E-15
1.63247  2.220664E-15
1.63288  2.230593E-15
1.63328  2.209196E-15
1.63368  2.224273E-15
1.63409  2.209639E-15
1.63449  2.219218E-15
1.63489  2.229168E-15
1.63529  2.225488E-15
1.6357  2.234438E-15
1.6361  2.239560E-15
1.6365  2.250363E-15
1.6369  2.242257E-15
1.63731  2.242478E-15
1.63771  2.246364E-15
1.63811  2.259349E-15
1.63851  2.249391E-15
1.63892  2.254922E-15
1.63932  2.268546E-15
1.63972  2.254686E-15
1.64013  2.245973E-15
1.64053  2.237724E-15
1.64093  2.247847E-15
1.64133  2.255006E-15
1.64174  2.266064E-15
1.64214  2.241348E-15
1.64254  2.259303E-15
1.64294  2.252783E-15
1.64335  2.265169E-15
1.64375  2.264289E-15
1.64415  2.299780E-15
1.64455  2.276917E-15
1.64496  2.282716E-15
1.64536  2.264670E-15
1.64576  2.277179E-15
1.64616  2.275826E-15
1.64657  2.297514E-15
1.64697  2.287424E-15
1.64737  2.273238E-15
1.64777  2.269950E-15
1.64818  2.260262E-15
1.64858  2.262912E-15
1.64898  2.258061E-15
1.64938  2.250565E-15
1.64979  2.262362E-15
1.65019  2.265198E-15
1.65059  2.267199E-15
1.65099  2.251060E-15
1.6514  2.251570E-15
1.6518  2.243869E-15
1.6522  2.243237E-15
1.6526  2.242214E-15
1.65301  2.254947E-15
1.65341  2.250302E-15
1.65381  2.234988E-15
1.65421  2.229212E-15
1.65462  2.225863E-15
1.65502  2.199994E-15
1.65542  2.198797E-15
1.65582  2.175048E-15
1.65623  2.180743E-15
1.65663  2.181954E-15
1.65703  2.189594E-15
1.65743  2.180147E-15
1.65784  2.205985E-15
1.65824  2.199274E-15
1.65864  2.210514E-15
1.65904  2.207342E-15
1.65945  2.207122E-15
1.65985  2.211583E-15
1.66025  2.201560E-15
1.66065  2.202358E-15
1.66106  2.196985E-15
1.66146  2.218501E-15
1.66186  2.210576E-15
1.66226  2.215263E-15
1.66267  2.217985E-15
1.66307  2.226220E-15
1.66347  2.239126E-15
1.66387  2.232570E-15
1.66428  2.240691E-15
1.66468  2.241047E-15
1.66508  2.247554E-15
1.66548  2.232523E-15
1.66589  2.252277E-15
1.66629  2.233739E-15
1.66669  2.242725E-15
1.66709  2.229032E-15
1.6675  2.241863E-15
1.6679  2.244945E-15
1.6683  2.249744E-15
1.6687  2.240751E-15
1.66911  2.236109E-15
1.66951  2.241319E-15
1.66991  2.251600E-15
1.67031  2.238196E-15
1.67072  2.256466E-15
1.67112  2.256123E-15
1.67152  2.259349E-15
1.67192  2.275552E-15
1.67233  2.269058E-15
1.67273  2.268077E-15
1.67313  2.264896E-15
1.67353  2.264419E-15
1.67393  2.265033E-15
1.67434  2.278365E-15
1.67474  2.266186E-15
1.67514  2.255447E-15
1.67554  2.266395E-15
1.67595  2.250874E-15
1.67635  2.267323E-15
1.67675  2.288603E-15
1.67715  2.287026E-15
1.67756  2.284863E-15
1.67796  2.300734E-15
1.67836  2.306529E-15
1.67876  2.331058E-15
1.67917  2.354413E-15
1.67957  2.381387E-15
1.67997  2.379923E-15
1.68037  2.382159E-15
1.68078  2.360666E-15
1.68118  2.352858E-15
1.68158  2.332363E-15
1.68198  2.329820E-15
1.68238  2.313284E-15
1.68279  2.323550E-15
1.68319  2.319033E-15
1.68359  2.328076E-15
1.68399  2.314255E-15
1.6844  2.284005E-15
1.6848  2.298425E-15
1.6852  2.288481E-15
1.6856  2.297852E-15
1.68601  2.292081E-15
1.68641  2.281006E-15
1.68681  2.281845E-15
1.68721  2.286427E-15
1.68762  2.286032E-15
1.68802  2.283510E-15
1.68842  2.288944E-15
1.68882  2.254043E-15
1.68922  2.218372E-15
1.68963  2.252854E-15
1.69003  2.215159E-15
1.69043  2.218507E-15
1.69083  2.246740E-15
1.69124  2.251464E-15
1.69164  2.255326E-15
1.69204  2.256166E-15
1.69244  2.257252E-15
1.69285  2.252377E-15
1.69325  2.251244E-15
1.69365  2.262741E-15
1.69405  2.269255E-15
1.69445  2.235572E-15
1.69486  2.253585E-15
1.69526  2.245833E-15
1.69566  2.243487E-15
1.69606  2.247050E-15
1.69647  2.254899E-15
1.69687  2.249654E-15
1.69727  2.239005E-15
1.69767  2.238427E-15
1.69808  2.247724E-15
1.69848  2.238432E-15
1.69888  2.215944E-15
1.69928  2.218305E-15
1.69968  2.224047E-15
1.70009  2.231165E-15
1.70049  2.230012E-15
1.70089  2.224944E-15
1.70129  2.233255E-15
1.7017  2.244113E-15
1.7021  2.243823E-15
1.7025  2.238004E-15
1.7029  2.245934E-15
1.70331  2.239982E-15
1.70371  2.251817E-15
1.70411  2.247642E-15
1.70451  2.244187E-15
1.70491  2.248110E-15
1.70532  2.270084E-15
1.70572  2.258327E-15
1.70612  2.259846E-15
1.70652  2.268063E-15
1.70693  2.271851E-15
1.70733  2.267523E-15
1.70773  2.282551E-15
1.70813  2.265113E-15
1.70853  2.262552E-15
1.70894  2.258440E-15
1.70934  2.280362E-15
1.70974  2.260449E-15
1.71014  2.277099E-15
1.71055  2.259837E-15
1.71095  2.291066E-15
1.71135  2.292809E-15
1.71175  2.280314E-15
1.71215  2.283835E-15
1.71256  2.292883E-15
1.71296  2.281560E-15
1.71336  2.298835E-15
1.71376  2.302212E-15
1.71417  2.317259E-15
1.71457  2.321128E-15
1.71497  2.341012E-15
1.71537  2.332144E-15
1.71578  2.341817E-15
1.71618  2.320675E-15
1.71658  2.334980E-15
1.71698  2.341623E-15
1.71738  2.333434E-15
1.71779  2.347666E-15
1.71819  2.340597E-15
1.71859  2.338652E-15
1.71899  2.347257E-15
1.7194  2.326937E-15
1.7198  2.340112E-15
1.7202  2.335867E-15
1.7206  2.327042E-15
1.721  2.334845E-15
1.72141  2.321983E-15
1.72181  2.314164E-15
1.72221  2.312097E-15
1.72261  2.333837E-15
1.72302  2.334234E-15
1.72342  2.323828E-15
1.72382  2.327964E-15
1.72422  2.318976E-15
1.72462  2.328236E-15
1.72503  2.321733E-15
1.72543  2.333910E-15
1.72583  2.305317E-15
1.72623  2.321499E-15
1.72664  2.310981E-15
1.72704  2.320847E-15
1.72744  2.308891E-15
1.72784  2.327342E-15
1.72824  2.310139E-15
1.72865  2.316821E-15
1.72905  2.310278E-15
1.72945  2.337056E-15
1.72985  2.339004E-15
1.73026  2.349393E-15
1.73066  2.289465E-15
1.73106  2.315647E-15
1.73146  2.336971E-15
1.73186  2.319174E-15
1.73227  2.345867E-15
1.73267  2.337004E-15
1.73307  2.324588E-15
1.73347  2.310335E-15
1.73388  2.302939E-15
1.73428  2.293399E-15
1.73468  2.300954E-15
1.73508  2.278837E-15
1.73548  2.275365E-15
1.73589  2.277180E-15
1.73629  2.263462E-15
1.73669  2.266910E-15
1.73709  2.273314E-15
1.7375  2.283599E-15
1.7379  2.278290E-15
1.7383  2.288195E-15
1.7387  2.303562E-15
1.73911  2.313394E-15
1.73951  2.294297E-15
1.73991  2.319673E-15
1.74031  2.310134E-15
1.74071  2.321599E-15
1.74112  2.307491E-15
1.74152  2.335966E-15
1.74192  2.297192E-15
1.74232  2.313573E-15
1.74273  2.331874E-15
1.74313  2.315848E-15
1.74353  2.294957E-15
1.74393  2.277012E-15
1.74433  2.268953E-15
1.74474  2.268233E-15
1.74514  2.258644E-15
1.74554  2.250000E-15
1.74594  2.269039E-15
1.74635  2.257183E-15
1.74675  2.260630E-15
1.74715  2.284021E-15
1.74755  2.272585E-15
1.74795  2.273446E-15
1.74836  2.258644E-15
1.74876  2.244150E-15
1.74916  2.242846E-15
1.74956  2.267313E-15
1.74997  2.264150E-15
1.75037  2.256780E-15
1.75077  2.256707E-15
1.75117  2.269945E-15
1.75157  2.272787E-15
1.75198  2.278913E-15
1.75238  2.266473E-15
1.75278  2.281209E-15
1.75318  2.276035E-15
1.75359  2.270810E-15
1.75399  2.285525E-15
1.75439  2.263645E-15
1.75479  2.271207E-15
1.75519  2.268785E-15
1.7556  2.275658E-15
1.756  2.279485E-15
1.7564  2.262039E-15
1.7568  2.270668E-15
1.75721  2.264499E-15
1.75761  2.273847E-15
1.75801  2.261286E-15
1.75841  2.265400E-15
1.75881  2.275270E-15
1.75922  2.274068E-15
1.75962  2.273903E-15
1.76002  2.261322E-15
1.76042  2.258766E-15
1.76083  2.257277E-15
1.76123  2.277264E-15
1.76163  2.256014E-15
1.76203  2.268048E-15
1.76244  2.262538E-15
1.76284  2.271063E-15
1.76324  2.259037E-15
1.76364  2.282029E-15
1.76404  2.286317E-15
1.76445  2.311319E-15
1.76485  2.309307E-15
1.76525  2.244834E-15
1.76565  2.275479E-15
1.76606  2.292950E-15
1.76646  2.310718E-15
1.76686  2.289049E-15
1.76726  2.307997E-15
1.76766  2.274593E-15
1.76807  2.270170E-15
1.76847  2.258156E-15
1.76887  2.266794E-15
1.76927  2.272620E-15
1.76968  2.280692E-15
1.77008  2.273213E-15
1.77048  2.267663E-15
1.77088  2.283316E-15
1.77129  2.279581E-15
1.77169  2.295399E-15
1.77209  2.297491E-15
1.77249  2.296587E-15
1.77289  2.305100E-15
1.7733  2.309120E-15
1.7737  2.305037E-15
1.7741  2.313611E-15
1.7745  2.329951E-15
1.77491  2.359121E-15
1.77531  2.343170E-15
1.77571  2.333609E-15
1.77611  2.339177E-15
1.77651  2.319586E-15
1.77692  2.320292E-15
1.77732  2.349154E-15
1.77772  2.333860E-15
1.77812  2.319469E-15
1.77853  2.321488E-15
1.77893  2.319970E-15
1.77933  2.327620E-15
1.77973  2.333804E-15
1.78014  2.320234E-15
1.78054  2.272501E-15
1.78094  2.288275E-15
1.78134  2.293023E-15
1.78174  2.298899E-15
1.78215  2.292847E-15
1.78255  2.315368E-15
1.78295  2.307645E-15
1.78335  2.334350E-15
1.78376  2.318504E-15
1.78416  2.304587E-15
1.78456  2.315077E-15
1.78496  2.302863E-15
1.78537  2.280168E-15
1.78577  2.325474E-15
1.78617  2.330878E-15
1.78657  2.311362E-15
1.78698  2.287858E-15
1.78738  2.316806E-15
1.78778  2.335807E-15
1.78818  2.301208E-15
1.78858  2.290523E-15
1.78899  2.298480E-15
1.78939  2.278576E-15
1.78979  2.267041E-15
1.79019  2.295126E-15
1.7906  2.268866E-15
1.791  2.271880E-15
1.7914  2.294971E-15
1.7918  2.276822E-15
1.79221  2.258366E-15
1.79261  2.284604E-15
1.79301  2.271972E-15
1.79341  2.250769E-15
1.79381  2.268548E-15
1.79422  2.305796E-15
1.79462  2.248134E-15
1.79502  2.278616E-15
1.79542  2.304525E-15
1.79583  2.267594E-15
1.79623  2.265934E-15
1.79663  2.267708E-15
1.79703  2.273777E-15
1.79744  2.253345E-15
1.79784  2.253970E-15
1.79824  2.270989E-15
1.79864  2.276125E-15
1.79905  2.275100E-15
1.79945  2.296557E-15
1.79985  2.287013E-15
1.80025  2.259139E-15
1.80066  2.288407E-15
1.80106  2.322359E-15
1.80146  2.353492E-15
1.80186  2.308325E-15
1.80227  2.305649E-15
1.80267  2.342604E-15
1.80307  2.285835E-15
1.80347  2.298207E-15
1.80387  2.280474E-15
1.80428  2.323311E-15
1.80468  2.322245E-15
1.80508  2.372400E-15
1.80548  2.311790E-15
1.80589  2.263962E-15
1.80629  2.362456E-15
1.80669  2.330660E-15
1.80709  2.297788E-15
1.8075  2.354449E-15
1.8079  2.289753E-15
1.8083  2.269787E-15
1.88337  2.597259E-15
1.88391  2.500054E-15
1.88445  2.494255E-15
1.88499  2.480895E-15
1.88553  2.538256E-15
1.88607  2.524384E-15
1.88661  2.430695E-15
1.88715  2.393718E-15
1.88769  2.439147E-15
1.88823  2.456670E-15
1.88877  2.562101E-15
1.88931  2.593784E-15
1.88984  2.529467E-15
1.89038  2.559380E-15
1.89092  2.651606E-15
1.89146  2.604766E-15
1.892  2.623596E-15
1.89254  2.705300E-15
1.89308  2.578869E-15
1.89362  2.481929E-15
1.89416  2.501281E-15
1.8947  2.523917E-15
1.89524  2.528607E-15
1.89578  2.548941E-15
1.89632  2.608582E-15
1.89685  2.687456E-15
1.89739  2.713895E-15
1.89793  2.866192E-15
1.89847  3.096085E-15
1.89901  2.975138E-15
1.89955  3.004643E-15
1.90009  2.630366E-15
1.90063  2.715710E-15
1.90117  2.963976E-15
1.90171  3.049171E-15
1.90225  2.945419E-15
1.90279  2.846548E-15
1.90332  3.011984E-15
1.90386  3.180987E-15
1.9044  3.219795E-15
1.90494  3.326310E-15
1.90548  3.585485E-15
1.90602  2.998929E-15
1.90656  2.867046E-15
1.9071  3.134575E-15
1.90764  3.212465E-15
1.90818  3.156328E-15
1.90872  3.195624E-15
1.90926  3.310243E-15
1.90979  3.405692E-15
1.91033  3.484803E-15
1.91087  3.524749E-15
1.91141  3.505914E-15
1.91195  3.644631E-15
1.91249  3.823203E-15
1.91303  3.704962E-15
1.91357  3.545331E-15
1.91411  3.428793E-15
1.91465  3.670167E-15
1.91518  3.871650E-15
1.91572  3.809142E-15
1.91626  3.758960E-15
1.9168  3.937608E-15
1.91734  4.050300E-15
1.91788  4.114105E-15
1.91842  4.125190E-15
1.91896  4.122202E-15
1.9195  4.084813E-15
1.92004  3.820041E-15
1.92058  3.178085E-15
1.92111  3.183341E-15
1.92165  3.326955E-15
1.92219  3.347864E-15
1.92273  3.390933E-15
1.92327  3.352674E-15
1.92381  3.149865E-15
1.92435  3.058938E-15
1.92489  3.082875E-15
1.92543  3.129676E-15
1.92596  3.189801E-15
1.9265  3.107671E-15
1.92704  3.078549E-15
1.92758  3.039254E-15
1.92812  2.840381E-15
1.92866  2.882038E-15
1.9292  2.966813E-15
1.92974  2.905344E-15
1.93028  2.875419E-15
1.93081  2.804781E-15
1.93135  2.717601E-15
1.93189  2.721950E-15
1.93243  2.747882E-15
1.93297  2.726844E-15
1.93351  2.665505E-15
1.93405  2.607438E-15
1.93459  2.642438E-15
1.93513  2.641788E-15
1.93566  2.611194E-15
1.9362  2.598430E-15
1.93674  2.599754E-15
1.93728  2.568241E-15
1.93782  2.586933E-15
1.93836  2.631368E-15
1.9389  2.520986E-15
1.93944  2.502396E-15
1.93998  2.544775E-15
1.94051  2.490254E-15
1.94105  2.451466E-15
1.94159  2.469852E-15
1.94213  2.475236E-15
1.94267  2.471061E-15
1.94321  2.478612E-15
1.94375  2.479895E-15
1.94429  2.453121E-15
1.94482  2.449622E-15
1.94536  2.473516E-15
1.9459  2.475015E-15
1.94644  2.506360E-15
1.94698  2.496002E-15
1.94752  2.489610E-15
1.94806  2.474172E-15
1.9486  2.472972E-15
1.94913  2.477436E-15
1.94967  2.469859E-15
1.95021  2.457396E-15
1.95075  2.453161E-15
1.95129  2.488112E-15
1.95183  2.499933E-15
1.95237  2.489331E-15
1.95291  2.494448E-15
1.95344  2.500873E-15
1.95398  2.509628E-15
1.95452  2.521612E-15
1.95506  2.522660E-15
1.9556  2.501062E-15
1.95614  2.513792E-15
1.95668  2.503620E-15
1.95721  2.515021E-15
1.95775  2.506771E-15
1.95829  2.453248E-15
1.95883  2.409313E-15
1.95937  2.439058E-15
1.95991  2.437420E-15
1.96045  2.426891E-15
1.96098  2.452130E-15
1.96152  2.479942E-15
1.96206  2.475309E-15
1.9626  2.491645E-15
1.96314  2.505498E-15
1.96368  2.522897E-15
1.96422  2.523690E-15
1.96475  2.505120E-15
1.96529  2.480737E-15
1.96583  2.452297E-15
1.96637  2.442005E-15
1.96691  2.420310E-15
1.96745  2.397788E-15
1.96799  2.403824E-15
1.96852  2.396853E-15
1.96906  2.386419E-15
1.9696  2.395306E-15
1.97014  2.406900E-15
1.97068  2.399807E-15
1.97122  2.388474E-15
1.97176  2.379257E-15
1.97229  2.386764E-15
1.97283  2.374635E-15
1.97337  2.369719E-15
1.97391  2.363086E-15
1.97445  2.372034E-15
1.97499  2.356881E-15
1.97553  2.373236E-15
1.97606  2.377893E-15
1.9766  2.386840E-15
1.97714  2.383365E-15
1.97768  2.401843E-15
1.97822  2.415622E-15
1.97876  2.431311E-15
1.97929  2.420491E-15
1.97983  2.405686E-15
1.98037  2.411864E-15
1.98091  2.400983E-15
1.98145  2.405660E-15
1.98199  2.408038E-15
1.98253  2.401559E-15
1.98306  2.410608E-15
1.9836  2.410657E-15
1.98414  2.408868E-15
1.98468  2.414351E-15
1.98522  2.422010E-15
1.98576  2.434510E-15
1.98629  2.419269E-15
1.98683  2.439450E-15
1.98737  2.450826E-15
1.98791  2.452060E-15
1.98845  2.465724E-15
1.98899  2.458163E-15
1.98952  2.441431E-15
1.99006  2.435301E-15
1.9906  2.427833E-15
1.99114  2.422173E-15
1.99168  2.414123E-15
1.99222  2.426101E-15
1.99275  2.421933E-15
1.99329  2.413392E-15
1.99383  2.423757E-15
1.99437  2.430261E-15
1.99491  2.432260E-15
1.99545  2.453154E-15
1.99598  2.473261E-15
1.99652  2.488567E-15
1.99706  2.511297E-15
1.9976  2.517218E-15
1.99814  2.529766E-15
1.99868  2.565925E-15
1.99921  2.594751E-15
1.99975  2.624260E-15
2.00029  2.687958E-15
2.00083  2.716199E-15
2.00137  2.742592E-15
2.00191  2.726198E-15
2.00244  2.709192E-15
2.00298  2.700457E-15
2.00352  2.699330E-15
2.00406  2.736576E-15
2.0046  2.722950E-15
2.00514  2.753875E-15
2.00567  2.811665E-15
2.00621  2.849123E-15
2.00675  2.857858E-15
2.00729  2.784592E-15
2.00783  2.744551E-15
2.00836  2.722228E-15
2.0089  2.664167E-15
2.00944  2.613572E-15
2.00998  2.626250E-15
2.01052  2.603202E-15
2.01106  2.574969E-15
2.01159  2.552178E-15
2.01213  2.554095E-15
2.01267  2.552173E-15
2.01321  2.526616E-15
2.01375  2.521325E-15
2.01428  2.509838E-15
2.01482  2.498677E-15
2.01536  2.480952E-15
2.0159  2.467903E-15
2.01644  2.486257E-15
2.01698  2.461458E-15
2.01751  2.437241E-15
2.01805  2.420109E-15
2.01859  2.409634E-15
2.01913  2.392013E-15
2.01967  2.403334E-15
2.0202  2.395350E-15
2.02074  2.378230E-15
2.02128  2.378168E-15
2.02182  2.364274E-15
2.02236  2.361772E-15
2.02289  2.362926E-15
2.02343  2.357096E-15
2.02397  2.355728E-15
2.02451  2.354401E-15
2.02505  2.354452E-15
2.02558  2.353839E-15
2.02612  2.357463E-15
2.02666  2.342814E-15
2.0272  2.346683E-15
2.02774  2.343927E-15
2.02828  2.347989E-15
2.02881  2.344937E-15
2.02935  2.326034E-15
2.02989  2.330464E-15
2.03043  2.326361E-15
2.03097  2.340538E-15
2.0315  2.339088E-15
2.03204  2.333026E-15
2.03258  2.338956E-15
2.03312  2.340885E-15
2.03366  2.339109E-15
2.03419  2.339517E-15
2.03473  2.336578E-15
2.03527  2.336537E-15
2.03581  2.331751E-15
2.03635  2.329843E-15
2.03688  2.334272E-15
2.03742  2.332681E-15
2.03796  2.327690E-15
2.0385  2.339620E-15
2.03904  2.331467E-15
2.03957  2.341489E-15
2.04011  2.343111E-15
2.04065  2.340030E-15
2.04119  2.347663E-15
2.04173  2.338060E-15
2.04226  2.335612E-15
2.0428  2.345378E-15
2.04334  2.344450E-15
2.04388  2.347817E-15
2.04441  2.337512E-15
2.04495  2.352788E-15
2.04549  2.351196E-15
2.04603  2.368574E-15
2.04657  2.365339E-15
2.0471  2.362809E-15
2.04764  2.367564E-15
2.04818  2.379788E-15
2.04872  2.383901E-15
2.04926  2.391492E-15
2.04979  2.386319E-15
2.05033  2.396482E-15
2.05087  2.397094E-15
2.05141  2.394401E-15
2.05195  2.393033E-15
2.05248  2.401002E-15
2.05302  2.405441E-15
2.05356  2.404257E-15
2.0541  2.400553E-15
2.05463  2.406543E-15
2.05517  2.399707E-15
2.05571  2.394687E-15
2.05625  2.397014E-15
2.05679  2.380425E-15
2.05732  2.383394E-15
2.05786  2.369529E-15
2.0584  2.355594E-15
2.05894  2.357308E-15
2.05947  2.376570E-15
2.06001  2.379356E-15
2.06055  2.383365E-15
2.06109  2.394210E-15
2.06163  2.389885E-15
2.06216  2.384560E-15
2.0627  2.391100E-15
2.06324  2.388723E-15
2.06378  2.382654E-15
2.06432  2.382226E-15
2.06485  2.387643E-15
2.06539  2.386909E-15
2.06593  2.386910E-15
2.06647  2.391562E-15
2.067  2.370018E-15
2.06754  2.377924E-15
2.06808  2.377088E-15
2.06862  2.382485E-15
2.06915  2.380466E-15
2.06969  2.363198E-15
2.07023  2.369696E-15
2.07077  2.379989E-15
2.07131  2.366882E-15
2.07184  2.365741E-15
2.07238  2.366302E-15
2.07292  2.377145E-15
2.07346  2.372964E-15
2.07399  2.362613E-15
2.07453  2.361481E-15
2.07507  2.362472E-15
2.07561  2.364747E-15
2.07615  2.376457E-15
2.07668  2.376968E-15
2.07722  2.384822E-15
2.07776  2.389351E-15
2.0783  2.392055E-15
2.07883  2.393269E-15
2.07937  2.400420E-15
2.07991  2.388671E-15
2.08045  2.378279E-15
2.08098  2.367287E-15
2.08152  2.368817E-15
2.08206  2.364586E-15
2.0826  2.378079E-15
2.08313  2.377958E-15
2.08367  2.381589E-15
2.08421  2.385333E-15
2.08475  2.366417E-15
2.08529  2.381704E-15
2.08582  2.373446E-15
2.08636  2.372243E-15
2.0869  2.372887E-15
2.08744  2.375386E-15
2.08797  2.386636E-15
2.08851  2.381507E-15
2.08905  2.392378E-15
2.08959  2.389229E-15
2.09012  2.392330E-15
2.09066  2.384622E-15
2.0912  2.386978E-15
2.09174  2.388335E-15
2.09227  2.376539E-15
2.09281  2.375347E-15
2.09335  2.374839E-15
2.09389  2.368110E-15
2.09442  2.374433E-15
2.09496  2.365105E-15
2.0955  2.367003E-15
2.09604  2.358439E-15
2.09657  2.368046E-15
2.09711  2.366711E-15
2.09765  2.369170E-15
2.09819  2.366071E-15
2.09872  2.362535E-15
2.09926  2.362934E-15
2.0998  2.373356E-15
2.10034  2.363855E-15
2.10087  2.366814E-15
2.10141  2.374645E-15
2.10195  2.376431E-15
2.10249  2.381111E-15
2.10302  2.375710E-15
2.10356  2.386222E-15
2.1041  2.388334E-15
2.10464  2.383411E-15
2.10517  2.378764E-15
2.10571  2.373556E-15
2.10625  2.377432E-15
2.10679  2.378707E-15
2.10732  2.370798E-15
2.10786  2.368118E-15
2.1084  2.379344E-15
2.10894  2.377470E-15
2.10947  2.376870E-15
2.11001  2.365954E-15
2.11055  2.374753E-15
2.11109  2.388792E-15
2.11162  2.390893E-15
2.11216  2.388387E-15
2.1127  2.384138E-15
2.11324  2.377565E-15
2.11377  2.385722E-15
2.11431  2.379587E-15
2.11485  2.373625E-15
2.11539  2.368734E-15
2.11592  2.360224E-15
2.11646  2.368901E-15
2.117  2.369025E-15
2.11754  2.382848E-15
2.11807  2.387417E-15
2.11861  2.372598E-15
2.11915  2.374812E-15
2.11969  2.376128E-15
2.12022  2.386374E-15
2.12076  2.370700E-15
2.1213  2.365850E-15
2.12183  2.373017E-15
2.12237  2.384506E-15
2.12291  2.363716E-15
2.12345  2.369965E-15
2.12398  2.364862E-15
2.12452  2.372344E-15
2.12506  2.373029E-15
2.1256  2.371655E-15
2.12613  2.345994E-15
2.12667  2.350216E-15
2.12721  2.358534E-15
2.12775  2.358221E-15
2.12828  2.363604E-15
2.12882  2.362689E-15
2.12936  2.364413E-15
2.12989  2.363825E-15
2.13043  2.361452E-15
2.13097  2.362137E-15
2.13151  2.354893E-15
2.13204  2.371049E-15
2.13258  2.363255E-15
2.13312  2.375048E-15
2.13366  2.369557E-15
2.13419  2.368133E-15
2.13473  2.361685E-15
2.13527  2.377227E-15
2.13581  2.356899E-15
2.13634  2.368539E-15
2.13688  2.362488E-15
2.13742  2.365660E-15
2.13795  2.367752E-15
2.13849  2.359969E-15
2.13903  2.367797E-15
2.13957  2.380394E-15
2.1401  2.373681E-15
2.14064  2.376924E-15
2.14118  2.361927E-15
2.14172  2.376144E-15
2.14225  2.364928E-15
2.14279  2.376302E-15
2.14333  2.368387E-15
2.14386  2.370234E-15
2.1444  2.369604E-15
2.14494  2.373805E-15
2.14548  2.375488E-15
2.14601  2.369275E-15
2.14655  2.379294E-15
2.14709  2.368832E-15
2.14762  2.378433E-15
2.14816  2.376968E-15
2.1487  2.374107E-15
2.14924  2.375974E-15
2.14977  2.371871E-15
2.15031  2.381430E-15
2.15085  2.375075E-15
2.15139  2.385602E-15
2.15192  2.374225E-15
2.15246  2.373320E-15
2.153  2.370175E-15
2.15353  2.370035E-15
2.15407  2.374724E-15
2.15461  2.376876E-15
2.15515  2.375330E-15
2.15568  2.378328E-15
2.15622  2.379156E-15
2.15676  2.393166E-15
2.15729  2.392619E-15
2.15783  2.379032E-15
2.15837  2.383629E-15
2.15891  2.382745E-15
2.15944  2.396592E-15
2.15998  2.391389E-15
2.16052  2.391585E-15
2.16105  2.387075E-15
2.16159  2.390602E-15
2.16213  2.384096E-15
2.16267  2.379015E-15
2.1632  2.377317E-15
2.16374  2.383340E-15
2.16428  2.380277E-15
2.16481  2.373384E-15
2.16535  2.399371E-15
2.16589  2.407309E-15
2.16642  2.423121E-15
2.16696  2.431649E-15
2.1675  2.452420E-15
2.16804  2.474017E-15
2.16857  2.492241E-15
2.16911  2.488862E-15
2.16965  2.468177E-15
2.17018  2.453288E-15
2.17072  2.418252E-15
2.17126  2.410382E-15
2.1718  2.402287E-15
2.17233  2.396719E-15
2.17287  2.399298E-15
2.17341  2.397050E-15
2.17394  2.393437E-15
2.17448  2.393389E-15
2.17502  2.393077E-15
2.17555  2.397327E-15
2.17609  2.392309E-15
2.17663  2.402078E-15
2.17717  2.397529E-15
2.1777  2.396707E-15
2.17824  2.392524E-15
2.17878  2.383015E-15
2.17931  2.386654E-15
2.17985  2.385954E-15
2.18039  2.392373E-15
2.18093  2.402550E-15
2.18146  2.395404E-15
2.182  2.395326E-15
2.18254  2.388343E-15
2.18307  2.397083E-15
2.18361  2.400315E-15
2.18415  2.395623E-15
2.18468  2.391767E-15
2.18522  2.395436E-15
2.18576  2.402140E-15
2.1863  2.393161E-15
2.18683  2.390242E-15
2.18737  2.393972E-15
2.18791  2.399708E-15
2.18844  2.399864E-15
2.18898  2.395316E-15
2.18952  2.390950E-15
2.19005  2.400882E-15
2.19059  2.393024E-15
2.19113  2.396489E-15
2.19166  2.412867E-15
2.1922  2.402707E-15
2.19274  2.390125E-15
2.19328  2.406501E-15
2.19381  2.403715E-15
2.19435  2.402557E-15
2.19489  2.413150E-15
2.19542  2.420485E-15
2.19596  2.422218E-15
2.1965  2.418129E-15
2.19703  2.424455E-15
2.19757  2.426454E-15
2.19811  2.429674E-15
2.19865  2.463796E-15
2.19918  2.448221E-15
2.19972  2.450596E-15
2.20026  2.445743E-15
2.20079  2.445491E-15
2.20133  2.439732E-15
2.20187  2.438717E-15
2.2024  2.452750E-15
2.20294  2.450116E-15
2.20348  2.455230E-15
2.20401  2.458949E-15
2.20455  2.460835E-15
2.20509  2.456094E-15
2.20562  2.448513E-15
2.20616  2.456050E-15
2.2067  2.462070E-15
2.20724  2.457715E-15
2.20777  2.458034E-15
2.20831  2.463372E-15
2.20885  2.473311E-15
2.20938  2.466840E-15
2.20992  2.474773E-15
2.21046  2.473768E-15
2.21099  2.472540E-15
2.21153  2.482723E-15
2.21207  2.492407E-15
2.2126  2.508992E-15
2.21314  2.521069E-15
2.21368  2.532473E-15
2.21421  2.540874E-15
2.21475  2.532631E-15
2.21529  2.512112E-15
2.21582  2.506598E-15
2.21636  2.494467E-15
2.2169  2.480840E-15
2.21744  2.465808E-15
2.21797  2.468886E-15
2.21851  2.480228E-15
2.21905  2.469941E-15
2.21958  2.468173E-15
2.22012  2.476645E-15
2.22066  2.466979E-15
2.22119  2.467369E-15
2.22173  2.461855E-15
2.22227  2.454693E-15
2.2228  2.449485E-15
2.22334  2.463820E-15
2.22388  2.451049E-15
2.22441  2.451562E-15
2.22495  2.450731E-15
2.22549  2.446622E-15
2.22602  2.449008E-15
2.22656  2.447953E-15
2.2271  2.431194E-15
2.22763  2.434363E-15
2.22817  2.425226E-15
2.22871  2.428090E-15
2.22924  2.431921E-15
2.22978  2.426327E-15
2.23032  2.421578E-15
2.23085  2.430650E-15
2.23139  2.417515E-15
2.23193  2.427187E-15
2.23247  2.417319E-15
2.233  2.430940E-15
2.23354  2.418985E-15
2.23408  2.414827E-15
2.23461  2.410323E-15
2.23515  2.411029E-15
2.23569  2.420853E-15
2.23622  2.411749E-15
2.23676  2.403571E-15
2.2373  2.417171E-15
2.23783  2.413034E-15
2.23837  2.405782E-15
2.23891  2.404575E-15
2.23944  2.406513E-15
2.23998  2.395842E-15
2.24052  2.403173E-15
2.24105  2.410443E-15
2.24159  2.399447E-15
2.24213  2.410400E-15
2.24266  2.402060E-15
2.2432  2.398523E-15
2.24374  2.403524E-15
2.24427  2.399549E-15
2.24481  2.398515E-15
2.24535  2.404493E-15
2.24588  2.409127E-15
2.24642  2.402507E-15
2.24696  2.402450E-15
2.24749  2.405640E-15
2.24803  2.396588E-15
2.24857  2.390813E-15
2.2491  2.400453E-15
2.24964  2.392948E-15
2.25018  2.399312E-15
2.25071  2.398502E-15
2.25125  2.393592E-15
2.25179  2.379891E-15
2.25232  2.408965E-15
2.25286  2.401796E-15
2.2534  2.402513E-15
2.25393  2.406414E-15
2.25447  2.390750E-15
2.25501  2.367842E-15
2.25554  2.392865E-15
2.25608  2.390326E-15
2.25662  2.377409E-15
2.25715  2.384159E-15
2.25769  2.384622E-15
2.25823  2.386722E-15
2.25876  2.396799E-15
2.2593  2.403010E-15
2.25984  2.405089E-15
2.26037  2.406640E-15
2.26091  2.413614E-15
2.26145  2.404635E-15
2.26198  2.403246E-15
2.26252  2.408368E-15
2.26305  2.409166E-15
2.26359  2.409150E-15
2.26413  2.401199E-15
2.26466  2.398365E-15
2.2652  2.398065E-15
2.26574  2.398914E-15
2.26627  2.409844E-15
2.26681  2.422178E-15
2.26735  2.420555E-15
2.26788  2.402045E-15
2.26842  2.405112E-15
2.26896  2.402736E-15
2.26949  2.394746E-15
2.27003  2.398646E-15
2.27057  2.414510E-15
2.2711  2.407079E-15
2.27164  2.413746E-15
2.27218  2.420952E-15
2.27271  2.420611E-15
2.27325  2.409935E-15
2.27379  2.417152E-15
2.27432  2.415489E-15
2.27486  2.403928E-15
2.2754  2.399060E-15
2.27593  2.393491E-15
2.27647  2.392885E-15
2.27701  2.385017E-15
2.27754  2.388827E-15
2.27808  2.391710E-15
2.27862  2.403351E-15
2.27915  2.402329E-15
2.27969  2.401377E-15
2.28022  2.387346E-15
2.28076  2.398550E-15
2.2813  2.418022E-15
2.28183  2.424730E-15
2.28237  2.406274E-15
2.28291  2.401264E-15
2.28344  2.398035E-15
2.28398  2.400552E-15
2.28452  2.402632E-15
2.28505  2.398549E-15
2.28559  2.405805E-15
2.28613  2.386913E-15
2.28666  2.392675E-15
2.2872  2.393799E-15
2.28774  2.403730E-15
2.28827  2.411566E-15
2.28881  2.411032E-15
2.28935  2.392954E-15
2.28988  2.397638E-15
2.29042  2.399657E-15
2.29095  2.395279E-15
2.29149  2.404203E-15
2.29203  2.396896E-15
2.29256  2.398325E-15
2.2931  2.410055E-15
2.29364  2.413945E-15
2.29417  2.423713E-15
2.29471  2.413549E-15
2.29525  2.406852E-15
2.29578  2.400298E-15
2.29632  2.406313E-15
2.29686  2.423921E-15
2.29739  2.423448E-15
2.29793  2.419213E-15
2.29847  2.427607E-15
2.299  2.425080E-15
2.29954  2.409140E-15
2.30007  2.411525E-15
2.30061  2.401230E-15
2.30115  2.408719E-15
2.30168  2.404525E-15
2.30222  2.412207E-15
2.30276  2.422757E-15
2.30329  2.412584E-15
2.30383  2.413290E-15
2.30437  2.410387E-15
2.3049  2.410179E-15
2.30544  2.401145E-15
2.30598  2.416056E-15
2.30651  2.411232E-15
2.30705  2.398710E-15
2.30758  2.405163E-15
2.30812  2.407252E-15
2.30866  2.401543E-15
2.30919  2.391198E-15
2.30973  2.389424E-15
2.31027  2.385850E-15
2.3108  2.396979E-15
2.31134  2.383137E-15
2.31188  2.387829E-15
2.31241  2.378511E-15
2.31295  2.377805E-15
2.31348  2.384531E-15
2.31402  2.392732E-15
2.31456  2.404602E-15
2.31509  2.429873E-15
2.31563  2.442129E-15
2.31617  2.437264E-15
2.3167  2.434830E-15
2.31724  2.424953E-15
2.31778  2.416510E-15
2.31831  2.425066E-15
2.31885  2.421065E-15
2.31939  2.403543E-15
2.31992  2.412343E-15
2.32046  2.404134E-15
2.32099  2.398752E-15
2.32153  2.403251E-15
2.32207  2.397502E-15
2.3226  2.400924E-15
2.32314  2.388689E-15
2.32368  2.407299E-15
2.32421  2.397901E-15
2.32475  2.402593E-15
2.32529  2.401989E-15
2.32582  2.398731E-15
2.32636  2.397212E-15
2.32689  2.410535E-15
2.32743  2.409229E-15
2.32797  2.395277E-15
2.3285  2.399909E-15
2.32904  2.392575E-15
2.32958  2.388829E-15
2.33011  2.410040E-15
2.33065  2.408298E-15
2.33118  2.386001E-15
2.33172  2.399536E-15
2.33226  2.409230E-15
2.33279  2.414603E-15
2.33333  2.403498E-15
2.33387  2.400230E-15
2.3344  2.404058E-15
2.33494  2.409147E-15
2.33548  2.409945E-15
2.33601  2.393210E-15
2.33655  2.413809E-15
2.33708  2.416712E-15
2.33762  2.400800E-15
2.33816  2.414548E-15
2.33869  2.420703E-15
2.33923  2.406571E-15
2.33977  2.412248E-15
2.3403  2.423912E-15
2.34084  2.417067E-15
2.34137  2.412133E-15
2.34191  2.405370E-15
2.34245  2.403343E-15
2.34298  2.409000E-15
2.34352  2.407156E-15
2.34406  2.388552E-15
2.34459  2.383721E-15
2.34513  2.377507E-15
2.34566  2.379718E-15
2.3462  2.376106E-15
2.34674  2.379141E-15
2.34727  2.384798E-15
2.34781  2.379844E-15
2.34835  2.391264E-15
2.34888  2.398913E-15
2.34942  2.404386E-15
2.34996  2.390367E-15
2.35049  2.391431E-15
2.35103  2.394211E-15
2.35156  2.402998E-15
2.3521  2.400219E-15
2.35264  2.394707E-15
2.35317  2.386299E-15
2.35371  2.397911E-15
2.35425  2.421870E-15
2.35478  2.404782E-15
2.35532  2.394301E-15
2.35585  2.391706E-15
2.35639  2.399232E-15
2.35693  2.405579E-15
2.35746  2.409183E-15
2.358  2.399372E-15
2.35854  2.379593E-15
2.35907  2.382242E-15
2.35961  2.377248E-15
2.36014  2.393748E-15
2.36068  2.388368E-15
2.36122  2.378060E-15
2.36175  2.373463E-15
2.36229  2.391638E-15
2.36283  2.386381E-15
2.36336  2.395604E-15
2.3639  2.380998E-15
2.36443  2.381888E-15
2.36497  2.383328E-15
2.36551  2.403514E-15
2.36604  2.409567E-15
2.36658  2.401383E-15
2.36711  2.393098E-15
2.36765  2.404383E-15
2.36819  2.415932E-15
2.36872  2.432074E-15
2.36926  2.466180E-15
2.3698  2.459673E-15
2.37033  2.460350E-15
2.37087  2.461738E-15
2.3714  2.438659E-15
2.37194  2.472114E-15
2.37248  2.457143E-15
2.37301  2.460298E-15
2.37355  2.451008E-15
2.37409  2.443770E-15
2.37462  2.416119E-15
2.37516  2.421907E-15
2.37569  2.397712E-15
2.37623  2.387416E-15
2.37677  2.387260E-15
2.3773  2.380002E-15
2.37784  2.357901E-15
2.37838  2.374539E-15
2.37891  2.377370E-15
2.37945  2.371972E-15
2.37998  2.370180E-15
2.38052  2.364995E-15
2.38106  2.365927E-15
2.38159  2.387817E-15
2.38213  2.401417E-15
2.38266  2.392443E-15
2.3832  2.369083E-15
2.38374  2.375673E-15
2.38427  2.392219E-15
2.38481  2.400891E-15
2.38535  2.385720E-15
2.38588  2.387261E-15
2.38642  2.392499E-15
2.38695  2.391023E-15
2.38749  2.389170E-15
2.38803  2.385225E-15
2.38856  2.387183E-15
2.3891  2.370437E-15
2.38963  2.400859E-15
2.39017  2.403782E-15
2.39071  2.382293E-15
2.39124  2.379211E-15
2.39178  2.381727E-15
2.39232  2.373577E-15
2.39285  2.373909E-15
2.39339  2.379797E-15
2.39392  2.378006E-15
2.39446  2.374966E-15
2.395  2.387680E-15
2.39553  2.377143E-15
2.39607  2.373310E-15
2.3966  2.353672E-15
2.39714  2.378240E-15
2.39768  2.362279E-15
2.39821  2.380926E-15
2.39875  2.373904E-15
2.39929  2.372092E-15
2.39982  2.380419E-15
2.40036  2.373894E-15
2.40089  2.370793E-15
2.40143  2.370861E-15
2.40197  2.363443E-15
2.4025  2.376857E-15
2.40304  2.383893E-15
2.40357  2.363820E-15
2.40411  2.365482E-15
2.40465  2.363671E-15
2.40518  2.361464E-15
2.40572  2.354067E-15
2.40625  2.358330E-15
2.40679  2.348231E-15
2.40733  2.360314E-15
2.40786  2.369493E-15
2.4084  2.380571E-15
2.40894  2.365129E-15
2.40947  2.358017E-15
2.41001  2.365357E-15
2.41054  2.353806E-15
2.41108  2.371841E-15
2.41162  2.370345E-15
2.41215  2.367174E-15
2.41269  2.385512E-15
2.41322  2.368874E-15
2.41376  2.379382E-15
2.4143  2.407146E-15
2.41483  2.402420E-15
2.41537  2.359630E-15
2.4159  2.366584E-15
2.41644  2.384862E-15
2.41698  2.387509E-15
2.41751  2.412581E-15
2.41805  2.385127E-15
2.41859  2.368753E-15
2.41912  2.368253E-15
2.41966  2.366929E-15
2.42019  2.376189E-15
2.42073  2.373545E-15
2.42127  2.362990E-15
2.4218  2.363160E-15
2.42234  2.388383E-15
2.42287  2.391275E-15
2.42341  2.366798E-15
2.42395  2.368572E-15
2.42448  2.376348E-15
2.42502  2.376508E-15
2.42555  2.368371E-15
2.42609  2.365240E-15
2.42663  2.404932E-15
