0.808373  3.282860E-15
0.808575  3.509460E-15
0.808777  3.282570E-15
0.808979  3.248260E-15
0.809181  3.291100E-15
0.809384  3.026680E-15
0.809586  2.995400E-15
0.809788  3.172810E-15
0.80999  3.165890E-15
0.810192  3.133660E-15
0.810394  3.471850E-15
0.810597  3.114050E-15
0.810799  3.289740E-15
0.811001  3.274740E-15
0.811203  3.097670E-15
0.811405  3.025840E-15
0.811496  3.280650E-15
0.81173  3.240870E-15
0.811963  3.158250E-15
0.812197  3.228200E-15
0.81243  3.296680E-15
0.812664  3.285300E-15
0.812897  3.314630E-15
0.813131  3.393070E-15
0.813364  3.249610E-15
0.813598  3.261240E-15
0.813831  3.339560E-15
0.814065  3.372650E-15
0.814298  3.402890E-15
0.814532  3.324180E-15
0.814765  3.482650E-15
0.814999  3.288750E-15
0.815232  3.316270E-15
0.815465  3.049350E-15
0.815699  3.216440E-15
0.815932  3.097160E-15
0.816166  3.140500E-15
0.816399  3.113990E-15
0.816632  3.140980E-15
0.816866  3.148350E-15
0.817099  3.230020E-15
0.817332  3.109630E-15
0.817566  3.060080E-15
0.817799  3.149810E-15
0.818032  3.202250E-15
0.818266  3.175560E-15
0.818499  3.088100E-15
0.818732  3.187600E-15
0.818966  3.092560E-15
0.819199  3.200030E-15
0.819432  3.125910E-15
0.819665  3.086900E-15
0.819899  3.060770E-15
0.820132  3.061400E-15
0.820365  3.007310E-15
0.820598  3.172110E-15
0.820832  3.382490E-15
0.821065  3.395750E-15
0.821298  3.193890E-15
0.821531  3.257370E-15
0.821765  3.317960E-15
0.821998  3.265290E-15
0.822231  3.298510E-15
0.822464  3.191500E-15
0.822697  3.082260E-15
0.82293  3.207210E-15
0.823164  2.929300E-15
0.823397  3.344370E-15
0.82363  3.269660E-15
0.823863  3.156860E-15
0.824096  3.264650E-15
0.824329  3.027930E-15
0.824562  2.989660E-15
0.824795  3.134530E-15
0.825028  3.034040E-15
0.825262  3.200070E-15
0.825495  3.021930E-15
0.825728  3.227550E-15
0.825961  3.149430E-15
0.826194  3.049690E-15
0.826427  3.066570E-15
0.82666  3.140640E-15
0.826893  3.019450E-15
0.827126  3.213840E-15
0.827359  3.098390E-15
0.827592  2.935580E-15
0.827825  2.932340E-15
0.828058  3.033420E-15
0.828291  3.065380E-15
0.828524  2.877560E-15
0.828757  2.925650E-15
0.82899  3.135560E-15
0.829223  3.106600E-15
0.829456  3.028090E-15
0.829688  3.257760E-15
0.829921  2.953040E-15
0.830154  2.996640E-15
0.830387  2.948590E-15
0.83062  3.000260E-15
0.830853  3.011070E-15
0.831086  3.112850E-15
0.831319  3.095460E-15
0.831552  2.963620E-15
0.831784  3.105940E-15
0.832017  2.947030E-15
0.83225  3.019570E-15
0.832483  3.039710E-15
0.832716  3.109400E-15
0.832949  3.138230E-15
0.833182  3.186860E-15
0.833414  3.022990E-15
0.833647  3.108170E-15
0.83388  3.322540E-15
0.834113  3.136640E-15
0.834345  3.161530E-15
0.834578  3.329550E-15
0.834811  3.099030E-15
0.835044  3.107910E-15
0.835276  3.159430E-15
0.835509  3.103270E-15
0.835742  3.218250E-15
0.835975  3.064670E-15
0.836207  3.017030E-15
0.83644  3.165790E-15
0.836673  3.006160E-15
0.836905  3.050270E-15
0.837138  3.028450E-15
0.837371  3.240240E-15
0.837604  3.172630E-15
0.837836  3.286050E-15
0.838069  3.155320E-15
0.838301  3.218230E-15
0.838534  3.219030E-15
0.838767  3.267290E-15
0.838999  3.087470E-15
0.839232  3.320610E-15
0.839465  3.296220E-15
0.839697  3.239520E-15
0.83993  3.004810E-15
0.840162  3.010770E-15
0.840395  3.060190E-15
0.840628  3.160840E-15
0.84086  3.092530E-15
0.841093  3.152670E-15
0.841325  3.006240E-15
0.841558  3.018340E-15
0.84179  3.208030E-15
0.842023  2.923430E-15
0.842255  3.113940E-15
0.842488  3.096320E-15
0.842721  3.034750E-15
0.842953  3.131600E-15
0.843185  3.007910E-15
0.843418  3.054920E-15
0.84365  2.863560E-15
0.843883  3.156290E-15
0.844115  3.150480E-15
0.844348  3.062260E-15
0.84458  2.960780E-15
0.844813  3.139590E-15
0.845045  3.179470E-15
0.845278  3.157830E-15
0.84551  3.075600E-15
0.845743  3.226970E-15
0.845975  3.138910E-15
0.846207  3.161900E-15
0.84644  3.107690E-15
0.846672  3.024760E-15
0.846905  3.047970E-15
0.847137  3.184410E-15
0.847369  2.911590E-15
0.847602  3.117660E-15
0.847834  3.130960E-15
0.848066  3.070130E-15
0.848299  3.088210E-15
0.848531  3.123100E-15
0.848763  3.070270E-15
0.848996  2.979780E-15
0.849228  3.262750E-15
0.84946  3.088850E-15
0.849693  3.082080E-15
0.849925  3.056620E-15
0.850157  3.002440E-15
0.85039  3.197520E-15
0.850622  3.023680E-15
0.850854  3.127050E-15
0.851086  2.956960E-15
0.851319  3.082460E-15
0.851551  3.100490E-15
0.851783  2.949210E-15
0.852015  3.087330E-15
0.852248  3.101770E-15
0.85248  3.154920E-15
0.852712  3.183830E-15
0.852944  3.036700E-15
0.853177  3.050870E-15
0.853409  3.239410E-15
0.853641  3.179960E-15
0.853873  2.995850E-15
0.854105  3.051820E-15
0.854337  3.095460E-15
0.85457  3.098050E-15
0.854802  2.934110E-15
0.855034  3.118690E-15
0.855266  3.066710E-15
0.855498  3.111500E-15
0.85573  3.066910E-15
0.855963  3.121430E-15
0.856195  3.154110E-15
0.856427  3.005080E-15
0.856659  2.887260E-15
0.856891  3.032580E-15
0.857123  2.939920E-15
0.857355  3.010110E-15
0.857587  3.044300E-15
0.857819  3.016580E-15
0.858051  3.050620E-15
0.858283  3.026780E-15
0.858516  3.042060E-15
0.858748  3.064400E-15
0.85898  3.155970E-15
0.859212  3.110240E-15
0.859444  3.102360E-15
0.859676  3.131970E-15
0.859908  2.923490E-15
0.86014  3.018770E-15
0.860372  3.022170E-15
0.860604  3.088130E-15
0.860836  3.105370E-15
0.861068  3.145630E-15
0.8613  3.234370E-15
0.861532  2.960800E-15
0.861764  2.968050E-15
0.861996  3.132440E-15
0.862228  3.099150E-15
0.86246  3.214380E-15
0.862692  3.134050E-15
0.862924  3.123770E-15
0.863155  3.198330E-15
0.863387  3.051710E-15
0.863619  3.071790E-15
0.863851  3.121420E-15
0.864083  3.080090E-15
0.864315  3.208290E-15
0.864547  3.187410E-15
0.864779  3.195250E-15
0.865011  3.313410E-15
0.865243  3.127130E-15
0.865474  3.053270E-15
0.865706  3.326710E-15
0.865938  3.226020E-15
0.86617  3.402640E-15
0.866402  3.186000E-15
0.866634  3.265190E-15
0.866866  3.094130E-15
0.867097  3.211230E-15
0.867329  3.364750E-15
0.867561  3.352120E-15
0.867793  3.336490E-15
0.868025  3.450820E-15
0.868257  3.408570E-15
0.868488  3.390610E-15
0.86872  3.294840E-15
0.868952  3.478760E-15
0.869184  3.322320E-15
0.869415  3.439380E-15
0.869647  3.435340E-15
0.869879  3.238770E-15
0.870111  3.397520E-15
0.870342  3.294110E-15
0.870574  3.383210E-15
0.870806  3.265600E-15
0.871038  3.358630E-15
0.871269  3.328880E-15
0.871501  3.241290E-15
0.871733  3.385630E-15
0.871965  3.484390E-15
0.872196  3.441430E-15
0.872428  3.427260E-15
0.87266  3.391350E-15
0.872891  3.435760E-15
0.873123  3.572850E-15
0.873355  3.432920E-15
0.873586  3.448210E-15
0.873818  3.418390E-15
0.87405  3.511840E-15
0.874281  3.369920E-15
0.874513  3.514970E-15
0.874745  3.300850E-15
0.874976  3.470590E-15
0.875208  3.374020E-15
0.87544  3.368220E-15
0.875671  3.424670E-15
0.875903  3.498100E-15
0.876135  3.647870E-15
0.876366  3.127740E-15
0.876598  3.261950E-15
0.876829  3.336250E-15
0.877061  3.259800E-15
0.877293  3.357000E-15
0.877524  3.202620E-15
0.877756  3.306130E-15
0.877987  3.178600E-15
0.878219  3.342260E-15
0.87845  3.085720E-15
0.878682  3.027550E-15
0.878914  3.159000E-15
0.879145  3.198620E-15
0.879377  3.127030E-15
0.879608  3.085170E-15
0.87984  3.011730E-15
0.880071  3.172860E-15
0.880303  2.872720E-15
0.880534  2.849470E-15
0.880766  2.913390E-15
0.880997  2.926410E-15
0.881229  2.730380E-15
0.88146  2.797310E-15
0.881692  2.890660E-15
0.881923  2.803560E-15
0.882155  2.871750E-15
0.882386  2.911050E-15
0.882618  2.959700E-15
0.882849  3.019630E-15
0.883081  3.084280E-15
0.883312  2.958190E-15
0.883543  3.165180E-15
0.883775  3.023620E-15
0.884006  3.042840E-15
0.884238  3.019050E-15
0.884469  3.081640E-15
0.884701  2.918460E-15
0.884932  2.855770E-15
0.885163  2.997800E-15
0.885395  2.947270E-15
0.885626  3.051370E-15
0.885858  2.873680E-15
0.886089  3.010920E-15
0.88632  2.918290E-15
0.886552  2.985710E-15
0.886783  2.976550E-15
0.887015  2.978150E-15
0.887246  2.806940E-15
0.887477  3.021630E-15
0.887709  2.989930E-15
0.88794  2.889090E-15
0.888171  3.022770E-15
0.888403  2.952670E-15
0.888634  2.912740E-15
0.888865  3.003990E-15
0.889097  2.755340E-15
0.889328  2.939930E-15
0.889559  2.821650E-15
0.889791  2.844160E-15
0.890022  2.846640E-15
0.890253  2.874010E-15
0.890485  2.684180E-15
0.890716  2.893630E-15
0.890947  2.818140E-15
0.891178  2.829390E-15
0.89141  2.875420E-15
0.891641  2.925610E-15
0.891872  2.890190E-15
0.892104  2.648860E-15
0.892335  2.693310E-15
0.892566  2.792550E-15
0.892797  2.796790E-15
0.893029  2.587960E-15
0.89326  2.607350E-15
0.893491  2.772690E-15
0.893722  2.624310E-15
0.893954  2.806300E-15
0.894185  2.742520E-15
0.894416  2.772110E-15
0.894647  2.688320E-15
0.894878  2.653680E-15
0.89511  2.640190E-15
0.895341  2.584270E-15
0.895572  2.739180E-15
0.895803  2.710970E-15
0.896034  2.518210E-15
0.896266  2.570600E-15
0.896497  2.573070E-15
0.896728  2.561440E-15
0.896959  2.632580E-15
0.89719  2.632130E-15
0.897421  2.581690E-15
0.897653  2.775800E-15
0.897884  2.713610E-15
0.898115  2.720400E-15
0.898346  2.774310E-15
0.898577  2.629920E-15
0.898808  2.799750E-15
0.899039  2.673880E-15
0.899271  2.593800E-15
0.899502  2.855990E-15
0.899733  2.796610E-15
0.899964  2.667910E-15
0.900195  2.626560E-15
0.900426  2.892920E-15
0.900657  2.775470E-15
0.900888  2.499210E-15
0.901119  2.558120E-15
0.901351  2.624760E-15
0.901582  2.427600E-15
0.901813  2.592930E-15
0.902044  2.637070E-15
0.902275  2.709630E-15
0.902506  2.407560E-15
0.902737  2.719020E-15
0.902968  2.784690E-15
0.903199  2.845230E-15
0.90343  2.725820E-15
0.903661  2.807430E-15
0.903892  2.768980E-15
0.904123  2.697890E-15
0.904354  2.506440E-15
0.904585  2.730860E-15
0.904816  2.631860E-15
0.905047  2.535790E-15
0.905279  2.665930E-15
0.90551  2.746220E-15
0.90574  2.713740E-15
0.905972  2.598550E-15
0.906203  2.573770E-15
0.906434  2.748930E-15
0.906665  2.537750E-15
0.906896  2.639050E-15
0.907127  2.544220E-15
0.907358  2.605340E-15
0.907588  2.670060E-15
0.907819  2.678940E-15
0.90805  2.711960E-15
0.908281  2.611960E-15
0.908512  2.646830E-15
0.908743  2.560390E-15
0.908974  2.487550E-15
0.909205  2.580380E-15
0.909436  2.713770E-15
0.909667  2.797890E-15
0.909898  2.514050E-15
0.910129  2.500010E-15
0.91036  2.443970E-15
0.910591  2.554780E-15
0.910822  2.512920E-15
0.911053  2.611100E-15
0.911284  2.574510E-15
0.911515  2.815030E-15
0.911745  2.618320E-15
0.911976  2.573670E-15
0.912207  2.492340E-15
0.912438  2.433250E-15
0.912669  2.659060E-15
0.9129  2.674450E-15
0.913131  2.540640E-15
0.913362  2.647830E-15
0.913593  2.586520E-15
0.913824  2.804120E-15
0.914054  2.646100E-15
0.914285  2.593810E-15
0.914516  2.497340E-15
0.914747  2.443060E-15
0.914978  2.403910E-15
0.915209  2.424350E-15
0.91544  2.359360E-15
0.915671  2.379400E-15
0.915901  2.509320E-15
0.916132  2.559110E-15
0.916363  2.564520E-15
0.916594  2.605700E-15
0.916825  2.644720E-15
0.917056  2.662210E-15
0.917286  2.439270E-15
0.917517  2.441130E-15
0.917748  2.617650E-15
0.917979  2.597280E-15
0.91821  2.500080E-15
0.91844  2.478450E-15
0.918671  2.451920E-15
0.918902  2.594350E-15
0.919133  2.600480E-15
0.919364  2.644470E-15
0.919594  2.725490E-15
0.919825  2.658280E-15
0.920056  2.480300E-15
0.920287  2.609780E-15
0.920518  2.628260E-15
0.920748  2.616910E-15
0.920979  2.474620E-15
0.92121  2.593660E-15
0.921441  2.602300E-15
0.921672  2.508630E-15
0.921902  2.428570E-15
0.922133  2.507130E-15
0.922364  2.488420E-15
0.922595  2.489440E-15
0.922825  2.599210E-15
0.923056  2.419110E-15
0.923287  2.619230E-15
0.923518  2.615580E-15
0.923748  2.562720E-15
0.923979  2.609840E-15
0.92421  2.453570E-15
0.92444  2.564550E-15
0.924671  2.475620E-15
0.924902  2.722360E-15
0.925133  2.684000E-15
0.925363  2.599000E-15
0.925594  2.525410E-15
0.925825  2.604180E-15
0.926055  2.511450E-15
0.926286  2.506730E-15
0.926517  2.623120E-15
0.926748  2.649160E-15
0.926978  2.532790E-15
0.927209  2.641410E-15
0.92744  2.612540E-15
0.92767  2.545050E-15
0.927901  2.633530E-15
0.928132  2.598580E-15
0.928362  2.555050E-15
0.928593  2.681680E-15
0.928824  2.466040E-15
0.929054  2.606050E-15
0.929285  2.493850E-15
0.929516  2.448780E-15
0.929746  2.454750E-15
0.929977  2.403670E-15
0.930208  2.708460E-15
0.930438  2.487240E-15
0.930669  2.623080E-15
0.9309  2.555490E-15
0.93113  2.469830E-15
0.931361  2.427560E-15
0.931592  2.324820E-15
0.931822  2.582930E-15
0.932053  2.477600E-15
0.932284  2.600930E-15
0.932514  2.511660E-15
0.932745  2.614630E-15
0.932975  2.630890E-15
0.933206  2.598400E-15
0.933437  2.630710E-15
0.933667  2.929740E-15
0.933898  2.408460E-15
0.934128  2.718640E-15
0.934359  2.938780E-15
0.93459  2.626870E-15
0.93482  2.763670E-15
0.935051  2.897650E-15
0.935282  3.017900E-15
0.935512  3.087060E-15
0.935743  2.998210E-15
0.935973  2.858970E-15
0.936204  2.855130E-15
0.936434  2.963120E-15
0.936665  2.650540E-15
0.936896  2.653740E-15
0.937126  2.716230E-15
0.937357  2.623010E-15
0.937587  2.464920E-15
0.937818  2.664980E-15
0.938048  2.806210E-15
0.938279  2.806050E-15
0.93851  2.477300E-15
0.93874  2.550350E-15
0.938971  2.677330E-15
0.939201  2.815280E-15
0.939432  2.994790E-15
0.939461  2.901920E-15
0.939733  2.886330E-15
0.940005  2.797340E-15
0.940277  2.887380E-15
0.940548  2.852580E-15
0.94082  2.764350E-15
0.941092  2.859370E-15
0.941363  2.817040E-15
0.941635  2.808980E-15
0.941907  2.801370E-15
0.942178  2.896390E-15
0.94245  2.830310E-15
0.942722  2.722630E-15
0.942993  2.705060E-15
0.943265  2.758920E-15
0.943536  2.863130E-15
0.943808  2.782240E-15
0.94408  2.710580E-15
0.944351  2.767310E-15
0.944623  2.684360E-15
0.944894  2.678590E-15
0.945166  2.658420E-15
0.945438  2.578930E-15
0.945709  2.693270E-15
0.945981  2.786350E-15
0.946252  2.742120E-15
0.946524  2.657040E-15
0.946795  2.629720E-15
0.947067  2.608820E-15
0.947338  2.715530E-15
0.94761  2.799100E-15
0.947881  2.673890E-15
0.948153  2.777090E-15
0.948424  2.747980E-15
0.948696  2.552250E-15
0.948967  2.733940E-15
0.949239  2.750590E-15
0.94951  2.766980E-15
0.949781  2.623000E-15
0.950053  2.766030E-15
0.950324  2.565090E-15
0.950596  2.576710E-15
0.950867  2.681090E-15
0.951138  2.601960E-15
0.95141  2.662580E-15
0.951681  2.602110E-15
0.951953  2.681810E-15
0.952224  2.829180E-15
0.952495  2.612430E-15
0.952767  2.617180E-15
0.953038  2.797480E-15
0.953309  2.740340E-15
0.953581  2.713780E-15
0.953852  2.705800E-15
0.954123  2.623800E-15
0.954395  2.676990E-15
0.954666  2.697970E-15
0.954937  2.608930E-15
0.955208  2.625840E-15
0.95548  2.645280E-15
0.955751  2.672790E-15
0.956022  2.676530E-15
0.956294  2.716430E-15
0.956565  2.607550E-15
0.956836  2.755950E-15
0.957107  2.642350E-15
0.957378  2.739090E-15
0.95765  2.603640E-15
0.957921  2.581970E-15
0.958192  2.594840E-15
0.958463  2.593380E-15
0.958734  2.604880E-15
0.959006  2.541050E-15
0.959277  2.552000E-15
0.959548  2.525570E-15
0.959819  2.521510E-15
0.96009  2.471380E-15
0.960361  2.534240E-15
0.960632  2.512940E-15
0.960904  2.496790E-15
0.961175  2.415230E-15
0.961446  2.406490E-15
0.961717  2.498780E-15
0.961988  2.458520E-15
0.962259  2.456070E-15
0.96253  2.406660E-15
0.962801  2.493840E-15
0.963072  2.468720E-15
0.963343  2.399280E-15
0.963614  2.482660E-15
0.963885  2.366580E-15
0.964156  2.328760E-15
0.964427  2.463550E-15
0.964698  2.391160E-15
0.964969  2.431990E-15
0.96524  2.344820E-15
0.965511  2.360700E-15
0.965782  2.387930E-15
0.966053  2.445040E-15
0.966324  2.352960E-15
0.966595  2.363940E-15
0.966866  2.446580E-15
0.967137  2.455990E-15
0.967408  2.487100E-15
0.967679  2.374460E-15
0.96795  2.487520E-15
0.968221  2.383900E-15
0.968492  2.436950E-15
0.968763  2.334080E-15
0.969034  2.349150E-15
0.969305  2.409540E-15
0.969575  2.464190E-15
0.969846  2.371140E-15
0.970117  2.420090E-15
0.970388  2.341370E-15
0.970659  2.386090E-15
0.97093  2.458700E-15
0.971201  2.348680E-15
0.971471  2.367770E-15
0.971742  2.379990E-15
0.972013  2.388890E-15
0.972284  2.390540E-15
0.972555  2.373600E-15
0.972826  2.419970E-15
0.973096  2.334910E-15
0.973367  2.429160E-15
0.973638  2.359960E-15
0.973909  2.329390E-15
0.974179  2.329910E-15
0.97445  2.305600E-15
0.974721  2.434750E-15
0.974992  2.407060E-15
0.975262  2.336440E-15
0.975533  2.390360E-15
0.975804  2.449490E-15
0.976075  2.405040E-15
0.976345  2.454160E-15
0.976616  2.401130E-15
0.976887  2.424450E-15
0.977157  2.428350E-15
0.977428  2.476910E-15
0.977699  2.524390E-15
0.977969  2.440010E-15
0.97824  2.336100E-15
0.978511  2.465120E-15
0.978781  2.402570E-15
0.979052  2.525780E-15
0.979323  2.533000E-15
0.979593  2.458710E-15
0.979864  2.472730E-15
0.980135  2.521730E-15
0.980405  2.504560E-15
0.980676  2.647790E-15
0.980946  2.646410E-15
0.981217  2.614580E-15
0.981488  2.815040E-15
0.981758  2.864090E-15
0.982029  2.885270E-15
0.982299  2.975370E-15
0.98257  3.178480E-15
0.98284  3.488760E-15
0.983111  3.650630E-15
0.983381  3.653460E-15
0.983652  3.418380E-15
0.983923  3.271540E-15
0.984193  2.908590E-15
0.984464  2.673440E-15
0.984734  2.509080E-15
0.985005  2.524500E-15
0.985275  2.502640E-15
0.985546  2.476200E-15
0.985816  2.499620E-15
0.986086  2.357300E-15
0.986357  2.493290E-15
0.986627  2.408310E-15
0.986898  2.455870E-15
0.987168  2.444860E-15
0.987439  2.400460E-15
0.987709  2.459560E-15
0.98798  2.518800E-15
0.98825  2.494010E-15
0.98852  2.489300E-15
0.988791  2.467780E-15
0.989061  2.503400E-15
0.989332  2.475110E-15
0.989602  2.406800E-15
0.989872  2.423120E-15
0.990143  2.386190E-15
0.990413  2.375870E-15
0.990683  2.413970E-15
0.990954  2.372350E-15
0.991224  2.318430E-15
0.991495  2.360960E-15
0.991765  2.290760E-15
0.992035  2.325110E-15
0.992306  2.314040E-15
0.992576  2.371890E-15
0.992846  2.360860E-15
0.993116  2.284540E-15
0.993387  2.281730E-15
0.993657  2.263950E-15
0.993927  2.351420E-15
0.994198  2.300740E-15
0.994468  2.316300E-15
0.994738  2.281120E-15
0.995008  2.282360E-15
0.995279  2.249210E-15
0.995549  2.297630E-15
0.995819  2.284560E-15
0.996089  2.174410E-15
0.99636  2.228410E-15
0.99663  2.278060E-15
0.9969  2.220750E-15
0.99717  2.202470E-15
0.997441  2.152540E-15
0.997711  2.183920E-15
0.997981  2.213420E-15
0.998251  2.183340E-15
0.998521  2.202990E-15
0.998792  2.179540E-15
0.999062  2.144760E-15
0.999332  2.207680E-15
0.999602  2.236620E-15
0.999872  2.269360E-15
1.00014  2.232500E-15
1.00041  2.140050E-15
1.00068  2.205020E-15
1.00095  2.211310E-15
1.00122  2.181130E-15
1.00149  2.172210E-15
1.00176  2.183990E-15
1.00203  2.168650E-15
1.0023  2.171050E-15
1.00257  2.197930E-15
1.00284  2.154450E-15
1.00311  2.245530E-15
1.00338  2.223160E-15
1.00365  2.138930E-15
1.00392  2.125210E-15
1.00419  2.181120E-15
1.00446  2.104820E-15
1.00473  2.253210E-15
1.005  2.132500E-15
1.00527  2.133100E-15
1.00554  2.112180E-15
1.00581  2.063820E-15
1.00608  2.071770E-15
1.00635  2.160750E-15
1.00662  2.198940E-15
1.00689  2.202130E-15
1.00716  2.106270E-15
1.00743  2.180790E-15
1.0077  2.131440E-15
1.00797  2.163220E-15
1.00824  2.110220E-15
1.00851  2.136730E-15
1.00878  2.162500E-15
1.00905  2.186320E-15
1.00932  2.152300E-15
1.00959  2.166200E-15
1.00986  2.108900E-15
1.01013  2.110880E-15
1.0104  2.182230E-15
1.01067  2.151010E-15
1.01094  2.187160E-15
1.01121  2.176550E-15
1.01148  2.208640E-15
1.01175  2.220700E-15
1.01202  2.212280E-15
1.01229  2.188080E-15
1.01256  2.231230E-15
1.01283  2.182270E-15
1.0131  2.209520E-15
1.01337  2.236730E-15
1.01364  2.148630E-15
1.01391  2.230500E-15
1.01418  2.289080E-15
1.01445  2.185400E-15
1.01472  2.230950E-15
1.01499  2.197750E-15
1.01526  2.248770E-15
1.01553  2.189160E-15
1.0158  2.243680E-15
1.01607  2.340390E-15
1.01634  2.285540E-15
1.01661  2.313880E-15
1.01688  2.289730E-15
1.01715  2.307970E-15
1.01742  2.324960E-15
1.01769  2.246430E-15
1.01796  2.273610E-15
1.01823  2.212730E-15
1.0185  2.295420E-15
1.01877  2.243020E-15
1.01904  2.247170E-15
1.01931  2.345340E-15
1.01958  2.254190E-15
1.01985  2.297670E-15
1.02012  2.364980E-15
1.02039  2.267360E-15
1.02066  2.388520E-15
1.02093  2.274120E-15
1.0212  2.334850E-15
1.02147  2.402230E-15
1.02174  2.430370E-15
1.02201  2.390390E-15
1.02228  2.417720E-15
1.02255  2.395040E-15
1.02281  2.419960E-15
1.02308  2.402030E-15
1.02335  2.413050E-15
1.02362  2.307830E-15
1.02389  2.312540E-15
1.02416  2.461930E-15
1.02443  2.368060E-15
1.0247  2.314690E-15
1.02497  2.416440E-15
1.02524  2.373270E-15
1.02551  2.381600E-15
1.02578  2.489070E-15
1.02605  2.427480E-15
1.02632  2.409750E-15
1.02659  2.410440E-15
1.02686  2.414690E-15
1.02713  2.350310E-15
1.0274  2.391070E-15
1.02767  2.462950E-15
1.02794  2.455170E-15
1.02821  2.461670E-15
1.02848  2.465380E-15
1.02875  2.514040E-15
1.02902  2.453150E-15
1.02929  2.419010E-15
1.02956  2.498300E-15
1.02983  2.476190E-15
1.03009  2.466760E-15
1.03036  2.476220E-15
1.03063  2.505700E-15
1.0309  2.574850E-15
1.03117  2.532210E-15
1.03144  2.505300E-15
1.03171  2.471880E-15
1.03198  2.542020E-15
1.03225  2.512420E-15
1.03252  2.580310E-15
1.03279  2.541740E-15
1.03306  2.561570E-15
1.03333  2.592390E-15
1.0336  2.556460E-15
1.03387  2.562160E-15
1.03414  2.519950E-15
1.03441  2.571470E-15
1.03468  2.524130E-15
1.03495  2.554020E-15
1.03522  2.536700E-15
1.03549  2.525160E-15
1.03575  2.581010E-15
1.03602  2.555170E-15
1.03629  2.572320E-15
1.03656  2.595700E-15
1.03683  2.558740E-15
1.0371  2.582110E-15
1.03737  2.560020E-15
1.03764  2.584280E-15
1.03791  2.536600E-15
1.03818  2.510020E-15
1.03845  2.486590E-15
1.03872  2.525020E-15
1.03899  2.505550E-15
1.03926  2.522130E-15
1.03953  2.518480E-15
1.0398  2.507020E-15
1.04007  2.540180E-15
1.04033  2.485590E-15
1.0406  2.481400E-15
1.04087  2.514870E-15
1.04114  2.489550E-15
1.04141  2.607100E-15
1.04168  2.414620E-15
1.04195  2.504610E-15
1.04222  2.445790E-15
1.04249  2.461970E-15
1.04276  2.448820E-15
1.04303  2.416010E-15
1.0433  2.463510E-15
1.04357  2.443580E-15
1.04384  2.415550E-15
1.04411  2.410290E-15
1.04438  2.431140E-15
1.04464  2.457560E-15
1.04491  2.420350E-15
1.04518  2.326290E-15
1.04545  2.340900E-15
1.04572  2.301420E-15
1.04599  2.293500E-15
1.04626  2.283730E-15
1.04653  2.281760E-15
1.0468  2.285070E-15
1.04707  2.232700E-15
1.04734  2.216490E-15
1.04761  2.235820E-15
1.04788  2.233690E-15
1.04815  2.273340E-15
1.04841  2.270170E-15
1.04868  2.213220E-15
1.04895  2.192250E-15
1.04922  2.234760E-15
1.04949  2.187010E-15
1.04976  2.209070E-15
1.05003  2.196980E-15
1.0503  2.149470E-15
1.05057  2.200240E-15
1.05084  2.217820E-15
1.05111  2.295240E-15
1.05138  2.178020E-15
1.05165  2.135570E-15
1.05191  2.164420E-15
1.05218  2.233790E-15
1.05245  2.038490E-15
1.05272  2.205640E-15
1.05299  2.194040E-15
1.05326  2.168010E-15
1.05353  2.235850E-15
1.0538  2.134610E-15
1.05407  2.108490E-15
1.05434  2.192170E-15
1.05461  2.144640E-15
1.05488  2.122270E-15
1.05514  2.178390E-15
1.05541  2.186550E-15
1.05568  2.066410E-15
1.05595  2.059220E-15
1.05622  2.110360E-15
1.05649  2.092370E-15
1.05676  2.068970E-15
1.05703  2.150730E-15
1.0573  2.070210E-15
1.05757  2.040950E-15
1.05784  2.091970E-15
1.05811  2.166460E-15
1.05837  2.170790E-15
1.05864  2.089620E-15
1.05891  2.124490E-15
1.05918  2.116360E-15
1.05945  2.161340E-15
1.05972  2.137860E-15
1.05999  2.102230E-15
1.06026  2.167540E-15
1.06053  2.202280E-15
1.0608  2.114590E-15
1.06107  2.103390E-15
1.06133  2.133740E-15
1.0616  2.142550E-15
1.06187  2.078550E-15
1.06214  2.080690E-15
1.06241  2.056280E-15
1.06268  2.065870E-15
1.06295  1.997130E-15
1.06322  2.059380E-15
1.06349  2.072740E-15
1.06376  2.012800E-15
1.06403  2.032330E-15
1.06429  2.155780E-15
1.06456  2.108670E-15
1.06483  2.072230E-15
1.0651  2.037560E-15
1.06537  2.100920E-15
1.06564  1.984240E-15
1.06591  2.001890E-15
1.06618  2.055660E-15
1.06645  2.014580E-15
1.06672  2.022840E-15
1.06698  2.145180E-15
1.06725  2.094400E-15
1.06752  1.994960E-15
1.06779  2.083590E-15
1.06806  2.039820E-15
1.06833  2.078280E-15
1.0686  2.051100E-15
1.06887  2.055080E-15
1.06914  2.100720E-15
1.06941  2.032650E-15
1.06967  2.061650E-15
1.06994  2.120050E-15
1.07021  2.010720E-15
1.07048  1.975920E-15
1.07075  2.020230E-15
1.07102  2.058860E-15
1.07129  2.017460E-15
1.07156  2.132540E-15
1.07183  2.043120E-15
1.0721  2.074110E-15
1.07236  2.054190E-15
1.07263  2.169900E-15
1.0729  2.112590E-15
1.07317  2.102960E-15
1.07344  2.129010E-15
1.07371  2.115500E-15
1.07398  2.137750E-15
1.07425  2.151810E-15
1.07452  2.067550E-15
1.07478  2.153720E-15
1.07505  2.024950E-15
1.07532  2.079880E-15
1.07559  2.051010E-15
1.07586  2.094270E-15
1.07613  2.053610E-15
1.0764  2.052210E-15
1.07667  2.078750E-15
1.07694  2.125770E-15
1.0772  2.034360E-15
1.07747  2.022900E-15
1.07774  2.162070E-15
1.07801  2.044710E-15
1.07828  1.941360E-15
1.07855  2.072990E-15
1.07882  1.932500E-15
1.07909  2.004130E-15
1.07936  2.138020E-15
1.07962  2.043190E-15
1.07989  2.125330E-15
1.08016  2.189610E-15
1.08043  2.023020E-15
1.0807  2.044990E-15
1.08097  2.088300E-15
1.08124  2.037700E-15
1.08151  2.056160E-15
1.08178  2.024010E-15
1.08204  2.109300E-15
1.08231  2.129240E-15
1.08258  2.170920E-15
1.08285  2.093530E-15
1.08312  2.081190E-15
1.08339  2.066830E-15
1.08366  2.063330E-15
1.08393  2.064480E-15
1.0842  2.048820E-15
1.08446  2.179010E-15
1.08473  2.100610E-15
1.085  2.020590E-15
1.08527  2.077030E-15
1.08554  2.116380E-15
1.08581  2.165600E-15
1.08608  2.109230E-15
1.08635  2.130410E-15
1.08661  2.137720E-15
1.08688  2.114590E-15
1.08715  2.136410E-15
1.08742  2.146360E-15
1.08769  2.080140E-15
1.08796  2.140150E-15
1.08823  2.179600E-15
1.0885  2.124530E-15
1.08876  2.139460E-15
1.08903  2.108790E-15
1.0893  2.241150E-15
1.08957  2.122810E-15
1.08984  2.123240E-15
1.09011  2.054340E-15
1.09038  2.218910E-15
1.09065  2.155570E-15
1.09092  2.207000E-15
1.09118  2.075060E-15
1.09145  2.166480E-15
1.09172  2.244690E-15
1.09199  2.080600E-15
1.09226  2.151660E-15
1.09253  2.065190E-15
1.0928  2.077290E-15
1.09307  2.142730E-15
1.09333  2.197820E-15
1.0936  2.249320E-15
1.09387  2.130280E-15
1.09414  2.219170E-15
1.09441  2.150430E-15
1.09468  2.216460E-15
1.09495  2.324750E-15
1.09522  2.247970E-15
1.09548  2.138980E-15
1.09575  2.284570E-15
1.09602  2.212220E-15
1.09629  2.192130E-15
1.09656  2.126970E-15
1.09683  2.228510E-15
1.0971  2.288470E-15
1.09736  2.322120E-15
1.09763  2.287360E-15
1.0979  2.346580E-15
1.09817  2.314160E-15
1.09844  2.270050E-15
1.09871  2.232080E-15
1.09898  2.174780E-15
1.09925  2.295500E-15
1.09951  2.239410E-15
1.09978  2.332110E-15
1.10005  2.303170E-15
1.10032  2.279450E-15
1.10059  2.347400E-15
1.10086  2.322700E-15
1.10113  2.248030E-15
1.1014  2.273150E-15
1.10166  2.371740E-15
1.10193  2.337560E-15
1.1022  2.340690E-15
1.10247  2.414290E-15
1.10274  2.388840E-15
1.10301  2.423000E-15
1.10328  2.408410E-15
1.10354  2.436480E-15
1.10381  2.546510E-15
1.10408  2.460010E-15
1.10435  2.526290E-15
1.10462  2.552360E-15
1.10489  2.541160E-15
1.10516  2.638690E-15
1.10543  2.682740E-15
1.10569  2.584420E-15
1.10596  2.610780E-15
1.10623  2.718510E-15
1.1065  2.673720E-15
1.10677  2.764010E-15
1.10704  2.687340E-15
1.10731  2.702380E-15
1.10757  2.677770E-15
1.10784  2.736890E-15
1.10811  2.745910E-15
1.10838  2.679500E-15
1.10865  2.553040E-15
1.10892  2.724890E-15
1.10919  2.693190E-15
1.10945  2.732480E-15
1.10972  2.777980E-15
1.10999  2.866830E-15
1.11026  2.724170E-15
1.11053  2.833870E-15
1.1108  2.896840E-15
1.11107  3.013800E-15
1.11134  3.024710E-15
1.1116  2.974300E-15
1.11187  2.845770E-15
1.11214  3.032540E-15
1.11241  3.092200E-15
1.11268  3.072820E-15
1.11295  3.117700E-15
1.11322  3.210710E-15
1.11348  3.262190E-15
1.11375  3.363950E-15
1.11402  3.330130E-15
1.11429  3.492820E-15
1.11456  3.593860E-15
1.11483  3.443170E-15
1.1151  3.507250E-15
1.11536  3.649020E-15
1.11563  3.822680E-15
1.1159  3.863060E-15
1.11617  3.773550E-15
1.11644  3.891920E-15
1.11671  4.379440E-15
1.11698  4.224220E-15
1.11724  4.727800E-15
1.11751  4.647230E-15
1.11778  4.375440E-15
1.11805  4.292740E-15
1.11832  4.175590E-15
1.11859  3.900020E-15
1.11886  3.651460E-15
1.11912  3.531990E-15
1.11939  3.559740E-15
1.11966  3.419080E-15
1.11993  3.514750E-15
1.1202  3.341320E-15
1.12047  3.469950E-15
1.12074  3.307250E-15
1.121  3.394850E-15
1.12127  3.340870E-15
1.12154  3.384730E-15
1.12181  3.311450E-15
1.12208  3.235430E-15
1.12235  3.170580E-15
1.12262  3.029640E-15
1.12288  3.197370E-15
1.12315  2.917610E-15
1.12342  3.133910E-15
1.12369  3.128520E-15
1.12396  3.167720E-15
1.12423  3.083740E-15
1.1245  3.316770E-15
1.12476  3.078460E-15
1.12503  3.003780E-15
1.1253  2.874640E-15
1.12557  2.896730E-15
1.12584  3.023470E-15
1.12611  2.768360E-15
1.12638  2.905210E-15
1.12664  2.851160E-15
1.12691  2.953960E-15
1.12718  2.606230E-15
1.12745  2.824720E-15
1.12772  2.763030E-15
1.12799  2.832580E-15
1.12813  2.846030E-15
1.12846  2.826520E-15
1.12878  2.863070E-15
1.12911  2.800890E-15
1.12944  2.789390E-15
1.12976  2.724470E-15
1.13009  2.678940E-15
1.13041  2.705200E-15
1.13074  2.703790E-15
1.13106  2.623010E-15
1.13139  2.635010E-15
1.13171  2.589730E-15
1.13204  2.592840E-15
1.13236  2.561740E-15
1.13269  2.512120E-15
1.13301  2.545040E-15
1.13334  2.509210E-15
1.13366  2.498150E-15
1.13399  2.399040E-15
1.13432  2.475110E-15
1.13464  2.363280E-15
1.13497  2.441450E-15
1.13529  2.518200E-15
1.13562  2.509610E-15
1.13594  2.408960E-15
1.13627  2.361830E-15
1.13659  2.345800E-15
1.13692  2.380680E-15
1.13724  2.352030E-15
1.13757  2.285490E-15
1.13789  2.268550E-15
1.13822  2.307720E-15
1.13854  2.258840E-15
1.13887  2.236900E-15
1.13919  2.235010E-15
1.13952  2.213530E-15
1.13984  2.164040E-15
1.14017  2.162980E-15
1.14049  2.163830E-15
1.14082  2.112640E-15
1.14114  2.187260E-15
1.14147  2.192510E-15
1.14179  2.228410E-15
1.14212  2.160090E-15
1.14244  2.135920E-15
1.14277  2.120360E-15
1.14309  2.153080E-15
1.14342  2.102400E-15
1.14374  2.057300E-15
1.14407  2.092780E-15
1.14439  2.108210E-15
1.14472  2.059840E-15
1.14504  2.102350E-15
1.14537  2.092920E-15
1.14569  2.158260E-15
1.14602  2.107090E-15
1.14634  2.068110E-15
1.14667  2.044270E-15
1.14699  2.085330E-15
1.14732  2.093400E-15
1.14764  2.092530E-15
1.14797  2.069600E-15
1.14829  2.087410E-15
1.14862  2.111050E-15
1.14894  2.072680E-15
1.14927  2.048500E-15
1.14959  2.090800E-15
1.14992  2.086950E-15
1.15024  2.054040E-15
1.15057  2.091240E-15
1.15089  2.113680E-15
1.15122  2.064150E-15
1.15154  2.133990E-15
1.15187  2.038990E-15
1.15219  2.103850E-15
1.15252  2.104180E-15
1.15284  2.077830E-15
1.15317  2.107350E-15
1.15349  2.132710E-15
1.15382  2.060970E-15
1.15414  2.115000E-15
1.15447  2.080880E-15
1.15479  2.081620E-15
1.15512  2.114450E-15
1.15544  2.107330E-15
1.15576  2.113200E-15
1.15609  2.127450E-15
1.15641  2.150650E-15
1.15674  2.116760E-15
1.15706  2.081480E-15
1.15739  2.076820E-15
1.15771  2.104030E-15
1.15804  2.090060E-15
1.15836  2.124090E-15
1.15869  2.084450E-15
1.15901  2.091420E-15
1.15934  2.117130E-15
1.15966  2.085610E-15
1.15999  2.119420E-15
1.16031  2.114780E-15
1.16063  2.090190E-15
1.16096  2.116120E-15
1.16128  2.130360E-15
1.16161  2.093160E-15
1.16193  2.107180E-15
1.16226  2.162590E-15
1.16258  2.161670E-15
1.16291  2.162110E-15
1.16323  2.151290E-15
1.16356  2.157450E-15
1.16388  2.132740E-15
1.1642  2.130870E-15
1.16453  2.156760E-15
1.16485  2.145340E-15
1.16518  2.155770E-15
1.1655  2.151590E-15
1.16583  2.147190E-15
1.16615  2.143120E-15
1.16648  2.158670E-15
1.1668  2.161920E-15
1.16713  2.175470E-15
1.16745  2.141570E-15
1.16777  2.156080E-15
1.1681  2.138700E-15
1.16842  2.185420E-15
1.16875  2.136650E-15
1.16907  2.115360E-15
1.1694  2.151720E-15
1.16972  2.127970E-15
1.17005  2.131100E-15
1.17037  2.133260E-15
1.17069  2.132760E-15
1.17102  2.123580E-15
1.17134  2.133900E-15
1.17167  2.180720E-15
1.17199  2.114560E-15
1.17232  2.092030E-15
1.17264  2.078260E-15
1.17296  2.071420E-15
1.17329  2.048330E-15
1.17361  2.042020E-15
1.17394  2.019000E-15
1.17426  2.013060E-15
1.17459  2.039750E-15
1.17491  2.007320E-15
1.17523  2.047730E-15
1.17556  2.030520E-15
1.17588  2.015140E-15
1.17621  2.004620E-15
1.17653  1.966310E-15
1.17686  1.987040E-15
1.17718  1.970540E-15
1.1775  1.970530E-15
1.17783  1.986730E-15
1.17815  1.982480E-15
1.17848  2.044130E-15
1.1788  2.051230E-15
1.17913  2.000720E-15
1.17945  2.025930E-15
1.17977  2.000350E-15
1.1801  2.042910E-15
1.18042  1.975470E-15
1.18075  2.042650E-15
1.18107  1.986450E-15
1.18139  2.028340E-15
1.18172  1.990500E-15
1.18204  1.964760E-15
1.18237  2.001780E-15
1.18269  2.014750E-15
1.18301  2.008880E-15
1.18334  2.032190E-15
1.18366  1.997920E-15
1.18399  1.998150E-15
1.18431  1.982470E-15
1.18464  1.998350E-15
1.18496  1.968160E-15
1.18528  1.993590E-15
1.18561  1.973820E-15
1.18593  1.969210E-15
1.18626  1.970070E-15
1.18658  1.991530E-15
1.1869  1.941020E-15
1.18723  2.010450E-15
1.18755  1.968990E-15
1.18788  2.002080E-15
1.1882  2.023260E-15
1.18852  2.024510E-15
1.18885  1.940950E-15
1.18917  2.005320E-15
1.1895  1.978170E-15
1.18982  1.917680E-15
1.19014  1.979050E-15
1.19047  1.969780E-15
1.19079  1.935780E-15
1.19112  1.946170E-15
1.19144  1.946490E-15
1.19176  1.981010E-15
1.19209  1.949950E-15
1.19241  1.967930E-15
1.19273  1.960360E-15
1.19306  1.975480E-15
1.19338  1.966120E-15
1.19371  1.970850E-15
1.19403  1.985780E-15
1.19435  1.972910E-15
1.19468  1.978780E-15
1.195  1.962260E-15
1.19533  1.958910E-15
1.19565  1.969220E-15
1.19597  1.946620E-15
1.1963  1.930710E-15
1.19662  1.974240E-15
1.19695  1.943450E-15
1.19727  1.981250E-15
1.19759  1.967460E-15
1.19792  1.956300E-15
1.19824  1.922830E-15
1.19856  1.991220E-15
1.19889  1.990510E-15
1.19921  1.970380E-15
1.19954  1.995090E-15
1.19986  1.977890E-15
1.20018  1.990210E-15
1.20051  1.979430E-15
1.20083  1.996070E-15
1.20115  1.997230E-15
1.20148  1.956500E-15
1.2018  1.917700E-15
1.20213  1.957180E-15
1.20245  1.959530E-15
1.20277  1.981810E-15
1.2031  1.942160E-15
1.20342  1.946530E-15
1.20374  1.946790E-15
1.20407  1.974880E-15
1.20439  1.953690E-15
1.20472  1.960510E-15
1.20504  1.958500E-15
1.20536  1.895060E-15
1.20569  1.956930E-15
1.20601  1.958280E-15
1.20633  1.995370E-15
1.20666  1.952070E-15
1.20698  2.011570E-15
1.2073  1.968030E-15
1.20763  1.997100E-15
1.20795  2.007470E-15
1.20828  1.982300E-15
1.2086  1.945180E-15
1.20892  1.987890E-15
1.20925  1.927550E-15
1.20957  1.929600E-15
1.20989  2.007320E-15
1.21022  1.949460E-15
1.21054  1.987750E-15
1.21086  2.001520E-15
1.21119  1.956990E-15
1.21151  1.982070E-15
1.21183  1.988970E-15
1.21216  1.943730E-15
1.21248  1.961860E-15
1.2128  2.002060E-15
1.21313  1.981640E-15
1.21345  1.996490E-15
1.21378  1.963610E-15
1.2141  1.931530E-15
1.21442  1.952510E-15
1.21475  1.908790E-15
1.21507  1.915500E-15
1.21539  1.967530E-15
1.21572  1.951030E-15
1.21604  1.917160E-15
1.21636  1.962800E-15
1.21669  1.946760E-15
1.21701  1.952610E-15
1.21733  1.938100E-15
1.21766  1.954380E-15
1.21798  1.970570E-15
1.2183  1.970120E-15
1.21863  1.974230E-15
1.21895  1.943200E-15
1.21927  1.982390E-15
1.2196  1.926740E-15
1.21992  1.944860E-15
1.22024  1.927290E-15
1.22057  1.934090E-15
1.22089  1.918410E-15
1.22121  1.916820E-15
1.22154  1.999610E-15
1.22186  1.966010E-15
1.22218  1.965610E-15
1.22251  1.989120E-15
1.22283  1.965740E-15
1.22315  1.940020E-15
1.22348  1.955270E-15
1.2238  1.998800E-15
1.22412  1.961530E-15
1.22445  1.975380E-15
1.22477  1.942000E-15
1.22509  1.982070E-15
1.22542  1.966840E-15
1.22574  1.981030E-15
1.22606  1.982430E-15
1.22639  2.013660E-15
1.22671  1.984310E-15
1.22703  1.959650E-15
1.22736  1.991800E-15
1.22768  1.968850E-15
1.228  1.947340E-15
1.22833  1.906270E-15
1.22865  1.943350E-15
1.22897  1.961530E-15
1.2293  1.986560E-15
1.22962  1.928850E-15
1.22994  1.941140E-15
1.23027  1.955760E-15
1.23059  1.924380E-15
1.23091  1.991740E-15
1.23124  1.947900E-15
1.23156  1.945440E-15
1.23188  1.946270E-15
1.23221  1.941450E-15
1.23253  1.960400E-15
1.23285  1.970790E-15
1.23318  1.952640E-15
1.2335  1.957260E-15
1.23382  1.949320E-15
1.23415  1.931610E-15
1.23447  1.922820E-15
1.23479  1.909030E-15
1.23511  1.899660E-15
1.23544  1.926510E-15
1.23576  1.938520E-15
1.23608  1.906400E-15
1.23641  1.929370E-15
1.23673  1.924270E-15
1.23705  1.929120E-15
1.23738  1.937600E-15
1.2377  1.934530E-15
1.23802  1.903440E-15
1.23835  1.907490E-15
1.23867  1.954130E-15
1.23899  1.938910E-15
1.23932  1.941920E-15
1.23964  1.982320E-15
1.23996  1.888560E-15
1.24028  1.891250E-15
1.24061  1.881170E-15
1.24093  1.934880E-15
1.24125  1.916780E-15
1.24158  1.924570E-15
1.2419  1.887440E-15
1.24222  1.941640E-15
1.24255  1.889980E-15
1.24287  1.976680E-15
1.24319  1.944280E-15
1.24351  1.929910E-15
1.24384  1.921600E-15
1.24416  1.923710E-15
1.24448  1.946580E-15
1.24481  1.948990E-15
1.24513  1.908980E-15
1.24545  1.951220E-15
1.24578  1.939420E-15
1.2461  1.904640E-15
1.24642  1.923180E-15
1.24674  1.917790E-15
1.24707  1.951560E-15
1.24739  1.948790E-15
1.24771  1.950500E-15
1.24804  1.954950E-15
1.24836  1.902520E-15
1.24868  1.940600E-15
1.24901  1.925280E-15
1.24933  1.903920E-15
1.24965  1.911690E-15
1.24997  1.931950E-15
1.2503  1.911640E-15
1.25062  1.922000E-15
1.25094  1.894510E-15
1.25127  1.941540E-15
1.25159  1.882230E-15
1.25191  1.904790E-15
1.25223  1.927570E-15
1.25256  1.980020E-15
1.25288  1.902120E-15
1.2532  1.927410E-15
1.25353  1.937870E-15
1.25385  1.932280E-15
1.25417  1.954910E-15
1.25449  1.914170E-15
1.25482  1.942360E-15
1.25514  1.945850E-15
1.25546  1.917150E-15
1.25579  1.951680E-15
1.25611  1.913990E-15
1.25643  1.941430E-15
1.25675  1.903100E-15
1.25708  1.912850E-15
1.2574  1.943770E-15
1.25772  1.941670E-15
1.25805  1.929780E-15
1.25837  1.915920E-15
1.25869  1.927180E-15
1.25901  1.906080E-15
1.25934  1.942190E-15
1.25966  1.930030E-15
1.25998  1.979290E-15
1.26031  1.929430E-15
1.26063  1.968940E-15
1.26095  1.906780E-15
1.26127  1.908270E-15
1.2616  1.906400E-15
1.26192  1.884090E-15
1.26224  1.942120E-15
1.26256  1.939920E-15
1.26289  1.927410E-15
1.26321  1.922870E-15
1.26353  1.940830E-15
1.26386  1.909100E-15
1.26418  1.891110E-15
1.2645  1.944280E-15
1.26482  1.904610E-15
1.26515  1.916720E-15
1.26547  1.887240E-15
1.26579  1.927530E-15
1.26611  1.870110E-15
1.26644  1.869640E-15
1.26676  1.907690E-15
1.26708  1.878010E-15
1.26741  1.925880E-15
1.26773  1.875190E-15
1.26805  1.877040E-15
1.26837  1.868640E-15
1.2687  1.898570E-15
1.26902  1.842300E-15
1.26934  1.893280E-15
1.26966  1.912510E-15
1.26999  1.896690E-15
1.27031  1.872670E-15
1.27063  1.955690E-15
1.27096  1.930530E-15
1.27128  1.918190E-15
1.2716  1.941490E-15
1.27192  1.907050E-15
1.27225  1.934370E-15
1.27257  1.877100E-15
1.27289  1.908680E-15
1.27321  1.949490E-15
1.27354  1.910100E-15
1.27386  1.933950E-15
1.27418  1.896930E-15
1.2745  1.852370E-15
1.27483  1.902310E-15
1.27515  1.926890E-15
1.27547  1.870220E-15
1.27579  1.900970E-15
1.27612  1.910860E-15
1.27644  1.929030E-15
1.27676  1.907340E-15
1.27708  1.882880E-15
1.27741  1.875860E-15
1.27773  1.930090E-15
1.27805  1.894620E-15
1.27838  1.920600E-15
1.2787  1.930320E-15
1.27902  1.963850E-15
1.27934  1.939480E-15
1.27967  1.923440E-15
1.27999  1.888320E-15
1.28031  1.927110E-15
1.28063  1.920260E-15
1.28096  1.941020E-15
1.28128  1.910510E-15
1.2816  1.910850E-15
1.28192  1.903090E-15
1.28225  1.906980E-15
1.28257  1.903510E-15
1.28289  1.911890E-15
1.28321  1.914570E-15
1.28354  1.935360E-15
1.28386  1.885530E-15
1.28418  1.919590E-15
1.2845  1.944530E-15
1.28483  1.972900E-15
1.28515  1.929300E-15
1.28547  1.939240E-15
1.28579  1.942460E-15
1.28612  1.908540E-15
1.28644  1.937710E-15
1.28676  1.950750E-15
1.28708  1.961880E-15
1.28741  1.950380E-15
1.28773  1.908380E-15
1.28805  1.966480E-15
1.28837  1.898190E-15
1.2887  1.985520E-15
1.28902  1.933110E-15
1.28934  1.951730E-15
1.28966  1.967240E-15
1.28999  1.941060E-15
1.29031  1.957100E-15
1.29063  1.982820E-15
1.29095  2.019920E-15
1.29128  1.984190E-15
1.2916  1.991030E-15
1.29192  1.975480E-15
1.29224  1.936680E-15
1.29256  1.960630E-15
1.29289  1.946620E-15
1.29321  1.968380E-15
1.29353  1.990340E-15
1.29385  1.980280E-15
1.29418  1.948110E-15
1.2945  1.974020E-15
1.29482  1.993820E-15
1.29514  1.971380E-15
1.29547  2.026600E-15
1.29579  1.998970E-15
1.29611  1.996390E-15
1.29643  2.032700E-15
1.29676  2.030550E-15
1.29708  2.065210E-15
1.2974  1.980490E-15
1.29772  2.012150E-15
1.29805  1.981850E-15
1.29837  1.993060E-15
1.29869  1.976890E-15
1.29901  1.991830E-15
1.29934  1.959570E-15
1.29966  1.991820E-15
1.29998  1.942540E-15
1.3003  1.981350E-15
1.30062  1.957790E-15
1.30095  1.987460E-15
1.30127  2.020370E-15
1.30159  1.992540E-15
1.30191  2.048480E-15
1.30224  1.984740E-15
1.30256  2.040840E-15
1.30288  1.960900E-15
1.3032  2.078970E-15
1.30353  2.039080E-15
1.30385  2.020030E-15
1.30417  2.091650E-15
1.30449  2.085890E-15
1.30481  2.097300E-15
1.30514  2.134720E-15
1.30546  2.112580E-15
1.30578  2.124100E-15
1.3061  2.156560E-15
1.30643  2.106540E-15
1.30675  2.143900E-15
1.30707  2.159310E-15
1.30739  2.125320E-15
1.30772  2.110940E-15
1.30804  2.105090E-15
1.30836  2.182040E-15
1.30868  2.207190E-15
1.309  2.140110E-15
1.30933  2.137330E-15
1.30965  2.170770E-15
1.30997  2.159580E-15
1.31029  2.213950E-15
1.31062  2.174550E-15
1.31094  2.146080E-15
1.31126  2.207240E-15
1.31158  2.221730E-15
1.31191  2.228600E-15
1.31223  2.175960E-15
1.31255  2.166400E-15
1.31287  2.217300E-15
1.31319  2.173310E-15
1.31352  2.277820E-15
1.31384  2.253580E-15
1.31416  2.284580E-15
1.31448  2.254810E-15
1.31481  2.222510E-15
1.31513  2.285430E-15
1.31545  2.296320E-15
1.31577  2.338700E-15
1.31609  2.350120E-15
1.31642  2.360580E-15
1.31674  2.368520E-15
1.31706  2.364530E-15
1.31738  2.380340E-15
1.31771  2.391000E-15
1.31803  2.358550E-15
1.31835  2.429340E-15
1.31867  2.385190E-15
1.31899  2.386160E-15
1.31932  2.385230E-15
1.31964  2.440640E-15
1.31996  2.449050E-15
1.32028  2.462110E-15
1.32061  2.327360E-15
1.32093  2.414880E-15
1.32125  2.384140E-15
1.32157  2.522130E-15
1.32189  2.441400E-15
1.32222  2.506260E-15
1.32254  2.503160E-15
1.32286  2.471080E-15
1.32318  2.409440E-15
1.32351  2.414370E-15
1.32383  2.417340E-15
1.32415  2.444170E-15
1.32447  2.436250E-15
1.32479  2.449820E-15
1.32512  2.409070E-15
1.32544  2.402230E-15
1.32576  2.397450E-15
1.32608  2.451820E-15
1.3264  2.433060E-15
1.32673  2.405850E-15
1.32705  2.401680E-15
1.32737  2.423470E-15
1.32769  2.389580E-15
1.32802  2.407680E-15
1.32834  2.318840E-15
1.32866  2.383360E-15
1.32898  2.411090E-15
1.3293  2.410730E-15
1.32963  2.362380E-15
1.32995  2.336750E-15
1.33027  2.318070E-15
1.33059  2.306110E-15
1.33091  2.316060E-15
1.33124  2.280650E-15
1.33156  2.189940E-15
1.33188  2.234470E-15
1.3322  2.236590E-15
1.33253  2.239140E-15
1.33285  2.183770E-15
1.33317  2.161190E-15
1.33349  2.148840E-15
1.33381  2.152310E-15
1.33414  2.157040E-15
1.33446  2.102200E-15
1.33478  2.072590E-15
1.3351  2.045400E-15
1.33542  2.021460E-15
1.33575  2.045590E-15
1.33607  2.059930E-15
1.33639  2.067730E-15
1.33671  2.079520E-15
1.33704  2.033270E-15
1.33736  1.981860E-15
1.33768  2.004450E-15
1.338  1.993160E-15
1.33832  1.980940E-15
1.33865  1.971950E-15
1.33897  2.014470E-15
1.33929  1.961440E-15
1.33961  1.957180E-15
1.33993  1.969120E-15
1.34026  1.965980E-15
1.34058  1.976940E-15
1.3409  2.015160E-15
1.34122  1.958360E-15
1.34154  2.022740E-15
1.34187  1.936650E-15
1.34219  1.925510E-15
1.34251  2.008300E-15
1.34283  2.019760E-15
1.34316  1.933420E-15
1.34348  1.953970E-15
1.3438  1.960540E-15
1.34412  1.941760E-15
1.34444  1.973610E-15
1.34477  1.962450E-15
1.34509  1.936870E-15
1.34541  1.915580E-15
1.34573  1.844020E-15
1.34605  1.894670E-15
1.34638  1.930370E-15
1.3467  1.899210E-15
1.34702  1.904040E-15
1.34734  1.886470E-15
1.34766  1.843310E-15
1.34799  1.810220E-15
1.34831  1.887650E-15
1.34863  1.885520E-15
1.34895  1.857730E-15
1.34927  1.915030E-15
1.3496  1.812120E-15
1.34992  1.839040E-15
1.35024  1.796520E-15
1.35056  1.816450E-15
1.35088  1.814660E-15
1.35121  1.804570E-15
1.35153  1.824900E-15
1.35185  1.821550E-15
1.35217  1.805430E-15
1.35249  1.790000E-15
1.35282  1.716250E-15
1.35314  1.834680E-15
1.41131  1.803950E-15
1.41172  1.778380E-15
1.41212  1.778030E-15
1.41253  1.850100E-15
1.41294  1.830300E-15
1.41334  1.853060E-15
1.41375  1.792970E-15
1.41416  1.750360E-15
1.41456  1.725050E-15
1.41497  1.792860E-15
1.41537  1.848970E-15
1.41578  1.862420E-15
1.41619  1.859280E-15
1.41659  1.833560E-15
1.417  1.816880E-15
1.4174  1.842460E-15
1.41781  1.859700E-15
1.41822  1.842090E-15
1.41862  1.797260E-15
1.41903  1.805160E-15
1.41943  1.774600E-15
1.41984  1.812820E-15
1.42025  1.815100E-15
1.42065  1.802440E-15
1.42106  1.820510E-15
1.42146  1.845920E-15
1.42187  1.824080E-15
1.42228  1.854190E-15
1.42268  1.816170E-15
1.42309  1.787770E-15
1.42349  1.801230E-15
1.4239  1.817070E-15
1.4243  1.862270E-15
1.42471  1.829390E-15
1.42512  1.851000E-15
1.42552  1.821560E-15
1.42593  1.791020E-15
1.42633  1.791490E-15
1.42674  1.803540E-15
1.42715  1.817980E-15
1.42755  1.809410E-15
1.42796  1.807090E-15
1.42836  1.751850E-15
1.42877  1.829140E-15
1.42917  1.813150E-15
1.42958  1.801430E-15
1.42999  1.834620E-15
1.43039  1.832250E-15
1.4308  1.784880E-15
1.4312  1.789960E-15
1.43161  1.736210E-15
1.43201  1.735510E-15
1.43242  1.810930E-15
1.43283  1.825670E-15
1.43323  1.837700E-15
1.43364  1.803820E-15
1.43404  1.796000E-15
1.43445  1.813720E-15
1.43485  1.829450E-15
1.43526  1.787060E-15
1.43567  1.786290E-15
1.43607  1.818580E-15
1.43648  1.830900E-15
1.43688  1.781420E-15
1.43729  1.742810E-15
1.43769  1.763580E-15
1.4381  1.798330E-15
1.4385  1.772730E-15
1.43891  1.782830E-15
1.43932  1.784190E-15
1.43972  1.835040E-15
1.44013  1.820960E-15
1.44053  1.800430E-15
1.44094  1.804830E-15
1.44134  1.774450E-15
1.44175  1.788470E-15
1.44215  1.785410E-15
1.44256  1.807650E-15
1.44297  1.797430E-15
1.44337  1.818960E-15
1.44378  1.814660E-15
1.44418  1.864540E-15
1.44459  1.798090E-15
1.44499  1.731320E-15
1.4454  1.773140E-15
1.4458  1.780800E-15
1.44621  1.821720E-15
1.44661  1.847330E-15
1.44702  1.831890E-15
1.44742  1.836190E-15
1.44783  1.817730E-15
1.44824  1.802470E-15
1.44864  1.827360E-15
1.44905  1.841020E-15
1.44945  1.802190E-15
1.44986  1.797800E-15
1.45026  1.730770E-15
1.45067  1.769370E-15
1.45107  1.761280E-15
1.45148  1.802350E-15
1.45188  1.823370E-15
1.45229  1.803170E-15
1.45269  1.787120E-15
1.4531  1.794750E-15
1.4535  1.793450E-15
1.45391  1.806430E-15
1.45431  1.793590E-15
1.45472  1.806870E-15
1.45513  1.795010E-15
1.45553  1.816200E-15
1.45594  1.819970E-15
1.45634  1.816990E-15
1.45675  1.799970E-15
1.45715  1.809000E-15
1.45756  1.781890E-15
1.45796  1.778140E-15
1.45837  1.816300E-15
1.45877  1.795520E-15
1.45918  1.826870E-15
1.45958  1.792250E-15
1.45999  1.827610E-15
1.46039  1.839490E-15
1.4608  1.787220E-15
1.4612  1.782390E-15
1.46161  1.808140E-15
1.46201  1.827660E-15
1.46242  1.806920E-15
1.46282  1.766020E-15
1.46323  1.779150E-15
1.46363  1.797270E-15
1.46404  1.824050E-15
1.46444  1.832550E-15
1.46485  1.779810E-15
1.46525  1.792660E-15
1.46566  1.817280E-15
1.46606  1.825400E-15
1.46647  1.801450E-15
1.46687  1.763940E-15
1.46728  1.796820E-15
1.46768  1.803960E-15
1.46809  1.809880E-15
1.46849  1.812640E-15
1.4689  1.776920E-15
1.4693  1.787140E-15
1.46971  1.817800E-15
1.47011  1.777770E-15
1.47052  1.754830E-15
1.47092  1.795580E-15
1.47133  1.783990E-15
1.47173  1.818420E-15
1.47214  1.815190E-15
1.47254  1.846970E-15
1.47295  1.816330E-15
1.47335  1.851900E-15
1.47376  1.879880E-15
1.47416  1.871190E-15
1.47457  1.900750E-15
1.47497  1.894600E-15
1.47537  1.889320E-15
1.47578  1.881430E-15
1.47618  1.852340E-15
1.47659  1.851800E-15
1.47699  1.811680E-15
1.4774  1.830730E-15
1.4778  1.817570E-15
1.47821  1.836070E-15
1.47861  1.809280E-15
1.47902  1.823080E-15
1.47942  1.805940E-15
1.47983  1.811840E-15
1.48023  1.781570E-15
1.48064  1.796870E-15
1.48104  1.809100E-15
1.48145  1.811060E-15
1.48185  1.811170E-15
1.48226  1.838780E-15
1.48266  1.832630E-15
1.48306  1.829910E-15
1.48347  1.819330E-15
1.48387  1.860200E-15
1.48428  1.839340E-15
1.48468  1.825820E-15
1.48509  1.820360E-15
1.48549  1.816120E-15
1.4859  1.795360E-15
1.4863  1.829820E-15
1.48671  1.794900E-15
1.48711  1.814680E-15
1.48752  1.821980E-15
1.48792  1.831330E-15
1.48832  1.859970E-15
1.48873  1.819200E-15
1.48913  1.808880E-15
1.48954  1.813380E-15
1.48994  1.810470E-15
1.49035  1.828580E-15
1.49075  1.825090E-15
1.49116  1.791300E-15
1.49156  1.818700E-15
1.49197  1.824680E-15
1.49237  1.817000E-15
1.49277  1.828610E-15
1.49318  1.834160E-15
1.49358  1.844490E-15
1.49399  1.843710E-15
1.49439  1.844420E-15
1.4948  1.832700E-15
1.4952  1.850470E-15
1.49561  1.832350E-15
1.49601  1.838050E-15
1.49641  1.814870E-15
1.49682  1.833980E-15
1.49722  1.831480E-15
1.49763  1.831740E-15
1.49803  1.821120E-15
1.49844  1.831520E-15
1.49884  1.831250E-15
1.49924  1.832180E-15
1.49965  1.830450E-15
1.50005  1.806770E-15
1.50046  1.825600E-15
1.50086  1.828000E-15
1.50127  1.795910E-15
1.50167  1.838420E-15
1.50208  1.804610E-15
1.50248  1.813130E-15
1.50288  1.819220E-15
1.50329  1.825050E-15
1.50369  1.833960E-15
1.5041  1.842560E-15
1.5045  1.828780E-15
1.50491  1.805570E-15
1.50531  1.800280E-15
1.50571  1.835310E-15
1.50612  1.839630E-15
1.50652  1.834380E-15
1.50693  1.794900E-15
1.50733  1.804530E-15
1.50773  1.772490E-15
1.50814  1.804250E-15
1.50854  1.818140E-15
1.50895  1.795620E-15
1.50935  1.815220E-15
1.50976  1.835450E-15
1.51016  1.831190E-15
1.51056  1.829400E-15
1.51097  1.824230E-15
1.51137  1.841620E-15
1.51178  1.800570E-15
1.51218  1.800930E-15
1.51258  1.801410E-15
1.51299  1.812220E-15
1.51339  1.807520E-15
1.5138  1.811550E-15
1.5142  1.799280E-15
1.51461  1.790790E-15
1.51501  1.811600E-15
1.51541  1.822560E-15
1.51582  1.819920E-15
1.51622  1.847980E-15
1.51663  1.842930E-15
1.51703  1.814640E-15
1.51743  1.809580E-15
1.51784  1.811590E-15
1.51824  1.833010E-15
1.51865  1.818200E-15
1.51905  1.856290E-15
1.51945  1.812790E-15
1.51986  1.813080E-15
1.52026  1.817590E-15
1.52067  1.816520E-15
1.52107  1.810470E-15
1.52147  1.803330E-15
1.52188  1.809580E-15
1.52228  1.817230E-15
1.52269  1.809420E-15
1.52309  1.834770E-15
1.52349  1.827680E-15
1.5239  1.776690E-15
1.5243  1.799610E-15
1.52471  1.859740E-15
1.52511  1.860770E-15
1.52551  1.835700E-15
1.52592  1.838020E-15
1.52632  1.820180E-15
1.52673  1.825600E-15
1.52713  1.833940E-15
1.52753  1.815540E-15
1.52794  1.811490E-15
1.52834  1.840150E-15
1.52874  1.832500E-15
1.52915  1.838780E-15
1.52955  1.808370E-15
1.52996  1.829550E-15
1.53036  1.823390E-15
1.53076  1.828740E-15
1.53117  1.845480E-15
1.53157  1.848600E-15
1.53198  1.798370E-15
1.53238  1.826990E-15
1.53278  1.783140E-15
1.53319  1.803350E-15
1.53359  1.814600E-15
1.53399  1.795600E-15
1.5344  1.790920E-15
1.5348  1.816060E-15
1.53521  1.814130E-15
1.53561  1.793780E-15
1.53601  1.811930E-15
1.53642  1.830900E-15
1.53682  1.803510E-15
1.53723  1.816500E-15
1.53763  1.829520E-15
1.53803  1.824290E-15
1.53844  1.826120E-15
1.53884  1.822750E-15
1.53924  1.841930E-15
1.53965  1.817530E-15
1.54005  1.806770E-15
1.54045  1.832970E-15
1.54086  1.820650E-15
1.54126  1.813270E-15
1.54167  1.840140E-15
1.54207  1.822190E-15
1.54247  1.819140E-15
1.54288  1.842520E-15
1.54328  1.865830E-15
1.54368  1.829620E-15
1.54409  1.836330E-15
1.54449  1.848100E-15
1.5449  1.842180E-15
1.5453  1.826010E-15
1.5457  1.813850E-15
1.54611  1.834390E-15
1.54651  1.835370E-15
1.54691  1.839000E-15
1.54732  1.829180E-15
1.54772  1.843820E-15
1.54812  1.819610E-15
1.54853  1.806650E-15
1.54893  1.808930E-15
1.54934  1.789760E-15
1.54974  1.791020E-15
1.55014  1.783660E-15
1.55055  1.792990E-15
1.55095  1.749180E-15
1.55135  1.792260E-15
1.55176  1.768650E-15
1.55216  1.788270E-15
1.55256  1.786470E-15
1.55297  1.789340E-15
1.55337  1.785800E-15
1.55377  1.830000E-15
1.55418  1.825860E-15
1.55458  1.817160E-15
1.55498  1.837540E-15
1.55539  1.843170E-15
1.55579  1.830630E-15
1.5562  1.826240E-15
1.5566  1.841540E-15
1.557  1.840610E-15
1.55741  1.834090E-15
1.55781  1.811770E-15
1.55821  1.832970E-15
1.55862  1.818290E-15
1.55902  1.819860E-15
1.55942  1.804660E-15
1.55983  1.811450E-15
1.56023  1.791850E-15
1.56063  1.801230E-15
1.56104  1.807930E-15
1.56144  1.786490E-15
1.56184  1.792100E-15
1.56225  1.814210E-15
1.56265  1.792970E-15
1.56305  1.803900E-15
1.56346  1.801290E-15
1.56386  1.823770E-15
1.56426  1.800750E-15
1.56467  1.800870E-15
1.56507  1.792730E-15
1.56547  1.809960E-15
1.56588  1.809090E-15
1.56628  1.807060E-15
1.56668  1.812340E-15
1.56709  1.826980E-15
1.56749  1.819480E-15
1.56789  1.816760E-15
1.5683  1.838700E-15
1.5687  1.809570E-15
1.5691  1.823030E-15
1.56951  1.798260E-15
1.56991  1.818080E-15
1.57031  1.774720E-15
1.57072  1.819000E-15
1.57112  1.797280E-15
1.57152  1.796660E-15
1.57193  1.842570E-15
1.57233  1.818110E-15
1.57273  1.831960E-15
1.57314  1.825800E-15
1.57354  1.831220E-15
1.57394  1.824910E-15
1.57435  1.805940E-15
1.57475  1.832490E-15
1.57515  1.827090E-15
1.57556  1.817830E-15
1.57596  1.815210E-15
1.57636  1.807940E-15
1.57677  1.804360E-15
1.57717  1.797110E-15
1.57757  1.795330E-15
1.57798  1.801710E-15
1.57838  1.784270E-15
1.57878  1.792820E-15
1.57919  1.794240E-15
1.57959  1.795780E-15
1.57999  1.797930E-15
1.5804  1.797850E-15
1.5808  1.769380E-15
1.5812  1.783510E-15
1.5816  1.813950E-15
1.58201  1.823670E-15
1.58241  1.835570E-15
1.58281  1.822920E-15
1.58322  1.817820E-15
1.58362  1.794490E-15
1.58402  1.830240E-15
1.58443  1.838930E-15
1.58483  1.809110E-15
1.58523  1.807530E-15
1.58564  1.803110E-15
1.58604  1.806690E-15
1.58644  1.830120E-15
1.58685  1.834460E-15
1.58725  1.836460E-15
1.58765  1.807360E-15
1.58805  1.801770E-15
1.58846  1.830530E-15
1.58886  1.823400E-15
1.58926  1.814330E-15
1.58967  1.829050E-15
1.59007  1.840090E-15
1.59047  1.828960E-15
1.59088  1.805650E-15
1.59128  1.818860E-15
1.59168  1.823310E-15
1.59209  1.820440E-15
1.59249  1.812250E-15
1.59289  1.832840E-15
1.59329  1.817080E-15
1.5937  1.836910E-15
1.5941  1.826370E-15
1.5945  1.829870E-15
1.59491  1.818410E-15
1.59531  1.811720E-15
1.59571  1.818500E-15
1.59612  1.810500E-15
1.59652  1.839240E-15
1.59692  1.826360E-15
1.59733  1.817160E-15
1.59773  1.814140E-15
1.59813  1.805010E-15
1.59853  1.803710E-15
1.59894  1.820790E-15
1.59934  1.811030E-15
1.59974  1.774410E-15
1.60015  1.783610E-15
1.60055  1.795050E-15
1.60095  1.814200E-15
1.60135  1.827150E-15
1.60176  1.822440E-15
1.60216  1.813090E-15
1.60256  1.795960E-15
1.60297  1.847580E-15
1.60337  1.798400E-15
1.60377  1.787760E-15
1.60418  1.821050E-15
1.60458  1.799860E-15
1.60498  1.819430E-15
1.60538  1.821300E-15
1.60579  1.834550E-15
1.60619  1.779000E-15
1.60659  1.807210E-15
1.607  1.808470E-15
1.6074  1.833820E-15
1.6078  1.789820E-15
1.6082  1.785230E-15
1.60861  1.775250E-15
1.60901  1.851460E-15
1.60941  1.813670E-15
1.60982  1.809790E-15
1.61022  1.805220E-15
1.61062  1.825320E-15
1.61103  1.809200E-15
1.61143  1.804040E-15
1.61183  1.791220E-15
1.61223  1.792900E-15
1.61264  1.763760E-15
1.61304  1.833320E-15
1.61344  1.839440E-15
1.61385  1.821340E-15
1.61425  1.848090E-15
1.61465  1.849460E-15
1.61505  1.840260E-15
1.61546  1.824650E-15
1.61586  1.825160E-15
1.61626  1.839530E-15
1.61666  1.821930E-15
1.61707  1.828530E-15
1.61747  1.817030E-15
1.61787  1.799230E-15
1.61828  1.798630E-15
1.61868  1.805380E-15
1.61908  1.804530E-15
1.61948  1.828500E-15
1.61989  1.818170E-15
1.62029  1.816260E-15
1.62069  1.823400E-15
1.6211  1.820970E-15
1.6215  1.823950E-15
1.6219  1.830050E-15
1.6223  1.780290E-15
1.62271  1.813710E-15
1.62311  1.837400E-15
1.62351  1.773850E-15
1.62392  1.807260E-15
1.62432  1.781320E-15
1.62472  1.793110E-15
1.62512  1.775140E-15
1.62553  1.768930E-15
1.62593  1.775840E-15
1.62633  1.754280E-15
1.62673  1.771960E-15
1.62714  1.770990E-15
1.62754  1.742260E-15
1.62794  1.766190E-15
1.62835  1.748750E-15
1.62875  1.775330E-15
1.62915  1.792370E-15
1.62955  1.813860E-15
1.62996  1.777110E-15
1.63036  1.796020E-15
1.63076  1.777220E-15
1.63116  1.786860E-15
1.63157  1.770510E-15
1.63197  1.767650E-15
1.63237  1.782290E-15
1.63278  1.771330E-15
1.63318  1.799870E-15
1.63358  1.799100E-15
1.63398  1.810940E-15
1.63439  1.797580E-15
1.63479  1.798760E-15
1.63519  1.775330E-15
1.63559  1.797210E-15
1.636  1.780840E-15
1.6364  1.818070E-15
1.6368  1.795220E-15
1.6372  1.830690E-15
1.63761  1.797500E-15
1.63801  1.805930E-15
1.63841  1.791990E-15
1.63882  1.781660E-15
1.63922  1.760410E-15
1.63962  1.791590E-15
1.64002  1.775500E-15
1.64043  1.778920E-15
1.64083  1.757060E-15
1.64123  1.794480E-15
1.64163  1.792170E-15
1.64204  1.831620E-15
1.64244  1.806420E-15
1.64284  1.814710E-15
1.64324  1.830040E-15
1.64365  1.825010E-15
1.64405  1.831100E-15
1.64445  1.803550E-15
1.64485  1.806710E-15
1.64526  1.813880E-15
1.64566  1.811320E-15
1.64606  1.821220E-15
1.64647  1.805880E-15
1.64687  1.816980E-15
1.64727  1.774190E-15
1.64767  1.806030E-15
1.64808  1.783720E-15
1.64848  1.785480E-15
1.64888  1.782050E-15
1.64928  1.758850E-15
1.64969  1.783530E-15
1.65009  1.759750E-15
1.65049  1.763890E-15
1.65089  1.778990E-15
1.6513  1.747960E-15
1.6517  1.734810E-15
1.6521  1.766840E-15
1.6525  1.781700E-15
1.65291  1.783870E-15
1.65331  1.810970E-15
1.65371  1.770860E-15
1.65411  1.773770E-15
1.65452  1.776860E-15
1.65492  1.777480E-15
1.65532  1.793190E-15
1.65572  1.815630E-15
1.65613  1.783980E-15
1.65653  1.775390E-15
1.65693  1.766380E-15
1.65733  1.751280E-15
1.65774  1.772710E-15
1.65814  1.773150E-15
1.65854  1.778320E-15
1.65894  1.796090E-15
1.65935  1.779360E-15
1.65975  1.788950E-15
1.66015  1.787820E-15
1.66055  1.797180E-15
1.66096  1.762730E-15
1.66136  1.807500E-15
1.66176  1.799510E-15
1.66216  1.749790E-15
1.66257  1.760710E-15
1.66297  1.821340E-15
1.66337  1.788170E-15
1.66377  1.783000E-15
1.66418  1.781620E-15
1.66458  1.770760E-15
1.66498  1.773210E-15
1.66538  1.748290E-15
1.66579  1.781340E-15
1.66619  1.795680E-15
1.66659  1.770920E-15
1.66699  1.773270E-15
1.6674  1.799020E-15
1.6678  1.814170E-15
1.6682  1.752730E-15
1.6686  1.805760E-15
1.66901  1.781910E-15
1.66941  1.810970E-15
1.66981  1.805610E-15
1.67021  1.748840E-15
1.67062  1.796460E-15
1.67102  1.701370E-15
1.67142  1.705580E-15
1.67182  1.795580E-15
1.67223  1.746930E-15
1.67263  1.757810E-15
1.67303  1.787830E-15
1.67343  1.775400E-15
1.67384  1.782930E-15
1.67424  1.748830E-15
1.67464  1.781360E-15
1.67504  1.788490E-15
1.67545  1.770130E-15
1.67585  1.770820E-15
1.67625  1.763900E-15
1.67665  1.752970E-15
1.67706  1.794660E-15
1.67746  1.798950E-15
1.67786  1.788070E-15
1.67826  1.810900E-15
1.67867  1.811540E-15
1.67907  1.806560E-15
1.67947  1.796370E-15
1.67987  1.791570E-15
1.68028  1.804260E-15
1.68068  1.820290E-15
1.68108  1.829260E-15
1.68148  1.835320E-15
1.68189  1.809880E-15
1.68229  1.811930E-15
1.68269  1.833050E-15
1.68309  1.810020E-15
1.68349  1.782140E-15
1.6839  1.828250E-15
1.6843  1.805210E-15
1.6847  1.803610E-15
1.6851  1.827940E-15
1.68551  1.811970E-15
1.68591  1.806930E-15
1.68631  1.784630E-15
1.68671  1.780510E-15
1.68712  1.796230E-15
1.68752  1.791410E-15
1.68792  1.802040E-15
1.68832  1.785940E-15
1.68873  1.767810E-15
1.68913  1.789300E-15
1.68953  1.734270E-15
1.68993  1.755370E-15
1.69034  1.730480E-15
1.69074  1.763310E-15
1.69114  1.761250E-15
1.69154  1.805360E-15
1.69195  1.786290E-15
1.69235  1.775490E-15
1.69275  1.772020E-15
1.69315  1.769580E-15
1.69355  1.770990E-15
1.69396  1.756900E-15
1.69436  1.814800E-15
1.69476  1.812470E-15
1.69516  1.833920E-15
1.69557  1.824080E-15
1.69597  1.806010E-15
1.69637  1.801260E-15
1.69677  1.789980E-15
1.69718  1.774340E-15
1.69758  1.766100E-15
1.69798  1.770780E-15
1.69838  1.792300E-15
1.69879  1.753040E-15
1.69919  1.774710E-15
1.69959  1.754870E-15
1.69999  1.744650E-15
1.70039  1.753490E-15
1.7008  1.754860E-15
1.7012  1.763550E-15
1.7016  1.753740E-15
1.702  1.782510E-15
1.70241  1.773080E-15
1.70281  1.790350E-15
1.70321  1.773020E-15
1.70361  1.771980E-15
1.70402  1.783160E-15
1.70442  1.768530E-15
1.70482  1.758180E-15
1.70522  1.752350E-15
1.70563  1.758360E-15
1.70603  1.750850E-15
1.70643  1.761950E-15
1.70683  1.743750E-15
1.70723  1.747170E-15
1.70764  1.777700E-15
1.70804  1.751920E-15
1.70844  1.775690E-15
1.70884  1.782060E-15
1.70925  1.778100E-15
1.70965  1.783720E-15
1.71005  1.787190E-15
1.71045  1.758800E-15
1.71086  1.764200E-15
1.71126  1.803930E-15
1.71166  1.808700E-15
1.71206  1.792160E-15
1.71247  1.783090E-15
1.71287  1.781550E-15
1.71327  1.777420E-15
1.71367  1.784770E-15
1.71407  1.787490E-15
1.71448  1.789190E-15
1.71488  1.759650E-15
1.71528  1.729140E-15
1.71568  1.771710E-15
1.71609  1.767900E-15
1.71649  1.775750E-15
1.71689  1.797580E-15
1.71729  1.755620E-15
1.7177  1.795950E-15
1.7181  1.765040E-15
1.7185  1.768860E-15
1.7189  1.763420E-15
1.71931  1.774290E-15
1.71971  1.765920E-15
1.72011  1.786940E-15
1.72051  1.762290E-15
1.72091  1.771800E-15
1.72132  1.771220E-15
1.72172  1.786620E-15
1.72212  1.759300E-15
1.72252  1.784820E-15
1.72293  1.788480E-15
1.72333  1.807710E-15
1.72373  1.784920E-15
1.72413  1.774430E-15
1.72454  1.778780E-15
1.72494  1.777240E-15
1.72534  1.789790E-15
1.72574  1.812380E-15
1.72614  1.820210E-15
1.72655  1.793790E-15
1.72695  1.791910E-15
1.72735  1.785430E-15
1.72775  1.789310E-15
1.72816  1.756040E-15
1.72856  1.771240E-15
1.72896  1.780670E-15
1.72936  1.779910E-15
1.72977  1.824720E-15
1.73017  1.824570E-15
1.73057  1.811040E-15
1.73097  1.841520E-15
1.73137  1.811660E-15
1.73178  1.807810E-15
1.73218  1.788390E-15
1.73258  1.812240E-15
1.73298  1.833110E-15
1.73339  1.812480E-15
1.73379  1.836590E-15
1.73419  1.827140E-15
1.73459  1.839700E-15
1.735  1.779230E-15
1.7354  1.800780E-15
1.7358  1.787390E-15
1.7362  1.787860E-15
1.7366  1.814920E-15
1.73701  1.774770E-15
1.73741  1.794060E-15
1.73781  1.803750E-15
1.73821  1.791330E-15
1.73862  1.812410E-15
1.73902  1.837300E-15
1.73942  1.780020E-15
1.73982  1.791370E-15
1.74023  1.789340E-15
1.74063  1.791660E-15
1.74103  1.796720E-15
1.74143  1.848100E-15
1.74184  1.747040E-15
1.74224  1.794510E-15
1.74264  1.775260E-15
1.74304  1.816100E-15
1.74344  1.791340E-15
1.74385  1.788030E-15
1.74425  1.809350E-15
1.74465  1.758560E-15
1.74505  1.810590E-15
1.74546  1.808470E-15
1.74586  1.829650E-15
1.74626  1.780010E-15
1.74666  1.798010E-15
1.74707  1.794150E-15
1.74747  1.816210E-15
1.74787  1.815090E-15
1.74827  1.826230E-15
1.74867  1.786700E-15
1.74908  1.822130E-15
1.74948  1.778200E-15
1.74988  1.804440E-15
1.75028  1.746840E-15
1.75069  1.723480E-15
1.75109  1.749840E-15
1.75149  1.738850E-15
1.75189  1.733760E-15
1.7523  1.793510E-15
1.7527  1.774820E-15
1.7531  1.789280E-15
1.7535  1.765430E-15
1.75391  1.742950E-15
1.75431  1.740410E-15
1.75471  1.763370E-15
1.75511  1.729990E-15
1.75551  1.776100E-15
1.75592  1.761280E-15
1.75632  1.733840E-15
1.75672  1.770650E-15
1.75712  1.778470E-15
1.75753  1.735880E-15
1.75793  1.739550E-15
1.75833  1.747830E-15
1.75873  1.775450E-15
1.75914  1.764810E-15
1.75954  1.797910E-15
1.75994  1.738040E-15
1.76034  1.728750E-15
1.76074  1.760290E-15
1.76115  1.749630E-15
1.76155  1.741560E-15
1.76195  1.742320E-15
1.76235  1.746940E-15
1.76276  1.732230E-15
1.76316  1.724990E-15
1.76356  1.718590E-15
1.76396  1.704800E-15
1.76437  1.679700E-15
1.76477  1.726230E-15
1.76517  1.740000E-15
1.76557  1.729920E-15
1.76598  1.762580E-15
1.76638  1.734500E-15
1.76678  1.821610E-15
1.76718  1.784940E-15
1.76759  1.772160E-15
1.76799  1.751250E-15
1.76839  1.756600E-15
1.76879  1.738030E-15
1.76919  1.729170E-15
1.7696  1.757300E-15
1.77  1.753480E-15
1.7704  1.753280E-15
1.7708  1.741490E-15
1.77121  1.743930E-15
1.77161  1.731290E-15
1.77201  1.736850E-15
1.77241  1.715770E-15
1.77282  1.739660E-15
1.77322  1.715580E-15
1.77362  1.712000E-15
1.77402  1.707640E-15
1.77443  1.716190E-15
1.77483  1.738520E-15
1.77523  1.712660E-15
1.77563  1.726720E-15
1.77603  1.707800E-15
1.77644  1.707170E-15
1.77684  1.739070E-15
1.77724  1.722780E-15
1.77764  1.728150E-15
1.77805  1.740240E-15
1.77845  1.710510E-15
1.77885  1.737310E-15
1.77925  1.779210E-15
1.77966  1.744760E-15
1.78006  1.745540E-15
1.78046  1.758640E-15
1.78086  1.719340E-15
1.78127  1.717460E-15
1.78167  1.761570E-15
1.78207  1.772050E-15
1.78247  1.762150E-15
1.78288  1.728480E-15
1.78328  1.729730E-15
1.78368  1.706440E-15
1.78408  1.664850E-15
1.78449  1.689740E-15
1.78489  1.690260E-15
1.78529  1.694240E-15
1.78569  1.712530E-15
1.7861  1.695160E-15
1.7865  1.723850E-15
1.7869  1.716230E-15
1.7873  1.686740E-15
1.78771  1.700720E-15
1.78811  1.713780E-15
1.78851  1.711910E-15
1.78891  1.723290E-15
1.78931  1.718300E-15
1.78972  1.750150E-15
1.79012  1.727030E-15
1.79052  1.697590E-15
1.79092  1.684540E-15
1.79133  1.722930E-15
1.79173  1.745780E-15
1.79213  1.717230E-15
1.79253  1.681540E-15
1.79294  1.721890E-15
1.79334  1.720750E-15
1.79374  1.685380E-15
1.79414  1.719350E-15
1.79455  1.704610E-15
1.79495  1.706470E-15
1.79535  1.654530E-15
1.79575  1.692670E-15
1.79616  1.679060E-15
1.79656  1.681680E-15
1.79696  1.699030E-15
1.79736  1.721530E-15
1.79777  1.678350E-15
1.79817  1.696320E-15
1.79857  1.721210E-15
1.79897  1.704600E-15
1.79938  1.676280E-15
1.79978  1.636140E-15
1.80018  1.750060E-15
1.80058  1.633310E-15
1.80099  1.717660E-15
1.80139  1.650990E-15
1.80179  1.663750E-15
1.80219  1.645200E-15
1.8026  1.700740E-15
1.803  1.693350E-15
1.8034  1.703010E-15
1.8038  1.717720E-15
1.80421  1.721430E-15
1.80461  1.742290E-15
1.80501  1.707970E-15
1.80541  1.669170E-15
1.80582  1.579470E-15
1.80622  1.609410E-15
1.80662  1.669510E-15
1.80702  1.661860E-15
1.80743  1.691280E-15
1.80783  1.706970E-15
1.80823  1.649280E-15
1.80863  1.701550E-15
1.80904  1.658950E-15
1.80944  1.668650E-15
1.80984  1.666980E-15
1.81024  1.589590E-15
1.81065  1.621240E-15
1.81105  1.603610E-15
1.81145  1.683280E-15
1.81185  1.688600E-15
1.81226  1.603510E-15
1.81266  1.594360E-15
1.81306  1.644250E-15
1.81346  1.693520E-15
1.81387  1.758810E-15
1.81427  1.724470E-15
1.81467  1.668580E-15
1.81508  1.663200E-15
1.81548  1.612490E-15
1.81588  1.616890E-15
1.81628  1.630520E-15
1.81669  1.681910E-15
1.81709  1.601700E-15
1.81749  1.738980E-15
1.81789  1.631930E-15
1.8183  1.627490E-15
1.8187  1.698520E-15
1.88259  1.711420E-15
1.88313  1.663030E-15
1.88367  1.641560E-15
1.88421  1.620950E-15
1.88475  1.609390E-15
1.88529  1.669200E-15
1.88583  1.622740E-15
1.88637  1.641820E-15
1.88691  1.633370E-15
1.88745  1.658320E-15
1.88799  1.691220E-15
1.88853  1.701580E-15
1.88908  1.693640E-15
1.88962  1.624270E-15
1.89016  1.583730E-15
1.8907  1.593160E-15
1.89124  1.681200E-15
1.89178  1.628290E-15
1.89232  1.612450E-15
1.89286  1.581670E-15
1.8934  1.620920E-15
1.89394  1.630650E-15
1.89448  1.657080E-15
1.89502  1.719180E-15
1.89556  1.670440E-15
1.8961  1.677570E-15
1.89664  1.672640E-15
1.89718  1.630640E-15
1.89772  1.631720E-15
1.89826  1.629180E-15
1.8988  1.562410E-15
1.89934  1.483760E-15
1.89988  1.480470E-15
1.90042  1.554570E-15
1.90096  1.670020E-15
1.9015  1.677900E-15
1.90204  1.640430E-15
1.90258  1.595450E-15
1.90312  1.605390E-15
1.90366  1.687670E-15
1.9042  1.667800E-15
1.90474  1.613330E-15
1.90528  1.594670E-15
1.90582  1.542250E-15
1.90636  1.560730E-15
1.9069  1.718060E-15
1.90744  1.766540E-15
1.90798  1.757070E-15
1.90852  1.737240E-15
1.90906  1.722690E-15
1.9096  1.750620E-15
1.91014  1.750050E-15
1.91068  1.730140E-15
1.91122  1.653010E-15
1.91176  1.692260E-15
1.9123  1.735410E-15
1.91284  1.674850E-15
1.91338  1.672800E-15
1.91392  1.642420E-15
1.91446  1.782700E-15
1.915  1.839590E-15
1.91554  1.780720E-15
1.91608  1.708970E-15
1.91662  1.720140E-15
1.91716  1.822940E-15
1.91769  1.881200E-15
1.91823  1.885030E-15
1.91877  1.870470E-15
1.91931  1.827530E-15
1.91985  1.782240E-15
1.92039  1.649950E-15
1.92093  1.829520E-15
1.92147  1.951900E-15
1.92201  1.981100E-15
1.92255  1.979890E-15
1.92309  1.943880E-15
1.92363  1.902040E-15
1.92417  1.893720E-15
1.92471  1.967280E-15
1.92525  2.054460E-15
1.92579  2.037820E-15
1.92633  1.977830E-15
1.92687  1.978580E-15
1.92741  1.986690E-15
1.92795  1.969760E-15
1.92849  2.039470E-15
1.92903  2.073080E-15
1.92957  2.098620E-15
1.93011  2.060610E-15
1.93065  2.020950E-15
1.93119  2.033360E-15
1.93173  2.054670E-15
1.93227  2.125740E-15
1.9328  2.125930E-15
1.93334  2.134150E-15
1.93388  2.210900E-15
1.93442  2.305730E-15
1.93496  2.328760E-15
1.9355  2.303990E-15
1.93604  2.208840E-15
1.93658  2.126700E-15
1.93712  2.090120E-15
1.93766  2.082370E-15
1.9382  2.082980E-15
1.93874  2.043990E-15
1.93928  2.052230E-15
1.93982  2.094680E-15
1.94036  2.079510E-15
1.9409  2.099920E-15
1.94144  2.099490E-15
1.94198  2.103990E-15
1.94251  2.119880E-15
1.94305  2.098470E-15
1.94359  2.050340E-15
1.94413  2.010360E-15
1.94467  2.052800E-15
1.94521  2.054500E-15
1.94575  2.044230E-15
1.94629  2.042220E-15
1.94683  2.010800E-15
1.94737  1.979230E-15
1.94791  1.949800E-15
1.94845  1.905460E-15
1.94899  1.897760E-15
1.94953  1.886720E-15
1.95006  1.864830E-15
1.9506  1.849980E-15
1.95114  1.829800E-15
1.95168  1.827720E-15
1.95222  1.811190E-15
1.95276  1.784450E-15
1.9533  1.738890E-15
1.95384  1.722920E-15
1.95438  1.724920E-15
1.95492  1.694840E-15
1.95546  1.680640E-15
1.956  1.682090E-15
1.95654  1.714240E-15
1.95707  1.676480E-15
1.95761  1.661750E-15
1.95815  1.659400E-15
1.95869  1.665000E-15
1.95923  1.689880E-15
1.95977  1.681550E-15
1.96031  1.699450E-15
1.96085  1.704870E-15
1.96139  1.684050E-15
1.96193  1.681440E-15
1.96247  1.666960E-15
1.963  1.656890E-15
1.96354  1.629730E-15
1.96408  1.628990E-15
1.96462  1.662210E-15
1.96516  1.661640E-15
1.9657  1.648900E-15
1.96624  1.653400E-15
1.96678  1.671220E-15
1.96732  1.652100E-15
1.96786  1.658030E-15
1.96839  1.652850E-15
1.96893  1.657970E-15
1.96947  1.671250E-15
1.97001  1.663610E-15
1.97055  1.667490E-15
1.97109  1.637090E-15
1.97163  1.649250E-15
1.97217  1.663490E-15
1.97271  1.658590E-15
1.97325  1.648760E-15
1.97378  1.669900E-15
1.97432  1.661950E-15
1.97486  1.679560E-15
1.9754  1.677150E-15
1.97594  1.694020E-15
1.97648  1.677400E-15
1.97702  1.654250E-15
1.97756  1.665430E-15
1.97809  1.688550E-15
1.97863  1.666840E-15
1.97917  1.675040E-15
1.97971  1.660400E-15
1.98025  1.664210E-15
1.98079  1.665650E-15
1.98133  1.690800E-15
1.98187  1.680340E-15
1.98241  1.685020E-15
1.98294  1.681490E-15
1.98348  1.676770E-15
1.98402  1.673190E-15
1.98456  1.661850E-15
1.9851  1.670890E-15
1.98564  1.662610E-15
1.98618  1.659490E-15
1.98672  1.658540E-15
1.98725  1.653820E-15
1.98779  1.665680E-15
1.98833  1.674800E-15
1.98887  1.655470E-15
1.98941  1.649470E-15
1.98995  1.655880E-15
1.99049  1.654870E-15
1.99102  1.652190E-15
1.99156  1.659420E-15
1.9921  1.648680E-15
1.99264  1.644400E-15
1.99318  1.641860E-15
1.99372  1.654740E-15
1.99426  1.671880E-15
1.9948  1.669190E-15
1.99533  1.646860E-15
1.99587  1.648850E-15
1.99641  1.660640E-15
1.99695  1.671850E-15
1.99749  1.653690E-15
1.99803  1.631920E-15
1.99857  1.619710E-15
1.9991  1.625610E-15
1.99964  1.627350E-15
2.00018  1.556340E-15
2.00072  1.574430E-15
2.00126  1.626220E-15
2.0018  1.595090E-15
2.00234  1.575520E-15
2.00287  1.576650E-15
2.00341  1.554030E-15
2.00395  1.574000E-15
2.00449  1.577300E-15
2.00503  1.566630E-15
2.00557  1.581840E-15
2.0061  1.608190E-15
2.00664  1.606880E-15
2.00718  1.637200E-15
2.00772  1.616220E-15
2.00826  1.641870E-15
2.0088  1.643760E-15
2.00934  1.634390E-15
2.00987  1.608810E-15
2.01041  1.593950E-15
2.01095  1.600230E-15
2.01149  1.594690E-15
2.01203  1.600510E-15
2.01257  1.608080E-15
2.0131  1.587650E-15
2.01364  1.633100E-15
2.01418  1.622820E-15
2.01472  1.622990E-15
2.01526  1.610160E-15
2.0158  1.633980E-15
2.01633  1.616800E-15
2.01687  1.621980E-15
2.01741  1.617840E-15
2.01795  1.659590E-15
2.01849  1.659780E-15
2.01903  1.677640E-15
2.01956  1.697880E-15
2.0201  1.678090E-15
2.02064  1.676230E-15
2.02118  1.684360E-15
2.02172  1.658800E-15
2.02226  1.671660E-15
2.02279  1.668860E-15
2.02333  1.662080E-15
2.02387  1.677740E-15
2.02441  1.683720E-15
2.02495  1.690730E-15
2.02548  1.686810E-15
2.02602  1.678160E-15
2.02656  1.684610E-15
2.0271  1.658450E-15
2.02764  1.641000E-15
2.02818  1.635490E-15
2.02871  1.643030E-15
2.02925  1.634820E-15
2.02979  1.651240E-15
2.03033  1.644550E-15
2.03087  1.643930E-15
2.0314  1.639510E-15
2.03194  1.634550E-15
2.03248  1.623170E-15
2.03302  1.625520E-15
2.03356  1.640520E-15
2.0341  1.606150E-15
2.03463  1.603090E-15
2.03517  1.614530E-15
2.03571  1.602920E-15
2.03625  1.606030E-15
2.03679  1.614660E-15
2.03732  1.603230E-15
2.03786  1.605960E-15
2.0384  1.607940E-15
2.03894  1.595210E-15
2.03948  1.591230E-15
2.04001  1.595570E-15
2.04055  1.600460E-15
2.04109  1.607730E-15
2.04163  1.596560E-15
2.04217  1.606640E-15
2.0427  1.599230E-15
2.04324  1.587920E-15
2.04378  1.603740E-15
2.04432  1.599380E-15
2.04486  1.606690E-15
2.04539  1.615730E-15
2.04593  1.604290E-15
2.04647  1.605530E-15
2.04701  1.586240E-15
2.04755  1.594950E-15
2.04808  1.598150E-15
2.04862  1.586730E-15
2.04916  1.578690E-15
2.0497  1.582380E-15
2.05024  1.590020E-15
2.05077  1.573180E-15
2.05131  1.585950E-15
2.05185  1.572980E-15
2.05239  1.576840E-15
2.05293  1.570370E-15
2.05346  1.585650E-15
2.054  1.563060E-15
2.05454  1.573520E-15
2.05508  1.556390E-15
2.05562  1.561830E-15
2.05615  1.551170E-15
2.05669  1.575630E-15
2.05723  1.559370E-15
2.05777  1.562540E-15
2.0583  1.585530E-15
2.05884  1.590240E-15
2.05938  1.602090E-15
2.05992  1.598410E-15
2.06046  1.580800E-15
2.06099  1.581170E-15
2.06153  1.580430E-15
2.06207  1.589440E-15
2.06261  1.602810E-15
2.06314  1.577850E-15
2.06368  1.569850E-15
2.06422  1.571030E-15
2.06476  1.563420E-15
2.0653  1.578430E-15
2.06583  1.580850E-15
2.06637  1.579340E-15
2.06691  1.582260E-15
2.06745  1.585220E-15
2.06798  1.584360E-15
2.06852  1.593030E-15
2.06906  1.579690E-15
2.0696  1.591250E-15
2.07014  1.583110E-15
2.07067  1.592620E-15
2.07121  1.581050E-15
2.07175  1.581960E-15
2.07229  1.574420E-15
2.07282  1.593540E-15
2.07336  1.589120E-15
2.0739  1.585320E-15
2.07444  1.567780E-15
2.07498  1.588030E-15
2.07551  1.572640E-15
2.07605  1.599250E-15
2.07659  1.584470E-15
2.07713  1.576660E-15
2.07766  1.572910E-15
2.0782  1.590250E-15
2.07874  1.583470E-15
2.07928  1.594500E-15
2.07981  1.586320E-15
2.08035  1.598920E-15
2.08089  1.590880E-15
2.08143  1.579950E-15
2.08196  1.586620E-15
2.0825  1.586290E-15
2.08304  1.579950E-15
2.08358  1.600440E-15
2.08411  1.585670E-15
2.08465  1.585680E-15
2.08519  1.591010E-15
2.08573  1.578800E-15
2.08626  1.598950E-15
2.0868  1.597290E-15
2.08734  1.595810E-15
2.08788  1.589630E-15
2.08841  1.594200E-15
2.08895  1.597300E-15
2.08949  1.590080E-15
2.09003  1.598950E-15
2.09056  1.589080E-15
2.0911  1.597500E-15
2.09164  1.589350E-15
2.09218  1.576700E-15
2.09272  1.588940E-15
2.09325  1.591480E-15
2.09379  1.592660E-15
2.09433  1.594410E-15
2.09486  1.601910E-15
2.0954  1.600270E-15
2.09594  1.599750E-15
2.09648  1.608400E-15
2.09701  1.619130E-15
2.09755  1.626710E-15
2.09809  1.604510E-15
2.09863  1.599530E-15
2.09916  1.610260E-15
2.0997  1.605320E-15
2.10024  1.607240E-15
2.10078  1.600000E-15
2.10131  1.591510E-15
2.10185  1.599590E-15
2.10239  1.605510E-15
2.10293  1.603400E-15
2.10346  1.598500E-15
2.104  1.615490E-15
2.10454  1.598660E-15
2.10508  1.607620E-15
2.10561  1.602590E-15
2.10615  1.609890E-15
2.10669  1.603960E-15
2.10723  1.606140E-15
2.10776  1.605960E-15
2.1083  1.619240E-15
2.10884  1.602190E-15
2.10937  1.604500E-15
2.10991  1.593170E-15
2.11045  1.588650E-15
2.11099  1.595680E-15
2.11152  1.606220E-15
2.11206  1.610800E-15
2.1126  1.599100E-15
2.11314  1.599320E-15
2.11367  1.600330E-15
2.11421  1.609320E-15
2.11475  1.608440E-15
2.11529  1.586550E-15
2.11582  1.604980E-15
2.11636  1.608230E-15
2.1169  1.611690E-15
2.11743  1.591630E-15
2.11797  1.606280E-15
2.11851  1.604490E-15
2.11905  1.605340E-15
2.11958  1.592630E-15
2.12012  1.600940E-15
2.12066  1.600920E-15
2.1212  1.595570E-15
2.12173  1.607490E-15
2.12227  1.608750E-15
2.12281  1.594960E-15
2.12334  1.604340E-15
2.12388  1.609380E-15
2.12442  1.601520E-15
2.12496  1.599960E-15
2.12549  1.611210E-15
2.12603  1.606780E-15
2.12657  1.594120E-15
2.1271  1.609680E-15
2.12764  1.586970E-15
2.12818  1.590500E-15
2.12872  1.605000E-15
2.12925  1.594420E-15
2.12979  1.604300E-15
2.13033  1.605020E-15
2.13086  1.606560E-15
2.1314  1.603640E-15
2.13194  1.611630E-15
2.13248  1.600300E-15
2.13301  1.608340E-15
2.13355  1.609050E-15
2.13409  1.605340E-15
2.13462  1.607700E-15
2.13516  1.588000E-15
2.1357  1.598730E-15
2.13624  1.583780E-15
2.13677  1.594430E-15
2.13731  1.594050E-15
2.13785  1.607320E-15
2.13838  1.609650E-15
2.13892  1.600380E-15
2.13946  1.601120E-15
2.14  1.595710E-15
2.14053  1.594170E-15
2.14107  1.584830E-15
2.14161  1.596510E-15
2.14214  1.587420E-15
2.14268  1.593110E-15
2.14322  1.573580E-15
2.14376  1.593610E-15
2.14429  1.594550E-15
2.14483  1.592850E-15
2.14537  1.585610E-15
2.1459  1.589880E-15
2.14644  1.586990E-15
2.14698  1.577810E-15
2.14751  1.585550E-15
2.14805  1.579780E-15
2.14859  1.592100E-15
2.14913  1.583370E-15
2.14966  1.585870E-15
2.1502  1.601150E-15
2.15074  1.595800E-15
2.15127  1.602640E-15
2.15181  1.586990E-15
2.15235  1.590390E-15
2.15288  1.578380E-15
2.15342  1.585500E-15
2.15396  1.586510E-15
2.1545  1.592300E-15
2.15503  1.585800E-15
2.15557  1.582390E-15
2.15611  1.578980E-15
2.15664  1.581010E-15
2.15718  1.591870E-15
2.15772  1.582950E-15
2.15825  1.583140E-15
2.15879  1.584350E-15
2.15933  1.590500E-15
2.15987  1.582710E-15
2.1604  1.589710E-15
2.16094  1.589100E-15
2.16148  1.582540E-15
2.16201  1.591390E-15
2.16255  1.586890E-15
2.16309  1.592500E-15
2.16362  1.593280E-15
2.16416  1.589120E-15
2.1647  1.600690E-15
2.16523  1.607210E-15
2.16577  1.623860E-15
2.16631  1.613470E-15
2.16685  1.603930E-15
2.16738  1.610100E-15
2.16792  1.585810E-15
2.16846  1.583910E-15
2.16899  1.589990E-15
2.16953  1.602870E-15
2.17007  1.605900E-15
2.1706  1.601140E-15
2.17114  1.587150E-15
2.17168  1.590550E-15
2.17221  1.581160E-15
2.17275  1.575040E-15
2.17329  1.580090E-15
2.17382  1.579010E-15
2.17436  1.582500E-15
2.1749  1.598380E-15
2.17544  1.577610E-15
2.17597  1.595220E-15
2.17651  1.584700E-15
2.17705  1.585690E-15
2.17758  1.584610E-15
2.17812  1.577750E-15
2.17866  1.579840E-15
2.17919  1.591570E-15
2.17973  1.577190E-15
2.18027  1.593420E-15
2.1808  1.581290E-15
2.18134  1.574980E-15
2.18188  1.573730E-15
2.18241  1.575150E-15
2.18295  1.582530E-15
2.18349  1.577350E-15
2.18402  1.567700E-15
2.18456  1.566340E-15
2.1851  1.572090E-15
2.18563  1.584630E-15
2.18617  1.586730E-15
2.18671  1.590990E-15
2.18724  1.598510E-15
2.18778  1.598540E-15
2.18832  1.609130E-15
2.18885  1.627080E-15
2.18939  1.607000E-15
2.18993  1.599380E-15
2.19047  1.590870E-15
2.191  1.571170E-15
2.19154  1.564270E-15
2.19208  1.594640E-15
2.19261  1.584800E-15
2.19315  1.583790E-15
2.19369  1.571990E-15
2.19422  1.574140E-15
2.19476  1.581590E-15
2.1953  1.576640E-15
2.19583  1.576870E-15
2.19637  1.595070E-15
2.19691  1.581240E-15
2.19744  1.573490E-15
2.19798  1.587950E-15
2.19852  1.580840E-15
2.19905  1.581030E-15
2.19959  1.572740E-15
2.20013  1.578110E-15
2.20066  1.587430E-15
2.2012  1.582450E-15
2.20174  1.580030E-15
2.20227  1.575660E-15
2.20281  1.587000E-15
2.20335  1.577520E-15
2.20388  1.586290E-15
2.20442  1.571520E-15
2.20496  1.578600E-15
2.20549  1.594660E-15
2.20603  1.589150E-15
2.20657  1.596350E-15
2.2071  1.589330E-15
2.20764  1.603320E-15
2.20818  1.595460E-15
2.20871  1.593100E-15
2.20925  1.589420E-15
2.20979  1.585980E-15
2.21032  1.596850E-15
2.21086  1.607260E-15
2.2114  1.579330E-15
2.21193  1.597800E-15
2.21247  1.590700E-15
2.21301  1.584440E-15
2.21354  1.594550E-15
2.21408  1.576760E-15
2.21462  1.604480E-15
2.21515  1.580590E-15
2.21569  1.587340E-15
2.21623  1.583270E-15
2.21676  1.602030E-15
2.2173  1.601200E-15
2.21784  1.589990E-15
2.21837  1.605520E-15
2.21891  1.610970E-15
2.21945  1.601360E-15
2.21998  1.601680E-15
2.22052  1.592210E-15
2.22106  1.602150E-15
2.22159  1.600470E-15
2.22213  1.609280E-15
2.22267  1.593200E-15
2.2232  1.611590E-15
2.22374  1.595800E-15
2.22427  1.604410E-15
2.22481  1.588110E-15
2.22535  1.587900E-15
2.22588  1.593820E-15
2.22642  1.609820E-15
2.22696  1.600070E-15
2.22749  1.622780E-15
2.22803  1.608300E-15
2.22857  1.599700E-15
2.2291  1.603160E-15
2.22964  1.610510E-15
2.23018  1.607240E-15
2.23071  1.621260E-15
2.23125  1.599350E-15
2.23179  1.598080E-15
2.23232  1.587760E-15
2.23286  1.603010E-15
2.2334  1.618130E-15
2.23393  1.629660E-15
2.23447  1.611700E-15
2.23501  1.624880E-15
2.23554  1.616840E-15
2.23608  1.615500E-15
2.23662  1.609230E-15
2.23715  1.613300E-15
2.23769  1.618510E-15
2.23823  1.598060E-15
2.23876  1.598300E-15
2.2393  1.605740E-15
2.23983  1.598130E-15
2.24037  1.606820E-15
2.24091  1.609350E-15
2.24144  1.602050E-15
2.24198  1.610640E-15
2.24252  1.591210E-15
2.24305  1.587220E-15
2.24359  1.602550E-15
2.24413  1.596120E-15
2.24466  1.588090E-15
2.2452  1.604330E-15
2.24574  1.590070E-15
2.24627  1.579060E-15
2.24681  1.588880E-15
2.24735  1.593510E-15
2.24788  1.585100E-15
2.24842  1.594540E-15
2.24896  1.587630E-15
2.24949  1.591480E-15
2.25003  1.580190E-15
2.25056  1.558650E-15
2.2511  1.583550E-15
2.25164  1.565930E-15
2.25217  1.572440E-15
2.25271  1.562670E-15
2.25325  1.577090E-15
2.25378  1.569560E-15
2.25432  1.564120E-15
2.25486  1.572110E-15
2.25539  1.552060E-15
2.25593  1.549930E-15
2.25647  1.549650E-15
2.257  1.557880E-15
2.25754  1.553880E-15
2.25808  1.534520E-15
2.25861  1.545340E-15
2.25915  1.544200E-15
2.25968  1.564010E-15
2.26022  1.552230E-15
2.26076  1.558870E-15
2.26129  1.556830E-15
2.26183  1.547580E-15
2.26237  1.552030E-15
2.2629  1.554130E-15
2.26344  1.550420E-15
2.26398  1.560330E-15
2.26451  1.557060E-15
2.26505  1.550280E-15
2.26559  1.545240E-15
2.26612  1.559540E-15
2.26666  1.556110E-15
2.26719  1.557590E-15
2.26773  1.537700E-15
2.26827  1.530160E-15
2.2688  1.556510E-15
2.26934  1.562310E-15
2.26988  1.562730E-15
2.27041  1.553440E-15
2.27095  1.550970E-15
2.27149  1.543340E-15
2.27202  1.550380E-15
2.27256  1.547500E-15
2.2731  1.547160E-15
2.27363  1.545600E-15
2.27417  1.541190E-15
2.2747  1.529080E-15
2.27524  1.530690E-15
2.27578  1.520060E-15
2.27631  1.527540E-15
2.27685  1.544310E-15
2.27739  1.524930E-15
2.27792  1.520480E-15
2.27846  1.560340E-15
2.279  1.558940E-15
2.27953  1.528370E-15
2.28007  1.536780E-15
2.28061  1.531440E-15
2.28114  1.542440E-15
2.28168  1.531680E-15
2.28221  1.539270E-15
2.28275  1.528270E-15
2.28329  1.544190E-15
2.28382  1.530600E-15
2.28436  1.549460E-15
2.2849  1.521070E-15
2.28543  1.547420E-15
2.28597  1.544890E-15
2.28651  1.547180E-15
2.28704  1.546380E-15
2.28758  1.542900E-15
2.28811  1.542390E-15
2.28865  1.549810E-15
2.28919  1.525130E-15
2.28972  1.536280E-15
2.29026  1.516420E-15
2.2908  1.531130E-15
2.29133  1.520880E-15
2.29187  1.534710E-15
2.29241  1.552750E-15
2.29294  1.550790E-15
2.29348  1.529980E-15
2.29401  1.529310E-15
2.29455  1.535630E-15
2.29509  1.519750E-15
2.29562  1.512880E-15
2.29616  1.530030E-15
2.2967  1.541990E-15
2.29723  1.525470E-15
2.29777  1.510280E-15
2.29831  1.528010E-15
2.29884  1.523030E-15
2.29938  1.516270E-15
2.29991  1.521380E-15
2.30045  1.539600E-15
2.30099  1.538120E-15
2.30152  1.536280E-15
2.30206  1.529400E-15
2.3026  1.519820E-15
2.30313  1.507980E-15
2.30367  1.531090E-15
2.30421  1.534110E-15
2.30474  1.529070E-15
2.30528  1.529130E-15
2.30581  1.508700E-15
2.30635  1.525690E-15
2.30689  1.527970E-15
2.30742  1.509270E-15
2.30796  1.510480E-15
2.3085  1.510860E-15
2.30903  1.524010E-15
2.30957  1.513860E-15
2.31011  1.529720E-15
2.31064  1.508550E-15
2.31118  1.517050E-15
2.31171  1.527430E-15
2.31225  1.506670E-15
2.31279  1.530140E-15
2.31332  1.515130E-15
2.31386  1.520480E-15
2.3144  1.522210E-15
2.31493  1.526840E-15
2.31547  1.533110E-15
2.31601  1.522480E-15
2.31654  1.480030E-15
2.31708  1.509170E-15
2.31761  1.504260E-15
2.31815  1.521470E-15
2.31869  1.521370E-15
2.31922  1.516530E-15
2.31976  1.506520E-15
2.3203  1.508250E-15
2.32083  1.538260E-15
2.32137  1.532400E-15
2.32191  1.508330E-15
2.32244  1.533030E-15
2.32298  1.520280E-15
2.32351  1.527430E-15
2.32405  1.517050E-15
2.32459  1.509800E-15
2.32512  1.533350E-15
2.32566  1.513690E-15
2.3262  1.522750E-15
2.32673  1.531310E-15
2.32727  1.550480E-15
2.32781  1.515260E-15
2.32834  1.525900E-15
2.32888  1.512090E-15
2.32941  1.526990E-15
2.32995  1.520550E-15
2.33049  1.508330E-15
2.33102  1.497060E-15
2.33156  1.507320E-15
2.3321  1.502570E-15
2.33263  1.505170E-15
2.33317  1.511260E-15
2.3337  1.509210E-15
2.33424  1.510580E-15
2.33478  1.505970E-15
2.33531  1.506760E-15
2.33585  1.513170E-15
2.33639  1.530560E-15
2.33692  1.501020E-15
2.33746  1.517850E-15
2.338  1.521550E-15
2.33853  1.503490E-15
2.33907  1.487780E-15
2.3396  1.498290E-15
2.34014  1.512140E-15
2.34068  1.511560E-15
2.34121  1.497250E-15
2.34175  1.520080E-15
2.34229  1.521820E-15
2.34282  1.502320E-15
2.34336  1.498250E-15
2.3439  1.495440E-15
2.34443  1.509840E-15
2.34497  1.504750E-15
2.3455  1.506390E-15
2.34604  1.500240E-15
2.34658  1.490740E-15
2.34711  1.500290E-15
2.34765  1.486550E-15
2.34819  1.501720E-15
2.34872  1.496470E-15
2.34926  1.511270E-15
2.3498  1.500220E-15
2.35033  1.487780E-15
2.35087  1.500130E-15
2.3514  1.515440E-15
2.35194  1.514500E-15
2.35248  1.484050E-15
2.35301  1.500050E-15
2.35355  1.500780E-15
2.35409  1.498930E-15
2.35462  1.495270E-15
2.35516  1.495650E-15
2.3557  1.500180E-15
2.35623  1.517420E-15
2.35677  1.505870E-15
2.3573  1.509650E-15
2.35784  1.492790E-15
2.35838  1.482030E-15
2.35891  1.508940E-15
2.35945  1.520130E-15
2.35999  1.524590E-15
2.36052  1.493110E-15
2.36106  1.496580E-15
2.3616  1.496140E-15
2.36213  1.495580E-15
2.36267  1.503570E-15
2.3632  1.504540E-15
2.36374  1.488310E-15
2.36428  1.487610E-15
2.36481  1.486310E-15
2.36535  1.456180E-15
2.36589  1.472900E-15
2.36642  1.434320E-15
2.36696  1.448860E-15
2.3675  1.437000E-15
2.36803  1.453410E-15
2.36857  1.462230E-15
2.3691  1.467160E-15
2.36964  1.447230E-15
2.37018  1.416880E-15
2.37071  1.423980E-15
2.37125  1.451160E-15
2.37179  1.443700E-15
2.37232  1.475980E-15
2.37286  1.472730E-15
2.3734  1.496190E-15
2.37393  1.491560E-15
2.37447  1.483220E-15
2.375  1.484990E-15
2.37554  1.471230E-15
2.37608  1.465620E-15
2.37661  1.484580E-15
2.37715  1.444640E-15
2.37769  1.480980E-15
2.37822  1.481860E-15
2.37876  1.478330E-15
2.3793  1.480990E-15
2.37983  1.473850E-15
2.38037  1.475930E-15
2.3809  1.499030E-15
2.38144  1.463640E-15
2.38198  1.474700E-15
2.38251  1.468970E-15
2.38305  1.451200E-15
2.38359  1.463580E-15
2.38412  1.449660E-15
2.38466  1.466330E-15
2.3852  1.478360E-15
2.38573  1.471450E-15
2.38627  1.471540E-15
2.3868  1.466540E-15
2.38734  1.464370E-15
2.38788  1.467760E-15
2.38841  1.476700E-15
2.38895  1.482060E-15
2.38949  1.478900E-15
2.39002  1.487550E-15
2.39056  1.471610E-15
2.3911  1.451980E-15
2.39163  1.498890E-15
2.39217  1.499230E-15
2.39271  1.486840E-15
2.39324  1.469700E-15
2.39378  1.470550E-15
2.39431  1.462620E-15
2.39485  1.468470E-15
2.39539  1.459730E-15
2.39592  1.437350E-15
2.39646  1.421130E-15
2.397  1.446900E-15
2.39753  1.419980E-15
2.39807  1.427730E-15
2.39861  1.460520E-15
2.39914  1.443710E-15
2.39968  1.438030E-15
2.40022  1.465090E-15
2.40075  1.472030E-15
2.40129  1.445740E-15
2.40182  1.441080E-15
2.40236  1.450940E-15
2.4029  1.462710E-15
2.40343  1.465060E-15
2.40397  1.428190E-15
2.40451  1.422020E-15
2.40504  1.458270E-15
2.40558  1.443110E-15
2.40612  1.459820E-15
2.40665  1.460550E-15
2.40719  1.427740E-15
2.40773  1.443910E-15
2.40826  1.460870E-15
2.4088  1.453850E-15
2.40933  1.462540E-15
2.40987  1.463350E-15
2.41041  1.453920E-15
2.41094  1.440480E-15
2.41148  1.442640E-15
2.41202  1.432330E-15
2.41255  1.469810E-15
2.41309  1.451010E-15
2.41363  1.434150E-15
2.41416  1.433860E-15
2.4147  1.481280E-15
2.41524  1.450880E-15
2.41577  1.447850E-15
2.41631  1.449450E-15
2.41685  1.452500E-15
2.41738  1.471590E-15
2.41792  1.439100E-15
2.41845  1.393410E-15
2.41899  1.420800E-15
2.41953  1.444240E-15
2.42006  1.457280E-15
2.4206  1.449060E-15
2.42114  1.454780E-15
2.42167  1.441170E-15
2.42221  1.454060E-15
2.42275  1.425850E-15
2.42328  1.429090E-15
2.42382  1.439810E-15
2.42436  1.438230E-15
2.42489  1.442600E-15
2.42543  1.415440E-15
2.42597  1.410430E-15
