0.808018  1.161942E-15
0.80822  1.085966E-15
0.808422  1.541040E-15
0.808623  1.377427E-15
0.808825  1.493909E-15
0.809027  1.556465E-15
0.809228  1.554939E-15
0.80943  1.419634E-15
0.809632  1.471541E-15
0.809833  1.666563E-15
0.810035  1.193772E-15
0.810237  1.611059E-15
0.810439  1.604941E-15
0.81064  1.681745E-15
0.810842  1.728157E-15
0.811044  1.520770E-15
0.811245  1.644900E-15
0.811447  1.570759E-15
0.811649  1.677552E-15
0.811724  1.801653E-15
0.811958  1.592201E-15
0.812192  1.647888E-15
0.812426  1.368791E-15
0.81266  1.509153E-15
0.812894  1.651921E-15
0.813128  1.593092E-15
0.813362  1.453648E-15
0.813596  1.567840E-15
0.81383  1.551855E-15
0.814064  1.482970E-15
0.814298  1.602505E-15
0.814531  1.559328E-15
0.814765  1.558213E-15
0.814999  1.596923E-15
0.815233  1.526855E-15
0.815467  1.757905E-15
0.815701  1.630976E-15
0.815935  1.587709E-15
0.816168  1.338237E-15
0.816402  1.379775E-15
0.816636  1.593217E-15
0.81687  1.497742E-15
0.817104  1.479893E-15
0.817337  1.509860E-15
0.817571  1.645244E-15
0.817805  1.596303E-15
0.818039  1.647385E-15
0.818272  1.606676E-15
0.818506  1.954468E-15
0.81874  1.488470E-15
0.818973  1.442658E-15
0.819207  1.443067E-15
0.819441  1.447105E-15
0.819674  1.532156E-15
0.819908  1.486835E-15
0.820142  1.555824E-15
0.820375  1.407493E-15
0.820609  1.621301E-15
0.820842  1.414147E-15
0.821076  1.544044E-15
0.82131  1.742490E-15
0.821543  1.463620E-15
0.821777  1.530682E-15
0.82201  1.831865E-15
0.822244  1.468105E-15
0.822477  1.630776E-15
0.822711  1.399442E-15
0.822944  1.332386E-15
0.823178  1.555614E-15
0.823411  1.587565E-15
0.823645  1.586530E-15
0.823878  1.729960E-15
0.824112  1.799106E-15
0.824345  1.501262E-15
0.824579  1.704055E-15
0.824812  1.469736E-15
0.825045  1.747914E-15
0.825279  1.579756E-15
0.825512  1.586712E-15
0.825746  1.497429E-15
0.825979  1.501507E-15
0.826212  1.580990E-15
0.826446  1.379087E-15
0.826679  1.847112E-15
0.826912  1.733366E-15
0.827146  1.625095E-15
0.827379  1.909906E-15
0.827612  1.429417E-15
0.827846  1.743974E-15
0.828079  1.690564E-15
0.828312  1.715836E-15
0.828545  1.659860E-15
0.828779  1.857996E-15
0.829012  1.214925E-15
0.829245  1.518010E-15
0.829478  1.759767E-15
0.829711  1.637963E-15
0.829945  1.421476E-15
0.830178  1.383277E-15
0.830411  1.781593E-15
0.830644  1.786713E-15
0.830877  1.574449E-15
0.831111  1.529382E-15
0.831344  1.786064E-15
0.831577  1.490919E-15
0.83181  1.606562E-15
0.832043  1.692087E-15
0.832276  1.597123E-15
0.832509  1.923872E-15
0.832742  1.729315E-15
0.832975  1.807942E-15
0.833208  1.612684E-15
0.833441  1.624161E-15
0.833674  1.827695E-15
0.833907  1.796022E-15
0.834141  1.450184E-15
0.834374  1.719894E-15
0.834607  1.694337E-15
0.83484  1.534782E-15
0.835073  1.529326E-15
0.835305  1.702330E-15
0.835538  1.580952E-15
0.835771  1.824745E-15
0.836004  1.866508E-15
0.836237  1.738432E-15
0.83647  1.685847E-15
0.836703  1.761776E-15
0.836936  1.673873E-15
0.837169  1.801451E-15
0.837402  1.692956E-15
0.837635  1.530345E-15
0.837867  1.635066E-15
0.8381  1.592096E-15
0.838333  1.461085E-15
0.838566  1.702268E-15
0.838799  1.783048E-15
0.839032  1.515014E-15
0.839265  1.572255E-15
0.839497  1.625847E-15
0.83973  1.755359E-15
0.839963  1.712770E-15
0.840196  1.734262E-15
0.840428  1.906269E-15
0.840661  1.578328E-15
0.840894  1.702736E-15
0.841127  1.709240E-15
0.841359  1.695132E-15
0.841592  1.825014E-15
0.841825  1.711398E-15
0.842058  1.720469E-15
0.84229  1.539206E-15
0.842523  1.481591E-15
0.842756  1.682287E-15
0.842988  1.759416E-15
0.843221  1.813317E-15
0.843454  1.692636E-15
0.843686  1.578591E-15
0.843919  1.774564E-15
0.844151  1.713050E-15
0.844384  1.602283E-15
0.844617  1.670420E-15
0.844849  1.573358E-15
0.845082  1.581726E-15
0.845314  1.758561E-15
0.845547  1.552791E-15
0.845779  1.687722E-15
0.846012  1.657485E-15
0.846245  1.714754E-15
0.846477  1.542367E-15
0.84671  1.603335E-15
0.846942  1.671901E-15
0.847175  1.570791E-15
0.847407  1.799390E-15
0.84764  1.843717E-15
0.847872  1.681687E-15
0.848105  1.802701E-15
0.848337  1.893391E-15
0.84857  1.642785E-15
0.848802  1.715842E-15
0.849034  1.684052E-15
0.849267  1.795522E-15
0.849499  1.853953E-15
0.849732  1.716945E-15
0.849964  1.693746E-15
0.850196  1.655070E-15
0.850429  1.824511E-15
0.850661  1.968460E-15
0.850894  1.842180E-15
0.851126  1.883197E-15
0.851358  1.803561E-15
0.851591  1.638547E-15
0.851823  1.958924E-15
0.852055  1.770504E-15
0.852288  1.989012E-15
0.85252  1.773537E-15
0.852752  1.942905E-15
0.852985  1.608472E-15
0.853217  1.713735E-15
0.853449  1.749339E-15
0.853681  1.888844E-15
0.853914  1.920018E-15
0.854146  1.929859E-15
0.854378  1.752237E-15
0.85461  1.976006E-15
0.854843  1.811245E-15
0.855075  1.740332E-15
0.855307  1.793297E-15
0.855539  1.868066E-15
0.855771  1.789103E-15
0.856004  1.826881E-15
0.856236  1.936433E-15
0.856468  1.735968E-15
0.8567  1.932138E-15
0.856932  1.950189E-15
0.857165  1.842097E-15
0.857397  1.677219E-15
0.857629  1.744949E-15
0.857861  1.660133E-15
0.858093  1.803515E-15
0.858325  1.884467E-15
0.858557  1.856878E-15
0.858789  1.874067E-15
0.859021  1.808769E-15
0.859254  1.743089E-15
0.859486  1.926155E-15
0.859718  2.000631E-15
0.85995  1.905872E-15
0.860182  1.952952E-15
0.860414  1.697139E-15
0.860646  1.911659E-15
0.860878  1.797915E-15
0.86111  1.754008E-15
0.861342  1.914559E-15
0.861574  1.851867E-15
0.861806  1.794127E-15
0.862038  1.710296E-15
0.86227  1.854015E-15
0.862502  1.776659E-15
0.862734  2.046678E-15
0.862966  1.796793E-15
0.863198  1.852333E-15
0.86343  1.823001E-15
0.863662  1.821144E-15
0.863894  2.059356E-15
0.864126  1.865835E-15
0.864357  1.868720E-15
0.864589  1.828984E-15
0.864821  2.007183E-15
0.865053  2.048929E-15
0.865285  1.784292E-15
0.865517  1.855899E-15
0.865749  1.942591E-15
0.865981  1.953705E-15
0.866213  1.824829E-15
0.866444  1.923880E-15
0.866676  1.896634E-15
0.866908  1.869337E-15
0.86714  1.788495E-15
0.867372  1.855089E-15
0.867604  2.031993E-15
0.867835  1.797580E-15
0.868067  1.936915E-15
0.868299  2.030522E-15
0.868531  1.962541E-15
0.868763  1.735657E-15
0.868994  1.941096E-15
0.869226  1.722963E-15
0.869458  1.643355E-15
0.86969  1.790547E-15
0.869921  1.766409E-15
0.870153  1.861058E-15
0.870385  1.829462E-15
0.870617  1.844625E-15
0.870848  1.600303E-15
0.87108  1.933528E-15
0.871312  1.905641E-15
0.871543  1.851663E-15
0.871775  1.948827E-15
0.872007  2.124924E-15
0.872239  1.745029E-15
0.87247  1.856907E-15
0.872702  1.938284E-15
0.872934  1.901797E-15
0.873165  2.065555E-15
0.873397  2.021821E-15
0.873628  1.816212E-15
0.87386  1.756301E-15
0.874092  1.908492E-15
0.874323  1.765538E-15
0.874555  1.898324E-15
0.874787  1.848065E-15
0.875018  1.874474E-15
0.87525  2.069714E-15
0.875481  1.939440E-15
0.875713  1.775409E-15
0.875945  1.853267E-15
0.876176  1.946129E-15
0.876408  1.965752E-15
0.876639  1.937094E-15
0.876871  1.796278E-15
0.877102  1.763941E-15
0.877334  1.877801E-15
0.877566  1.827103E-15
0.877797  1.893293E-15
0.878029  1.934435E-15
0.87826  1.854690E-15
0.878492  1.902137E-15
0.878723  1.883743E-15
0.878955  1.693595E-15
0.879186  1.742585E-15
0.879418  1.844937E-15
0.879649  1.825721E-15
0.879881  1.952490E-15
0.880112  1.984782E-15
0.880343  1.866519E-15
0.880575  1.822206E-15
0.880806  1.915968E-15
0.881038  1.879623E-15
0.881269  1.737927E-15
0.881501  1.843847E-15
0.881732  1.846972E-15
0.881964  1.914244E-15
0.882195  1.870582E-15
0.882426  1.779964E-15
0.882658  2.023296E-15
0.882889  1.853237E-15
0.883121  1.843854E-15
0.883352  1.981465E-15
0.883583  1.864477E-15
0.883815  1.837263E-15
0.884046  1.780552E-15
0.884277  1.760305E-15
0.884509  1.838961E-15
0.88474  1.776528E-15
0.884972  1.836391E-15
0.885203  1.778168E-15
0.885434  1.806079E-15
0.885666  1.666652E-15
0.885897  1.695114E-15
0.886128  1.748122E-15
0.88636  1.963507E-15
0.886591  1.699398E-15
0.886822  1.753469E-15
0.887053  1.885535E-15
0.887285  1.713886E-15
0.887516  1.908413E-15
0.887747  2.029484E-15
0.887979  1.779910E-15
0.88821  1.864879E-15
0.888441  1.896027E-15
0.888672  1.881804E-15
0.888904  1.762644E-15
0.889135  1.709603E-15
0.889366  2.040394E-15
0.889597  1.868185E-15
0.889829  1.944535E-15
0.89006  1.675068E-15
0.890291  1.866376E-15
0.890522  1.690069E-15
0.890754  1.861501E-15
0.890985  1.798057E-15
0.891216  1.650996E-15
0.891447  1.965148E-15
0.891678  1.893275E-15
0.89191  1.954430E-15
0.892141  1.794270E-15
0.892372  1.798778E-15
0.892603  1.722556E-15
0.892834  1.673716E-15
0.893065  1.708912E-15
0.893297  1.426270E-15
0.893528  1.835501E-15
0.893759  1.734224E-15
0.89399  1.674158E-15
0.894221  1.695765E-15
0.894452  1.798492E-15
0.894683  1.683725E-15
0.894915  1.675094E-15
0.895146  1.715312E-15
0.895377  1.883584E-15
0.895608  1.770551E-15
0.895839  1.832758E-15
0.89607  1.609220E-15
0.896301  1.839609E-15
0.896532  1.833073E-15
0.896763  1.736056E-15
0.896995  1.522893E-15
0.897226  1.638086E-15
0.897457  1.542032E-15
0.897688  1.789488E-15
0.897919  1.499866E-15
0.89815  1.721294E-15
0.898381  1.601337E-15
0.898612  1.557760E-15
0.898843  1.472570E-15
0.899074  1.499167E-15
0.899305  1.454878E-15
0.899536  1.604487E-15
0.899767  1.693151E-15
0.899998  1.600375E-15
0.900229  1.522773E-15
0.90046  1.850112E-15
0.900691  1.727240E-15
0.900922  1.488523E-15
0.901153  1.545447E-15
0.901384  1.755467E-15
0.901615  1.595644E-15
0.901846  1.658441E-15
0.902077  1.747695E-15
0.902308  1.762225E-15
0.902539  1.553797E-15
0.90277  1.888269E-15
0.903001  1.661049E-15
0.903232  1.785540E-15
0.903463  1.777030E-15
0.903694  1.785136E-15
0.903925  1.752263E-15
0.904156  1.796498E-15
0.904387  1.669068E-15
0.904618  1.573016E-15
0.904849  1.740952E-15
0.90508  1.995446E-15
0.905311  1.838752E-15
0.905542  1.707073E-15
0.905773  1.597483E-15
0.906004  1.589093E-15
0.906234  1.686494E-15
0.906465  1.672783E-15
0.906696  1.524318E-15
0.906927  1.534890E-15
0.907158  1.547115E-15
0.907389  1.555753E-15
0.90762  1.602052E-15
0.907851  1.742446E-15
0.908082  1.761586E-15
0.908313  1.836096E-15
0.908543  1.721165E-15
0.908774  1.686037E-15
0.909005  1.717043E-15
0.909236  1.958713E-15
0.909467  1.902580E-15
0.909698  1.899952E-15
0.909929  1.579828E-15
0.91016  1.526812E-15
0.91039  1.860542E-15
0.910621  1.798787E-15
0.910852  1.932725E-15
0.911083  1.826373E-15
0.911314  1.558574E-15
0.911545  1.777695E-15
0.911775  1.870634E-15
0.912006  1.906299E-15
0.912237  1.644574E-15
0.912468  1.602913E-15
0.912699  1.822023E-15
0.91293  1.584730E-15
0.91316  1.516843E-15
0.913391  1.609862E-15
0.913622  1.685242E-15
0.913853  1.813386E-15
0.914084  1.874666E-15
0.914314  1.897063E-15
0.914545  1.729401E-15
0.914776  1.551578E-15
0.915007  1.570407E-15
0.915237  1.743527E-15
0.915468  1.538687E-15
0.915699  1.515285E-15
0.91593  1.563617E-15
0.916161  1.638957E-15
0.916391  1.619424E-15
0.916622  1.740471E-15
0.916853  1.603116E-15
0.917084  1.687295E-15
0.917314  1.492918E-15
0.917545  1.522109E-15
0.917776  1.692331E-15
0.918007  1.495881E-15
0.918237  1.655830E-15
0.918468  1.627879E-15
0.918699  1.645656E-15
0.91893  1.747942E-15
0.91916  1.822590E-15
0.919391  1.555760E-15
0.919622  1.712973E-15
0.919853  1.912757E-15
0.920083  1.549493E-15
0.920314  1.594828E-15
0.920545  1.487078E-15
0.920775  1.685287E-15
0.921006  1.601117E-15
0.921237  1.585423E-15
0.921468  1.777077E-15
0.921698  1.467470E-15
0.921929  1.517394E-15
0.92216  1.817409E-15
0.92239  1.693845E-15
0.922621  1.739340E-15
0.922852  1.903285E-15
0.923082  1.707129E-15
0.923313  1.720516E-15
0.923544  1.798780E-15
0.923775  1.773134E-15
0.924005  1.681509E-15
0.924236  1.506328E-15
0.924467  1.731472E-15
0.924697  1.595093E-15
0.924928  1.682085E-15
0.925159  1.713640E-15
0.925389  1.792685E-15
0.92562  1.703155E-15
0.925851  1.749812E-15
0.926081  1.658578E-15
0.926312  1.785794E-15
0.926543  1.581614E-15
0.926773  1.811475E-15
0.927004  1.811935E-15
0.927234  1.725452E-15
0.927465  1.550703E-15
0.927696  1.837153E-15
0.927926  1.692408E-15
0.928157  1.770701E-15
0.928388  1.871811E-15
0.928618  1.559846E-15
0.928849  1.528920E-15
0.92908  1.726482E-15
0.92931  1.552256E-15
0.929541  1.804613E-15
0.929771  1.693760E-15
0.930002  1.573407E-15
0.930233  1.965985E-15
0.930463  1.613448E-15
0.930694  1.739359E-15
0.930925  1.965018E-15
0.931155  1.739687E-15
0.931386  1.703991E-15
0.931616  1.813808E-15
0.931847  1.730142E-15
0.932078  1.624762E-15
0.932308  1.828354E-15
0.932539  1.716580E-15
0.932769  1.523167E-15
0.933  1.625879E-15
0.933231  1.764836E-15
0.933461  2.031629E-15
0.933692  1.805688E-15
0.933922  1.726352E-15
0.934153  1.652066E-15
0.934384  1.316399E-15
0.934614  1.534771E-15
0.934845  1.545351E-15
0.935075  1.638513E-15
0.935306  1.740182E-15
0.935537  1.666748E-15
0.935767  1.749298E-15
0.935998  1.392649E-15
0.936228  1.580927E-15
0.936459  1.676072E-15
0.936689  1.714651E-15
0.93692  1.718377E-15
0.937151  1.696300E-15
0.937381  1.734968E-15
0.937612  1.328800E-15
0.937842  1.872830E-15
0.938073  1.544271E-15
0.938304  1.474076E-15
0.938534  1.496791E-15
0.938765  1.630164E-15
0.938995  1.676077E-15
0.939226  1.885066E-15
0.939456  1.723833E-15
0.939537  1.785579E-15
0.939808  1.855942E-15
0.940079  1.777279E-15
0.940351  1.824654E-15
0.940622  1.722503E-15
0.940893  1.885626E-15
0.941164  1.823998E-15
0.941436  1.646092E-15
0.941707  1.674919E-15
0.941978  1.745412E-15
0.942249  1.817568E-15
0.94252  1.885936E-15
0.942792  1.777492E-15
0.943063  1.747930E-15
0.943334  1.734030E-15
0.943605  1.733137E-15
0.943876  1.712072E-15
0.944148  1.915645E-15
0.944419  1.843587E-15
0.94469  1.671204E-15
0.944961  1.674910E-15
0.945232  1.733147E-15
0.945503  1.798569E-15
0.945775  1.770770E-15
0.946046  1.740838E-15
0.946317  1.787721E-15
0.946588  1.691304E-15
0.946859  1.613514E-15
0.94713  1.742425E-15
0.947401  1.885934E-15
0.947672  1.899089E-15
0.947944  1.849266E-15
0.948215  1.733851E-15
0.948486  1.720792E-15
0.948757  1.785351E-15
0.949028  1.865642E-15
0.949299  1.865220E-15
0.94957  1.852422E-15
0.949841  1.491361E-15
0.950112  1.816305E-15
0.950383  1.661101E-15
0.950654  1.870341E-15
0.950925  1.747702E-15
0.951196  1.574692E-15
0.951467  1.638189E-15
0.951738  1.759491E-15
0.952009  1.885734E-15
0.95228  1.836673E-15
0.952551  1.906071E-15
0.952822  2.003535E-15
0.953093  2.052311E-15
0.953364  1.840314E-15
0.953635  1.839661E-15
0.953906  1.960612E-15
0.954177  1.889217E-15
0.954448  1.834746E-15
0.954719  1.802961E-15
0.95499  1.857618E-15
0.955261  1.684290E-15
0.955532  1.773457E-15
0.955803  1.780960E-15
0.956073  2.065026E-15
0.956344  1.935576E-15
0.956615  1.715505E-15
0.956886  2.011193E-15
0.957157  1.836733E-15
0.957428  1.892913E-15
0.957699  1.800578E-15
0.95797  1.772611E-15
0.958241  1.750124E-15
0.958511  1.843168E-15
0.958782  1.757415E-15
0.959053  1.698928E-15
0.959324  1.875146E-15
0.959595  1.865255E-15
0.959866  1.795435E-15
0.960136  1.888878E-15
0.960407  1.989065E-15
0.960678  1.818766E-15
0.960949  1.702243E-15
0.96122  1.720719E-15
0.961491  1.655608E-15
0.961761  1.929839E-15
0.962032  1.755483E-15
0.962303  1.747004E-15
0.962574  1.660923E-15
0.962844  1.689888E-15
0.963115  1.760516E-15
0.963386  1.721788E-15
0.963657  1.655606E-15
0.963927  1.664352E-15
0.964198  1.658579E-15
0.964469  1.718516E-15
0.96474  1.662794E-15
0.96501  1.699646E-15
0.965281  1.537174E-15
0.965552  1.694673E-15
0.965822  1.651066E-15
0.966093  1.707485E-15
0.966364  1.628047E-15
0.966635  1.606584E-15
0.966905  1.726528E-15
0.967176  1.729242E-15
0.967447  1.690053E-15
0.967717  1.698518E-15
0.967988  1.741631E-15
0.968259  1.726179E-15
0.968529  1.662574E-15
0.9688  1.745905E-15
0.96907  1.748158E-15
0.969341  1.642179E-15
0.969612  1.659993E-15
0.969882  1.656494E-15
0.970153  1.600574E-15
0.970424  1.761566E-15
0.970694  1.660247E-15
0.970965  1.611370E-15
0.971235  1.593594E-15
0.971506  1.667056E-15
0.971776  1.701131E-15
0.972047  1.697142E-15
0.972318  1.546016E-15
0.972588  1.534923E-15
0.972859  1.581753E-15
0.973129  1.658320E-15
0.9734  1.470775E-15
0.97367  1.696892E-15
0.973941  1.653817E-15
0.974212  1.573530E-15
0.974482  1.632884E-15
0.974753  1.649785E-15
0.975023  1.609265E-15
0.975294  1.538657E-15
0.975564  1.752540E-15
0.975835  1.657054E-15
0.976105  1.582288E-15
0.976376  1.631131E-15
0.976646  1.684853E-15
0.976917  1.547066E-15
0.977187  1.623031E-15
0.977457  1.565358E-15
0.977728  1.509489E-15
0.977998  1.658515E-15
0.978269  1.635409E-15
0.978539  1.624948E-15
0.97881  1.684270E-15
0.97908  1.632690E-15
0.979351  1.669259E-15
0.979621  1.662103E-15
0.979891  1.581297E-15
0.980162  1.581316E-15
0.980432  1.584140E-15
0.980703  1.564521E-15
0.980973  1.509524E-15
0.981243  1.616658E-15
0.981514  1.681060E-15
0.981784  1.611195E-15
0.982055  1.614910E-15
0.982325  1.641380E-15
0.982595  1.675474E-15
0.982866  1.602012E-15
0.983136  1.656024E-15
0.983406  1.640893E-15
0.983677  1.610955E-15
0.983947  1.552552E-15
0.984217  1.597136E-15
0.984488  1.633143E-15
0.984758  1.645375E-15
0.985028  1.653108E-15
0.985299  1.530714E-15
0.985569  1.493542E-15
0.985839  1.529168E-15
0.98611  1.457561E-15
0.98638  1.595682E-15
0.98665  1.509727E-15
0.986921  1.525336E-15
0.987191  1.475510E-15
0.987461  1.544119E-15
0.987731  1.533097E-15
0.988002  1.576628E-15
0.988272  1.526842E-15
0.988542  1.518145E-15
0.988812  1.604928E-15
0.989083  1.583907E-15
0.989353  1.569839E-15
0.989623  1.575418E-15
0.989893  1.550209E-15
0.990164  1.510402E-15
0.990434  1.481407E-15
0.990704  1.551347E-15
0.990974  1.523503E-15
0.991244  1.565782E-15
0.991515  1.623429E-15
0.991785  1.592369E-15
0.992055  1.495075E-15
0.992325  1.373565E-15
0.992595  1.520500E-15
0.992866  1.548632E-15
0.993136  1.398929E-15
0.993406  1.466746E-15
0.993676  1.467245E-15
0.993946  1.546513E-15
0.994216  1.394206E-15
0.994487  1.472361E-15
0.994757  1.451771E-15
0.995027  1.445498E-15
0.995297  1.582574E-15
0.995567  1.606127E-15
0.995837  1.528901E-15
0.996107  1.508542E-15
0.996377  1.551731E-15
0.996648  1.550247E-15
0.996918  1.603856E-15
0.997188  1.559712E-15
0.997458  1.476646E-15
0.997728  1.580489E-15
0.997998  1.522619E-15
0.998268  1.490228E-15
0.998538  1.576407E-15
0.998808  1.518127E-15
0.999078  1.491146E-15
0.999348  1.523344E-15
0.999618  1.538752E-15
0.999888  1.560231E-15
1.00016  1.592469E-15
1.00043  1.463498E-15
1.0007  1.448509E-15
1.00097  1.513078E-15
1.00124  1.390550E-15
1.00151  1.464065E-15
1.00178  1.549402E-15
1.00205  1.622285E-15
1.00232  1.545772E-15
1.00259  1.419217E-15
1.00286  1.500356E-15
1.00313  1.515292E-15
1.0034  1.628771E-15
1.00367  1.608482E-15
1.00394  1.375420E-15
1.00421  1.523463E-15
1.00448  1.486844E-15
1.00475  1.513692E-15
1.00502  1.535511E-15
1.00529  1.459550E-15
1.00556  1.440664E-15
1.00583  1.499391E-15
1.0061  1.484072E-15
1.00637  1.427196E-15
1.00664  1.373937E-15
1.00691  1.447521E-15
1.00718  1.463519E-15
1.00745  1.407345E-15
1.00772  1.496958E-15
1.00799  1.416700E-15
1.00826  1.491075E-15
1.00853  1.470797E-15
1.0088  1.552465E-15
1.00907  1.433987E-15
1.00934  1.502030E-15
1.00961  1.536833E-15
1.00988  1.527054E-15
1.01015  1.454059E-15
1.01042  1.414877E-15
1.01069  1.471749E-15
1.01096  1.450790E-15
1.01123  1.492355E-15
1.0115  1.488296E-15
1.01177  1.477445E-15
1.01204  1.519821E-15
1.01231  1.503590E-15
1.01258  1.459940E-15
1.01285  1.534905E-15
1.01312  1.470837E-15
1.01339  1.459385E-15
1.01365  1.463852E-15
1.01392  1.516457E-15
1.01419  1.524871E-15
1.01446  1.353398E-15
1.01473  1.479446E-15
1.015  1.559610E-15
1.01527  1.503888E-15
1.01554  1.443598E-15
1.01581  1.512822E-15
1.01608  1.484640E-15
1.01635  1.470713E-15
1.01662  1.494084E-15
1.01689  1.447649E-15
1.01716  1.525689E-15
1.01743  1.590615E-15
1.0177  1.479494E-15
1.01797  1.503325E-15
1.01824  1.508904E-15
1.01851  1.476615E-15
1.01878  1.480381E-15
1.01905  1.440688E-15
1.01932  1.543642E-15
1.01959  1.393931E-15
1.01986  1.505111E-15
1.02013  1.535514E-15
1.0204  1.485974E-15
1.02067  1.472769E-15
1.02094  1.505587E-15
1.02121  1.461977E-15
1.02148  1.589956E-15
1.02175  1.619528E-15
1.02202  1.567784E-15
1.02229  1.658966E-15
1.02256  1.503115E-15
1.02283  1.458504E-15
1.0231  1.685750E-15
1.02337  1.660825E-15
1.02364  1.629637E-15
1.02391  1.682811E-15
1.02417  1.749289E-15
1.02444  1.623272E-15
1.02471  1.587277E-15
1.02498  1.634430E-15
1.02525  1.598925E-15
1.02552  1.560876E-15
1.02579  1.600115E-15
1.02606  1.611153E-15
1.02633  1.517415E-15
1.0266  1.473095E-15
1.02687  1.512374E-15
1.02714  1.468505E-15
1.02741  1.504157E-15
1.02768  1.532045E-15
1.02795  1.567277E-15
1.02822  1.533365E-15
1.02849  1.424230E-15
1.02876  1.666580E-15
1.02903  1.530747E-15
1.0293  1.464208E-15
1.02957  1.604706E-15
1.02984  1.529001E-15
1.03011  1.638814E-15
1.03038  1.673865E-15
1.03065  1.554442E-15
1.03091  1.570820E-15
1.03118  1.523636E-15
1.03145  1.567552E-15
1.03172  1.588348E-15
1.03199  1.606539E-15
1.03226  1.599174E-15
1.03253  1.591941E-15
1.0328  1.650072E-15
1.03307  1.636647E-15
1.03334  1.608246E-15
1.03361  1.546606E-15
1.03388  1.564877E-15
1.03415  1.557663E-15
1.03442  1.533059E-15
1.03469  1.634987E-15
1.03496  1.556868E-15
1.03523  1.633231E-15
1.0355  1.573044E-15
1.03577  1.577852E-15
1.03604  1.496578E-15
1.03631  1.522873E-15
1.03657  1.600758E-15
1.03684  1.586192E-15
1.03711  1.632452E-15
1.03738  1.579968E-15
1.03765  1.674372E-15
1.03792  1.589343E-15
1.03819  1.491360E-15
1.03846  1.562383E-15
1.03873  1.624741E-15
1.039  1.549759E-15
1.03927  1.672011E-15
1.03954  1.664026E-15
1.03981  1.610341E-15
1.04008  1.566083E-15
1.04035  1.585826E-15
1.04062  1.630623E-15
1.04089  1.545754E-15
1.04116  1.571868E-15
1.04142  1.550209E-15
1.04169  1.527889E-15
1.04196  1.508164E-15
1.04223  1.599622E-15
1.0425  1.474694E-15
1.04277  1.520402E-15
1.04304  1.659322E-15
1.04331  1.589961E-15
1.04358  1.575354E-15
1.04385  1.480358E-15
1.04412  1.544889E-15
1.04439  1.547963E-15
1.04466  1.562577E-15
1.04493  1.399173E-15
1.0452  1.470135E-15
1.04547  1.427250E-15
1.04573  1.451100E-15
1.046  1.411320E-15
1.04627  1.423420E-15
1.04654  1.497537E-15
1.04681  1.483993E-15
1.04708  1.506040E-15
1.04735  1.475416E-15
1.04762  1.515895E-15
1.04789  1.433221E-15
1.04816  1.503391E-15
1.04843  1.532891E-15
1.0487  1.399540E-15
1.04897  1.440770E-15
1.04924  1.472403E-15
1.04951  1.379913E-15
1.04977  1.484712E-15
1.05004  1.483559E-15
1.05031  1.423585E-15
1.05058  1.509221E-15
1.05085  1.414277E-15
1.05112  1.517453E-15
1.05139  1.392768E-15
1.05166  1.496615E-15
1.05193  1.491465E-15
1.0522  1.408923E-15
1.05247  1.318597E-15
1.05274  1.482116E-15
1.05301  1.367689E-15
1.05328  1.378237E-15
1.05354  1.532099E-15
1.05381  1.354945E-15
1.05408  1.373666E-15
1.05435  1.428348E-15
1.05462  1.451877E-15
1.05489  1.366591E-15
1.05516  1.496652E-15
1.05543  1.373851E-15
1.0557  1.352224E-15
1.05597  1.275682E-15
1.05624  1.418494E-15
1.05651  1.380589E-15
1.05678  1.308004E-15
1.05704  1.474577E-15
1.05731  1.338164E-15
1.05758  1.363687E-15
1.05785  1.439304E-15
1.05812  1.456141E-15
1.05839  1.389157E-15
1.05866  1.333992E-15
1.05893  1.429924E-15
1.0592  1.338298E-15
1.05947  1.451278E-15
1.05974  1.439016E-15
1.06001  1.436181E-15
1.06028  1.371069E-15
1.06054  1.368104E-15
1.06081  1.381145E-15
1.06108  1.439152E-15
1.06135  1.383647E-15
1.06162  1.380260E-15
1.06189  1.427619E-15
1.06216  1.230446E-15
1.06243  1.365162E-15
1.0627  1.374336E-15
1.06297  1.321466E-15
1.06324  1.287458E-15
1.06351  1.345215E-15
1.06377  1.311447E-15
1.06404  1.239325E-15
1.06431  1.365276E-15
1.06458  1.307077E-15
1.06485  1.236718E-15
1.06512  1.283315E-15
1.06539  1.274770E-15
1.06566  1.232568E-15
1.06593  1.239369E-15
1.0662  1.410064E-15
1.06647  1.291595E-15
1.06673  1.330559E-15
1.067  1.348418E-15
1.06727  1.327312E-15
1.06754  1.287424E-15
1.06781  1.467374E-15
1.06808  1.351389E-15
1.06835  1.342444E-15
1.06862  1.361855E-15
1.06889  1.335520E-15
1.06916  1.451403E-15
1.06943  1.280977E-15
1.06969  1.327063E-15
1.06996  1.313680E-15
1.07023  1.321973E-15
1.0705  1.356910E-15
1.07077  1.297110E-15
1.07104  1.328251E-15
1.07131  1.307535E-15
1.07158  1.416165E-15
1.07185  1.382999E-15
1.07212  1.410003E-15
1.07239  1.322887E-15
1.07265  1.431617E-15
1.07292  1.423312E-15
1.07319  1.527384E-15
1.07346  1.461364E-15
1.07373  1.445186E-15
1.074  1.536947E-15
1.07427  1.514839E-15
1.07454  1.507797E-15
1.07481  1.501205E-15
1.07508  1.542342E-15
1.07535  1.623024E-15
1.07561  1.663730E-15
1.07588  1.760149E-15
1.07615  1.857618E-15
1.07642  1.786810E-15
1.07669  1.812371E-15
1.07696  1.952701E-15
1.07723  1.782149E-15
1.0775  1.643179E-15
1.07777  1.500022E-15
1.07804  1.436616E-15
1.0783  1.317700E-15
1.07857  1.355932E-15
1.07884  1.295922E-15
1.07911  1.366006E-15
1.07938  1.352053E-15
1.07965  1.311886E-15
1.07992  1.365843E-15
1.08019  1.390353E-15
1.08046  1.405557E-15
1.08073  1.286410E-15
1.08099  1.348752E-15
1.08126  1.325493E-15
1.08153  1.345585E-15
1.0818  1.244609E-15
1.08207  1.258601E-15
1.08234  1.414755E-15
1.08261  1.465067E-15
1.08288  1.278461E-15
1.08315  1.252057E-15
1.08341  1.461809E-15
1.08368  1.267470E-15
1.08395  1.395088E-15
1.08422  1.279538E-15
1.08449  1.373761E-15
1.08476  1.366689E-15
1.08503  1.343129E-15
1.0853  1.254885E-15
1.08557  1.277791E-15
1.08584  1.446024E-15
1.0861  1.400670E-15
1.08637  1.309831E-15
1.08664  1.269404E-15
1.08691  1.182302E-15
1.08718  1.299782E-15
1.08745  1.254057E-15
1.08772  1.220111E-15
1.08799  1.278515E-15
1.08826  1.314973E-15
1.08852  1.332361E-15
1.08879  1.168284E-15
1.08906  1.360344E-15
1.08933  1.287005E-15
1.0896  1.191699E-15
1.08987  1.284960E-15
1.09014  1.152935E-15
1.09041  1.281312E-15
1.09068  1.242278E-15
1.09094  1.314194E-15
1.09121  1.227743E-15
1.09148  1.243678E-15
1.09175  1.336447E-15
1.09202  1.242835E-15
1.09229  1.230434E-15
1.09256  1.198542E-15
1.09283  1.194314E-15
1.0931  1.241229E-15
1.09336  1.300033E-15
1.09363  1.197968E-15
1.0939  1.321236E-15
1.09417  1.424411E-15
1.09444  1.260356E-15
1.09471  1.435407E-15
1.09498  1.310645E-15
1.09525  1.339641E-15
1.09552  1.159621E-15
1.09578  1.306206E-15
1.09605  1.232296E-15
1.09632  1.302728E-15
1.09659  1.240548E-15
1.09686  1.240417E-15
1.09713  1.250613E-15
1.0974  1.232793E-15
1.09767  1.171174E-15
1.09793  1.418218E-15
1.0982  1.360916E-15
1.09847  1.203463E-15
1.09874  1.184122E-15
1.09901  1.307077E-15
1.09928  1.240520E-15
1.09955  1.215590E-15
1.09982  1.285600E-15
1.10009  1.295185E-15
1.10035  1.340947E-15
1.10062  1.221696E-15
1.10089  1.176924E-15
1.10116  1.174760E-15
1.10143  1.190244E-15
1.1017  1.375638E-15
1.10197  1.251390E-15
1.10224  1.288768E-15
1.1025  1.240691E-15
1.10277  1.139580E-15
1.10304  1.163637E-15
1.10331  1.239677E-15
1.10358  1.262312E-15
1.10385  1.240477E-15
1.10412  1.247848E-15
1.10439  1.249249E-15
1.10465  1.209295E-15
1.10492  1.144802E-15
1.10519  1.175550E-15
1.10546  1.316242E-15
1.10573  1.100741E-15
1.106  1.167115E-15
1.10627  1.368923E-15
1.10654  1.144878E-15
1.10681  1.193945E-15
1.10707  1.168765E-15
1.10734  1.269613E-15
1.10761  1.272276E-15
1.10788  1.316255E-15
1.10815  1.167790E-15
1.10842  1.085540E-15
1.10869  1.260435E-15
1.10896  1.259913E-15
1.10922  1.161137E-15
1.10949  1.221771E-15
1.10976  1.233169E-15
1.11003  1.344863E-15
1.1103  1.053655E-15
1.11057  1.264395E-15
1.11084  1.268321E-15
1.11111  1.206192E-15
1.11137  1.195976E-15
1.11164  1.121358E-15
1.11191  1.164986E-15
1.11218  1.268267E-15
1.11245  1.247654E-15
1.11272  1.193548E-15
1.11299  1.215241E-15
1.11326  1.261603E-15
1.11352  1.195930E-15
1.11379  1.263174E-15
1.11406  1.146952E-15
1.11433  1.303776E-15
1.1146  1.271074E-15
1.11487  1.211110E-15
1.11514  1.167221E-15
1.11541  1.269880E-15
1.11567  1.142150E-15
1.11594  1.193700E-15
1.11621  1.277650E-15
1.11648  1.311512E-15
1.11675  1.368269E-15
1.11702  1.099761E-15
1.11729  1.452899E-15
1.11755  1.417934E-15
1.11782  1.260408E-15
1.11809  1.449461E-15
1.11836  1.385321E-15
1.11863  1.434356E-15
1.1189  1.280336E-15
1.11917  1.316352E-15
1.11944  1.415344E-15
1.1197  1.444018E-15
1.11997  1.351964E-15
1.12024  1.471158E-15
1.12051  1.422051E-15
1.12078  1.364201E-15
1.12105  1.395098E-15
1.12132  1.396489E-15
1.12159  1.459385E-15
1.12185  1.412322E-15
1.12212  1.352749E-15
1.12239  1.458722E-15
1.12266  1.293556E-15
1.12293  1.636564E-15
1.1232  1.151996E-15
1.12347  1.424906E-15
1.12373  1.620477E-15
1.124  1.375268E-15
1.12427  1.417863E-15
1.12454  1.515352E-15
1.12481  1.339010E-15
1.12508  1.516913E-15
1.12535  1.274750E-15
1.12562  1.430338E-15
1.12588  1.586627E-15
1.12615  1.287988E-15
1.12642  1.346316E-15
1.12669  1.268036E-15
1.12696  1.305702E-15
1.12723  1.198327E-15
1.1275  1.166097E-15
1.12776  1.432945E-15
1.12803  1.439795E-15
1.1283  1.481598E-15
1.12849  1.476019E-15
1.12882  1.462788E-15
1.12914  1.540696E-15
1.12947  1.428753E-15
1.12979  1.467852E-15
1.13012  1.403493E-15
1.13044  1.458125E-15
1.13077  1.473458E-15
1.13109  1.524094E-15
1.13142  1.428557E-15
1.13174  1.388014E-15
1.13207  1.308041E-15
1.13239  1.445219E-15
1.13272  1.430756E-15
1.13305  1.473160E-15
1.13337  1.501672E-15
1.1337  1.409972E-15
1.13402  1.445595E-15
1.13435  1.442349E-15
1.13467  1.454817E-15
1.135  1.417409E-15
1.13532  1.505862E-15
1.13565  1.370977E-15
1.13597  1.457156E-15
1.1363  1.437706E-15
1.13662  1.376973E-15
1.13695  1.382561E-15
1.13727  1.457903E-15
1.1376  1.457372E-15
1.13792  1.377400E-15
1.13825  1.420163E-15
1.13857  1.406312E-15
1.1389  1.364808E-15
1.13922  1.387631E-15
1.13955  1.428532E-15
1.13987  1.408761E-15
1.1402  1.388740E-15
1.14052  1.362029E-15
1.14085  1.364171E-15
1.14117  1.364351E-15
1.1415  1.354184E-15
1.14182  1.441745E-15
1.14215  1.424418E-15
1.14247  1.343846E-15
1.1428  1.375783E-15
1.14312  1.424065E-15
1.14344  1.362942E-15
1.14377  1.409341E-15
1.14409  1.294037E-15
1.14442  1.258283E-15
1.14474  1.365562E-15
1.14507  1.378491E-15
1.14539  1.301675E-15
1.14572  1.293993E-15
1.14604  1.350135E-15
1.14637  1.309594E-15
1.14669  1.316584E-15
1.14702  1.342912E-15
1.14734  1.292916E-15
1.14767  1.343821E-15
1.14799  1.298353E-15
1.14832  1.288648E-15
1.14864  1.342967E-15
1.14897  1.330308E-15
1.14929  1.295545E-15
1.14962  1.274283E-15
1.14994  1.339429E-15
1.15027  1.285708E-15
1.15059  1.293999E-15
1.15092  1.333357E-15
1.15124  1.248060E-15
1.15156  1.275549E-15
1.15189  1.273505E-15
1.15221  1.253495E-15
1.15254  1.279863E-15
1.15286  1.316206E-15
1.15319  1.224780E-15
1.15351  1.275294E-15
1.15384  1.225720E-15
1.15416  1.187613E-15
1.15449  1.187712E-15
1.15481  1.202002E-15
1.15514  1.258745E-15
1.15546  1.293436E-15
1.15579  1.242580E-15
1.15611  1.275347E-15
1.15643  1.277379E-15
1.15676  1.243278E-15
1.15708  1.294963E-15
1.15741  1.266741E-15
1.15773  1.262584E-15
1.15806  1.242133E-15
1.15838  1.241982E-15
1.15871  1.227420E-15
1.15903  1.199929E-15
1.15936  1.314997E-15
1.15968  1.202071E-15
1.16  1.234557E-15
1.16033  1.218994E-15
1.16065  1.215117E-15
1.16098  1.209098E-15
1.1613  1.236357E-15
1.16163  1.254823E-15
1.16195  1.220953E-15
1.16228  1.231888E-15
1.1626  1.225448E-15
1.16293  1.228842E-15
1.16325  1.181892E-15
1.16357  1.231985E-15
1.1639  1.220627E-15
1.16422  1.231392E-15
1.16455  1.260313E-15
1.16487  1.238331E-15
1.1652  1.168268E-15
1.16552  1.254513E-15
1.16585  1.194875E-15
1.16617  1.224427E-15
1.16649  1.234251E-15
1.16682  1.222172E-15
1.16714  1.184497E-15
1.16747  1.201751E-15
1.16779  1.188471E-15
1.16812  1.177565E-15
1.16844  1.210452E-15
1.16876  1.235207E-15
1.16909  1.219253E-15
1.16941  1.157383E-15
1.16974  1.240141E-15
1.17006  1.218750E-15
1.17039  1.199251E-15
1.17071  1.231967E-15
1.17104  1.219939E-15
1.17136  1.199208E-15
1.17168  1.215000E-15
1.17201  1.154953E-15
1.17233  1.256779E-15
1.17266  1.240585E-15
1.17298  1.275714E-15
1.17331  1.253362E-15
1.17363  1.224019E-15
1.17395  1.231468E-15
1.17428  1.231087E-15
1.1746  1.184369E-15
1.17493  1.253568E-15
1.17525  1.219869E-15
1.17557  1.212237E-15
1.1759  1.243571E-15
1.17622  1.259173E-15
1.17655  1.244901E-15
1.17687  1.200076E-15
1.1772  1.232322E-15
1.17752  1.211411E-15
1.17784  1.245008E-15
1.17817  1.220122E-15
1.17849  1.242764E-15
1.17882  1.270242E-15
1.17914  1.206961E-15
1.17947  1.237574E-15
1.17979  1.233587E-15
1.18011  1.289566E-15
1.18044  1.254716E-15
1.18076  1.260764E-15
1.18109  1.248275E-15
1.18141  1.271207E-15
1.18173  1.253591E-15
1.18206  1.189750E-15
1.18238  1.198231E-15
1.18271  1.187585E-15
1.18303  1.219370E-15
1.18335  1.194133E-15
1.18368  1.227510E-15
1.184  1.237643E-15
1.18433  1.208100E-15
1.18465  1.243360E-15
1.18497  1.203993E-15
1.1853  1.259391E-15
1.18562  1.237529E-15
1.18595  1.184704E-15
1.18627  1.244728E-15
1.18659  1.235474E-15
1.18692  1.274718E-15
1.18724  1.220752E-15
1.18757  1.263481E-15
1.18789  1.262108E-15
1.18822  1.243501E-15
1.18854  1.269968E-15
1.18886  1.253934E-15
1.18919  1.257619E-15
1.18951  1.201770E-15
1.18983  1.215128E-15
1.19016  1.204582E-15
1.19048  1.243015E-15
1.19081  1.224148E-15
1.19113  1.241312E-15
1.19145  1.209716E-15
1.19178  1.253697E-15
1.1921  1.227540E-15
1.19243  1.222792E-15
1.19275  1.227939E-15
1.19307  1.260844E-15
1.1934  1.227997E-15
1.19372  1.234987E-15
1.19405  1.219745E-15
1.19437  1.197573E-15
1.19469  1.218952E-15
1.19502  1.280327E-15
1.19534  1.229765E-15
1.19567  1.256121E-15
1.19599  1.292992E-15
1.19631  1.250432E-15
1.19664  1.302904E-15
1.19696  1.302733E-15
1.19728  1.265331E-15
1.19761  1.306567E-15
1.19793  1.303332E-15
1.19826  1.288330E-15
1.19858  1.244689E-15
1.1989  1.257155E-15
1.19923  1.182221E-15
1.19955  1.304519E-15
1.19987  1.334020E-15
1.2002  1.317706E-15
1.20052  1.290047E-15
1.20085  1.342269E-15
1.20117  1.360383E-15
1.20149  1.324823E-15
1.20182  1.323450E-15
1.20214  1.392104E-15
1.20246  1.409427E-15
1.20279  1.352047E-15
1.20311  1.413411E-15
1.20344  1.402285E-15
1.20376  1.386142E-15
1.20408  1.387243E-15
1.20441  1.418715E-15
1.20473  1.407058E-15
1.20505  1.450037E-15
1.20538  1.405635E-15
1.2057  1.470914E-15
1.20603  1.504799E-15
1.20635  1.467888E-15
1.20667  1.469809E-15
1.207  1.549198E-15
1.20732  1.511845E-15
1.20764  1.509972E-15
1.20797  1.541284E-15
1.20829  1.568761E-15
1.20861  1.525831E-15
1.20894  1.554720E-15
1.20926  1.624575E-15
1.20959  1.584549E-15
1.20991  1.681510E-15
1.21023  1.653651E-15
1.21056  1.645179E-15
1.21088  1.700123E-15
1.2112  1.674116E-15
1.21153  1.739785E-15
1.21185  1.673303E-15
1.21217  1.772938E-15
1.2125  1.753250E-15
1.21282  1.768300E-15
1.21315  1.820249E-15
1.21347  1.845563E-15
1.21379  1.770860E-15
1.21412  1.871736E-15
1.21444  1.824131E-15
1.21476  1.846280E-15
1.21509  1.849543E-15
1.21541  1.884159E-15
1.21573  1.904876E-15
1.21606  1.909812E-15
1.21638  1.921296E-15
1.2167  1.983349E-15
1.21703  1.978371E-15
1.21735  1.946517E-15
1.21767  2.030179E-15
1.218  2.063583E-15
1.21832  2.029225E-15
1.21865  2.015736E-15
1.21897  2.053055E-15
1.21929  2.042540E-15
1.21962  2.076414E-15
1.21994  2.108637E-15
1.22026  2.153406E-15
1.22059  2.169476E-15
1.22091  2.099521E-15
1.22123  2.184114E-15
1.22156  2.254597E-15
1.22188  2.339220E-15
1.2222  2.304372E-15
1.22253  2.348660E-15
1.22285  2.431510E-15
1.22317  2.452407E-15
1.2235  2.381420E-15
1.22382  2.349215E-15
1.22414  2.253816E-15
1.22447  2.211808E-15
1.22479  2.150715E-15
1.22511  2.079899E-15
1.22544  2.092635E-15
1.22576  2.054132E-15
1.22608  2.000098E-15
1.22641  2.035935E-15
1.22673  1.996561E-15
1.22705  1.979017E-15
1.22738  1.944730E-15
1.2277  1.960180E-15
1.22802  1.946740E-15
1.22835  1.939990E-15
1.22867  1.856127E-15
1.22899  1.867391E-15
1.22932  1.925568E-15
1.22964  1.922843E-15
1.22996  1.848853E-15
1.23029  1.927567E-15
1.23061  1.898918E-15
1.23093  1.897465E-15
1.23126  1.861886E-15
1.23158  1.856198E-15
1.2319  1.894458E-15
1.23223  1.878365E-15
1.23255  1.928671E-15
1.23287  1.885332E-15
1.2332  1.821036E-15
1.23352  1.806876E-15
1.23384  1.839669E-15
1.23417  1.855138E-15
1.23449  1.835020E-15
1.23481  1.842129E-15
1.23514  1.827198E-15
1.23546  1.792291E-15
1.23578  1.798408E-15
1.23611  1.760998E-15
1.23643  1.800378E-15
1.23675  1.721233E-15
1.23707  1.697941E-15
1.2374  1.683521E-15
1.23772  1.730553E-15
1.23804  1.663393E-15
1.23837  1.601470E-15
1.23869  1.656352E-15
1.23901  1.627833E-15
1.23934  1.627462E-15
1.23966  1.641209E-15
1.23998  1.590842E-15
1.24031  1.632856E-15
1.24063  1.590780E-15
1.24095  1.593633E-15
1.24128  1.596986E-15
1.2416  1.534183E-15
1.24192  1.549232E-15
1.24225  1.578710E-15
1.24257  1.561156E-15
1.24289  1.584966E-15
1.24321  1.584665E-15
1.24354  1.550449E-15
1.24386  1.459630E-15
1.24418  1.498219E-15
1.24451  1.505979E-15
1.24483  1.483349E-15
1.24515  1.494973E-15
1.24548  1.515639E-15
1.2458  1.477649E-15
1.24612  1.499476E-15
1.24645  1.494089E-15
1.24677  1.468604E-15
1.24709  1.508826E-15
1.24741  1.458089E-15
1.24774  1.482060E-15
1.24806  1.478734E-15
1.24838  1.420989E-15
1.24871  1.414339E-15
1.24903  1.430740E-15
1.24935  1.397936E-15
1.24968  1.337647E-15
1.25  1.372121E-15
1.25032  1.397333E-15
1.25064  1.363138E-15
1.25097  1.335772E-15
1.25129  1.347847E-15
1.25161  1.399763E-15
1.25194  1.402045E-15
1.25226  1.376211E-15
1.25258  1.402575E-15
1.25291  1.354452E-15
1.25323  1.351547E-15
1.25355  1.345198E-15
1.25387  1.294552E-15
1.2542  1.319404E-15
1.25452  1.318702E-15
1.25484  1.321475E-15
1.25517  1.274353E-15
1.25549  1.283284E-15
1.25581  1.279178E-15
1.25614  1.277696E-15
1.25646  1.312179E-15
1.25678  1.274090E-15
1.2571  1.328059E-15
1.25743  1.312618E-15
1.25775  1.264355E-15
1.25807  1.267699E-15
1.2584  1.263823E-15
1.25872  1.236898E-15
1.25904  1.274205E-15
1.25936  1.230608E-15
1.25969  1.275195E-15
1.26001  1.209580E-15
1.26033  1.188503E-15
1.26066  1.236604E-15
1.26098  1.247717E-15
1.2613  1.228101E-15
1.26162  1.228912E-15
1.26195  1.249217E-15
1.26227  1.243749E-15
1.26259  1.250157E-15
1.26292  1.333082E-15
1.26324  1.263362E-15
1.26356  1.273305E-15
1.26388  1.277169E-15
1.26421  1.253828E-15
1.26453  1.247890E-15
1.26485  1.234853E-15
1.26518  1.281372E-15
1.2655  1.222796E-15
1.26582  1.257770E-15
1.26614  1.256348E-15
1.26647  1.227430E-15
1.26679  1.246834E-15
1.26711  1.238373E-15
1.26744  1.245091E-15
1.26776  1.236709E-15
1.26808  1.234546E-15
1.2684  1.218795E-15
1.26873  1.199000E-15
1.26905  1.208882E-15
1.26937  1.162262E-15
1.26969  1.186702E-15
1.27002  1.229035E-15
1.27034  1.194221E-15
1.27066  1.313331E-15
1.27099  1.268173E-15
1.27131  1.218309E-15
1.27163  1.238053E-15
1.27195  1.192375E-15
1.27228  1.253522E-15
1.2726  1.187177E-15
1.27292  1.250046E-15
1.27324  1.256894E-15
1.27357  1.273194E-15
1.27389  1.227706E-15
1.27421  1.186854E-15
1.27454  1.231609E-15
1.27486  1.179814E-15
1.27518  1.199788E-15
1.2755  1.153720E-15
1.27583  1.193609E-15
1.27615  1.163561E-15
1.27647  1.180712E-15
1.27679  1.146809E-15
1.27712  1.121076E-15
1.27744  1.134702E-15
1.27776  1.157350E-15
1.27809  1.259978E-15
1.27841  1.217755E-15
1.27873  1.209364E-15
1.27905  1.189959E-15
1.27938  1.213267E-15
1.2797  1.223489E-15
1.28002  1.204135E-15
1.28034  1.253886E-15
1.28067  1.251452E-15
1.28099  1.153750E-15
1.28131  1.190846E-15
1.28163  1.166444E-15
1.28196  1.138850E-15
1.28228  1.161667E-15
1.2826  1.161387E-15
1.28292  1.173701E-15
1.28325  1.177015E-15
1.28357  1.167673E-15
1.28389  1.118241E-15
1.28422  1.188207E-15
1.28454  1.160692E-15
1.28486  1.179785E-15
1.28518  1.137502E-15
1.28551  1.162493E-15
1.28583  1.204534E-15
1.28615  1.119578E-15
1.28647  1.137059E-15
1.2868  1.131942E-15
1.28712  1.175516E-15
1.28744  1.130059E-15
1.28776  1.109673E-15
1.28809  1.120626E-15
1.28841  1.119484E-15
1.28873  1.154787E-15
1.28905  1.114958E-15
1.28938  1.111142E-15
1.2897  1.197238E-15
1.29002  1.107497E-15
1.29034  1.120542E-15
1.29067  1.164005E-15
1.29099  1.128741E-15
1.29131  1.163203E-15
1.29163  1.175568E-15
1.29196  1.114442E-15
1.29228  1.130071E-15
1.2926  1.156112E-15
1.29292  1.105139E-15
1.29325  1.104698E-15
1.29357  1.182963E-15
1.29389  1.129577E-15
1.29421  1.122548E-15
1.29454  1.054274E-15
1.29486  1.134742E-15
1.29518  1.087503E-15
1.2955  1.160752E-15
1.29583  1.082636E-15
1.29615  1.110630E-15
1.29647  1.135099E-15
1.29679  1.109317E-15
1.29712  1.162862E-15
1.29744  1.122132E-15
1.29776  1.131403E-15
1.29808  1.155121E-15
1.29841  1.114351E-15
1.29873  1.124713E-15
1.29905  1.097559E-15
1.29937  1.097068E-15
1.2997  1.121537E-15
1.30002  1.054415E-15
1.30034  1.103194E-15
1.30066  1.095774E-15
1.30099  1.147427E-15
1.30131  1.120744E-15
1.30163  1.089335E-15
1.30195  1.098736E-15
1.30228  1.114785E-15
1.3026  1.163013E-15
1.30292  1.068878E-15
1.30324  1.116485E-15
1.30356  1.102257E-15
1.30389  1.053348E-15
1.30421  1.052786E-15
1.30453  1.082332E-15
1.30485  1.157302E-15
1.30518  1.083883E-15
1.3055  1.168174E-15
1.30582  1.072668E-15
1.30614  1.053624E-15
1.30647  1.082889E-15
1.30679  1.122757E-15
1.30711  1.161814E-15
1.30743  1.058328E-15
1.30776  1.125899E-15
1.30808  1.177791E-15
1.3084  1.096382E-15
1.30872  1.107515E-15
1.30905  1.103290E-15
1.30937  1.031252E-15
1.30969  1.080311E-15
1.31001  1.101116E-15
1.31033  1.083163E-15
1.31066  1.137678E-15
1.31098  1.056701E-15
1.3113  1.108022E-15
1.31162  1.064659E-15
1.31195  1.148469E-15
1.31227  1.089848E-15
1.31259  1.111714E-15
1.31291  1.129575E-15
1.31324  1.093922E-15
1.31356  1.140988E-15
1.31388  1.039495E-15
1.3142  1.054753E-15
1.31452  1.106965E-15
1.31485  1.104321E-15
1.31517  1.036981E-15
1.31549  1.069018E-15
1.31581  1.103579E-15
1.31614  1.098132E-15
1.31646  1.102717E-15
1.31678  1.059905E-15
1.3171  1.067184E-15
1.31743  1.105839E-15
1.31775  1.077315E-15
1.31807  1.010504E-15
1.31839  1.126953E-15
1.31871  1.037636E-15
1.31904  1.055787E-15
1.31936  1.068341E-15
1.31968  1.086783E-15
1.32  1.105264E-15
1.32033  1.098165E-15
1.32065  1.082396E-15
1.32097  1.125877E-15
1.32129  9.989351E-16
1.32161  1.097613E-15
1.32194  1.128369E-15
1.32226  1.124243E-15
1.32258  1.109245E-15
1.3229  1.125073E-15
1.32323  1.073281E-15
1.32355  1.052777E-15
1.32387  1.141371E-15
1.32419  1.138837E-15
1.32451  1.077064E-15
1.32484  1.078044E-15
1.32516  1.045986E-15
1.32548  1.075781E-15
1.3258  1.095844E-15
1.32613  1.098086E-15
1.32645  1.115977E-15
1.32677  1.077501E-15
1.32709  1.041258E-15
1.32741  1.086511E-15
1.32774  1.119058E-15
1.32806  1.080452E-15
1.32838  1.053470E-15
1.3287  1.090743E-15
1.32903  1.125063E-15
1.32935  1.119466E-15
1.32967  1.054910E-15
1.32999  1.117953E-15
1.33031  1.102304E-15
1.33064  1.033113E-15
1.33096  1.124139E-15
1.33128  1.135482E-15
1.3316  1.095445E-15
1.33192  1.113315E-15
1.33225  1.084961E-15
1.33257  1.133267E-15
1.33289  1.072716E-15
1.33321  1.112191E-15
1.33354  1.098225E-15
1.33386  1.114653E-15
1.33418  1.093048E-15
1.3345  1.044120E-15
1.33482  1.102778E-15
1.33515  1.083105E-15
1.33547  1.115372E-15
1.33579  1.090753E-15
1.33611  1.104178E-15
1.33643  1.147718E-15
1.33676  1.050124E-15
1.33708  1.128985E-15
1.3374  1.057121E-15
1.33772  1.138876E-15
1.33805  1.129674E-15
1.33837  1.086213E-15
1.33869  1.061244E-15
1.33901  1.108418E-15
1.33933  1.120081E-15
1.33966  1.114704E-15
1.33998  1.115174E-15
1.3403  1.011343E-15
1.34062  1.119178E-15
1.34094  1.065245E-15
1.34127  1.077549E-15
1.34159  1.068628E-15
1.34191  1.124072E-15
1.34223  1.099703E-15
1.34255  1.199949E-15
1.34288  1.101454E-15
1.3432  1.074623E-15
1.34352  1.047431E-15
1.34384  1.101923E-15
1.34417  1.096406E-15
1.34449  1.101472E-15
1.34481  1.086654E-15
1.34513  1.078594E-15
1.34545  1.087594E-15
1.34578  1.070224E-15
1.3461  1.023159E-15
1.34642  1.091387E-15
1.34674  1.117206E-15
1.34706  1.099085E-15
1.34739  1.000420E-15
1.34771  1.007208E-15
1.34803  1.030695E-15
1.34835  1.048365E-15
1.34867  1.048835E-15
1.349  1.013043E-15
1.34932  1.127024E-15
1.34964  1.047452E-15
1.34996  1.048953E-15
1.35028  1.075223E-15
1.35061  1.102263E-15
1.35093  1.107359E-15
1.35125  1.072508E-15
1.35157  1.193006E-15
1.35189  9.970039E-16
1.35222  1.063577E-15
1.35254  1.043904E-15
1.35286  1.065478E-15
1.35318  1.102800E-15
1.41172  1.124360E-15
1.41212  1.070522E-15
1.41253  1.198698E-15
1.41294  1.103096E-15
1.41334  1.110443E-15
1.41375  1.157342E-15
1.41416  1.201479E-15
1.41456  1.110401E-15
1.41497  1.060508E-15
1.41537  1.035000E-15
1.41578  1.173367E-15
1.41619  1.107846E-15
1.41659  1.106584E-15
1.417  1.176108E-15
1.41741  1.147767E-15
1.41781  1.151521E-15
1.41822  1.120337E-15
1.41862  1.087612E-15
1.41903  1.260825E-15
1.41944  1.192011E-15
1.41984  1.156974E-15
1.42025  1.129394E-15
1.42066  1.141396E-15
1.42106  1.125679E-15
1.42147  1.132916E-15
1.42187  1.107288E-15
1.42228  1.101902E-15
1.42269  1.154357E-15
1.42309  1.100820E-15
1.4235  1.063520E-15
1.4239  1.072989E-15
1.42431  1.176107E-15
1.42472  1.119427E-15
1.42512  1.148447E-15
1.42553  1.153662E-15
1.42594  1.144212E-15
1.42634  1.143140E-15
1.42675  1.168176E-15
1.42715  1.170378E-15
1.42756  1.113838E-15
1.42797  1.171167E-15
1.42837  1.169525E-15
1.42878  1.197053E-15
1.42918  1.166330E-15
1.42959  1.179714E-15
1.43  1.238154E-15
1.4304  1.251908E-15
1.43081  1.209764E-15
1.43121  1.252698E-15
1.43162  1.229913E-15
1.43202  1.167578E-15
1.43243  1.233056E-15
1.43284  1.211472E-15
1.43324  1.201912E-15
1.43365  1.323648E-15
1.43405  1.274496E-15
1.43446  1.287349E-15
1.43487  1.308050E-15
1.43527  1.293604E-15
1.43568  1.326358E-15
1.43608  1.374717E-15
1.43649  1.326787E-15
1.4369  1.320490E-15
1.4373  1.284482E-15
1.43771  1.331079E-15
1.43811  1.339238E-15
1.43852  1.308315E-15
1.43892  1.294650E-15
1.43933  1.352730E-15
1.43974  1.378345E-15
1.44014  1.351347E-15
1.44055  1.361497E-15
1.44095  1.381937E-15
1.44136  1.369974E-15
1.44176  1.397912E-15
1.44217  1.366539E-15
1.44258  1.341923E-15
1.44298  1.358029E-15
1.44339  1.373314E-15
1.44379  1.395627E-15
1.4442  1.418089E-15
1.4446  1.443445E-15
1.44501  1.441552E-15
1.44541  1.396105E-15
1.44582  1.371248E-15
1.44623  1.364661E-15
1.44663  1.415823E-15
1.44704  1.396232E-15
1.44744  1.453911E-15
1.44785  1.504712E-15
1.44825  1.482228E-15
1.44866  1.469244E-15
1.44906  1.425459E-15
1.44947  1.417000E-15
1.44988  1.368029E-15
1.45028  1.320419E-15
1.45069  1.351370E-15
1.45109  1.205391E-15
1.4515  1.321189E-15
1.4519  1.273179E-15
1.45231  1.335382E-15
1.45271  1.320085E-15
1.45312  1.304129E-15
1.45352  1.303357E-15
1.45393  1.321485E-15
1.45434  1.311074E-15
1.45474  1.306219E-15
1.45515  1.261042E-15
1.45555  1.266527E-15
1.45596  1.220470E-15
1.45636  1.290010E-15
1.45677  1.247075E-15
1.45717  1.266535E-15
1.45758  1.286815E-15
1.45798  1.288506E-15
1.45839  1.272960E-15
1.45879  1.259655E-15
1.4592  1.277833E-15
1.4596  1.323018E-15
1.46001  1.279574E-15
1.46042  1.296110E-15
1.46082  1.251414E-15
1.46123  1.281053E-15
1.46163  1.279942E-15
1.46204  1.216437E-15
1.46244  1.240010E-15
1.46285  1.219970E-15
1.46325  1.215214E-15
1.46366  1.220209E-15
1.46406  1.229988E-15
1.46447  1.221930E-15
1.46487  1.214151E-15
1.46528  1.232969E-15
1.46568  1.200927E-15
1.46609  1.230566E-15
1.46649  1.226481E-15
1.4669  1.196881E-15
1.4673  1.156190E-15
1.46771  1.225529E-15
1.46811  1.219082E-15
1.46852  1.231584E-15
1.46892  1.209291E-15
1.46933  1.198780E-15
1.46973  1.232783E-15
1.47014  1.129569E-15
1.47054  1.140370E-15
1.47095  1.176395E-15
1.47135  1.186565E-15
1.47176  1.166174E-15
1.47216  1.194822E-15
1.47257  1.168776E-15
1.47297  1.183320E-15
1.47338  1.168595E-15
1.47378  1.171977E-15
1.47419  1.174149E-15
1.47459  1.162026E-15
1.475  1.177721E-15
1.4754  1.141115E-15
1.47581  1.162745E-15
1.47621  1.111304E-15
1.47662  1.139622E-15
1.47702  1.162914E-15
1.47743  1.121012E-15
1.47783  1.145876E-15
1.47824  1.130180E-15
1.47864  1.104644E-15
1.47905  1.120109E-15
1.47945  1.071771E-15
1.47986  1.083562E-15
1.48026  1.078877E-15
1.48067  1.103501E-15
1.48107  1.097374E-15
1.48148  1.091468E-15
1.48188  1.121377E-15
1.48229  1.110786E-15
1.48269  1.072258E-15
1.4831  1.069655E-15
1.4835  1.077542E-15
1.48391  1.102796E-15
1.48431  1.098572E-15
1.48472  1.076029E-15
1.48512  1.067380E-15
1.48553  1.069582E-15
1.48593  1.077449E-15
1.48634  1.044486E-15
1.48674  1.057118E-15
1.48714  1.089069E-15
1.48755  1.077657E-15
1.48795  1.057497E-15
1.48836  1.032212E-15
1.48876  1.068017E-15
1.48917  1.071109E-15
1.48957  1.160436E-15
1.48998  1.089496E-15
1.49038  1.083990E-15
1.49079  1.091067E-15
1.49119  1.083088E-15
1.4916  1.097702E-15
1.492  1.059605E-15
1.49241  1.040846E-15
1.49281  1.046011E-15
1.49321  1.046551E-15
1.49362  1.055749E-15
1.49402  1.079512E-15
1.49443  1.090472E-15
1.49483  1.086257E-15
1.49524  1.079941E-15
1.49564  1.095165E-15
1.49605  1.118497E-15
1.49645  1.081641E-15
1.49686  1.076616E-15
1.49726  1.066976E-15
1.49766  1.075163E-15
1.49807  1.074923E-15
1.49847  1.054242E-15
1.49888  1.062029E-15
1.49928  1.046154E-15
1.49969  1.062379E-15
1.50009  1.062949E-15
1.5005  1.026093E-15
1.5009  1.060906E-15
1.5013  1.038143E-15
1.50171  1.055380E-15
1.50211  1.061425E-15
1.50252  1.055339E-15
1.50292  1.060353E-15
1.50333  1.040404E-15
1.50373  1.022356E-15
1.50414  1.063595E-15
1.50454  1.084735E-15
1.50494  1.066898E-15
1.50535  1.061752E-15
1.50575  1.041362E-15
1.50616  1.082201E-15
1.50656  1.070319E-15
1.50697  1.076074E-15
1.50737  1.048027E-15
1.50777  1.082169E-15
1.50818  1.053861E-15
1.50858  1.057324E-15
1.50899  1.078244E-15
1.50939  1.079465E-15
1.5098  1.037164E-15
1.5102  1.030907E-15
1.51061  1.047493E-15
1.51101  1.079543E-15
1.51141  1.084267E-15
1.51182  1.044038E-15
1.51222  1.075307E-15
1.51263  1.064707E-15
1.51303  1.060162E-15
1.51343  1.052254E-15
1.51384  1.061342E-15
1.51424  1.049731E-15
1.51465  1.062282E-15
1.51505  1.060420E-15
1.51546  1.070129E-15
1.51586  1.070949E-15
1.51626  1.063742E-15
1.51667  1.043803E-15
1.51707  1.059167E-15
1.51748  1.049827E-15
1.51788  1.024994E-15
1.51829  1.063330E-15
1.51869  1.041158E-15
1.51909  1.078773E-15
1.5195  1.079373E-15
1.5199  1.045551E-15
1.52031  1.046611E-15
1.52071  1.041006E-15
1.52111  1.066099E-15
1.52152  1.051715E-15
1.52192  1.035589E-15
1.52233  1.070502E-15
1.52273  1.045158E-15
1.52313  1.038251E-15
1.52354  1.056317E-15
1.52394  1.059910E-15
1.52435  1.071311E-15
1.52475  1.101278E-15
1.52515  1.026257E-15
1.52556  1.066615E-15
1.52596  1.064843E-15
1.52637  1.048287E-15
1.52677  1.064602E-15
1.52717  1.067664E-15
1.52758  1.038696E-15
1.52798  1.072047E-15
1.52839  1.031479E-15
1.52879  1.085589E-15
1.52919  1.047383E-15
1.5296  1.076960E-15
1.53  1.042638E-15
1.53041  1.037863E-15
1.53081  1.038383E-15
1.53121  1.046050E-15
1.53162  1.040884E-15
1.53202  1.029123E-15
1.53243  1.124492E-15
1.53283  1.052184E-15
1.53323  1.033576E-15
1.53364  1.006210E-15
1.53404  1.019682E-15
1.53445  1.046747E-15
1.53485  1.040521E-15
1.53525  1.040200E-15
1.53566  1.063451E-15
1.53606  1.037287E-15
1.53646  1.036355E-15
1.53687  1.044042E-15
1.53727  1.055202E-15
1.53768  1.063519E-15
1.53808  1.038436E-15
1.53848  1.035823E-15
1.53889  1.020738E-15
1.53929  1.008286E-15
1.5397  1.053768E-15
1.5401  1.024861E-15
1.5405  1.041946E-15
1.54091  1.058261E-15
1.54131  1.033588E-15
1.54171  1.053696E-15
1.54212  1.080000E-15
1.54252  9.750854E-16
1.54293  1.066567E-15
1.54333  1.145089E-15
1.54373  9.992687E-16
1.54414  1.058358E-15
1.54454  1.043974E-15
1.54494  1.043193E-15
1.54535  1.036156E-15
1.54575  1.054032E-15
1.54615  1.046795E-15
1.54656  1.046905E-15
1.54696  1.040579E-15
1.54737  1.041799E-15
1.54777  1.050457E-15
1.54817  1.047504E-15
1.54858  1.049996E-15
1.54898  1.036333E-15
1.54938  1.097939E-15
1.54979  1.074207E-15
1.55019  1.062095E-15
1.5506  1.071503E-15
1.551  1.076497E-15
1.5514  1.061383E-15
1.55181  1.049492E-15
1.55221  1.067528E-15
1.55261  1.033366E-15
1.55302  1.063684E-15
1.55342  1.009364E-15
1.55382  1.043104E-15
1.55423  1.104750E-15
1.55463  1.076364E-15
1.55503  1.051971E-15
1.55544  1.039800E-15
1.55584  1.041551E-15
1.55625  1.079375E-15
1.55665  1.054332E-15
1.55705  1.051048E-15
1.55746  1.046724E-15
1.55786  1.051408E-15
1.55826  1.061547E-15
1.55867  1.058594E-15
1.55907  1.026884E-15
1.55947  1.056451E-15
1.55988  1.012721E-15
1.56028  1.027353E-15
1.56068  1.031047E-15
1.56109  1.022989E-15
1.56149  1.040644E-15
1.56189  1.051484E-15
1.5623  1.052965E-15
1.5627  1.016371E-15
1.5631  1.030914E-15
1.56351  1.050311E-15
1.56391  1.071110E-15
1.56432  1.064793E-15
1.56472  1.054294E-15
1.56512  1.050960E-15
1.56553  1.003297E-15
1.56593  1.077814E-15
1.56633  1.025546E-15
1.56674  1.026667E-15
1.56714  1.015927E-15
1.56754  1.056112E-15
1.56795  1.026706E-15
1.56835  1.042289E-15
1.56875  1.037234E-15
1.56916  1.001011E-15
1.56956  9.998158E-16
1.56996  1.022960E-15
1.57037  9.743531E-16
1.57077  1.019536E-15
1.57117  9.957427E-16
1.57158  9.995888E-16
1.57198  1.038192E-15
1.57238  1.022828E-15
1.57279  1.048390E-15
1.57319  1.040923E-15
1.57359  1.040052E-15
1.574  1.048479E-15
1.5744  1.032435E-15
1.5748  1.052933E-15
1.57521  1.055444E-15
1.57561  1.015298E-15
1.57601  1.039379E-15
1.57642  1.032362E-15
1.57682  1.032662E-15
1.57722  1.045173E-15
1.57763  1.022843E-15
1.57803  1.063529E-15
1.57843  1.048105E-15
1.57884  1.019669E-15
1.57924  1.004715E-15
1.57964  1.045471E-15
1.58004  1.033570E-15
1.58045  1.014623E-15
1.58085  1.027624E-15
1.58125  1.025982E-15
1.58166  1.043497E-15
1.58206  1.060552E-15
1.58246  1.021858E-15
1.58287  1.133396E-15
1.58327  1.096873E-15
1.58367  1.109324E-15
1.58408  1.068678E-15
1.58448  1.023567E-15
1.58488  1.055355E-15
1.58529  1.051841E-15
1.58569  1.100584E-15
1.58609  1.063351E-15
1.5865  1.041571E-15
1.5869  1.086040E-15
1.5873  1.042832E-15
1.58771  1.084128E-15
1.58811  1.019020E-15
1.58851  1.053930E-15
1.58891  1.032691E-15
1.58932  1.041839E-15
1.58972  1.041468E-15
1.59012  1.036824E-15
1.59053  1.044270E-15
1.59093  1.039085E-15
1.59133  1.038724E-15
1.59174  1.047071E-15
1.59214  1.049463E-15
1.59254  1.048602E-15
1.59295  1.050723E-15
1.59335  1.034228E-15
1.59375  1.038872E-15
1.59415  1.035779E-15
1.59456  1.031525E-15
1.59496  1.006793E-15
1.59536  1.016351E-15
1.59577  1.038340E-15
1.59617  1.009985E-15
1.59657  1.038699E-15
1.59698  1.013497E-15
1.59738  1.010204E-15
1.59778  1.037748E-15
1.59818  1.020032E-15
1.59859  1.048346E-15
1.59899  1.025146E-15
1.59939  1.018419E-15
1.5998  1.026846E-15
1.6002  1.035093E-15
1.6006  1.015816E-15
1.60101  1.050165E-15
1.60141  1.056521E-15
1.60181  1.063947E-15
1.60221  1.031688E-15
1.60262  1.020678E-15
1.60302  1.121305E-15
1.60342  1.112047E-15
1.60383  1.071181E-15
1.60423  1.043647E-15
1.60463  1.037021E-15
1.60504  1.033837E-15
1.60544  1.074943E-15
1.60584  1.084611E-15
1.60624  1.031755E-15
1.60665  1.090946E-15
1.60705  1.086251E-15
1.60745  1.117868E-15
1.60786  1.039380E-15
1.60826  1.075851E-15
1.60866  1.044944E-15
1.60906  1.065591E-15
1.60947  1.058075E-15
1.60987  1.056423E-15
1.61027  1.072586E-15
1.61068  1.050217E-15
1.61108  1.064669E-15
1.61148  1.058833E-15
1.61188  1.115652E-15
1.61229  1.056090E-15
1.61269  1.047342E-15
1.61309  1.123798E-15
1.6135  1.069191E-15
1.6139  1.063435E-15
1.6143  1.068329E-15
1.6147  1.078798E-15
1.61511  1.042566E-15
1.61551  1.070780E-15
1.61591  1.046389E-15
1.61632  1.052984E-15
1.61672  1.010697E-15
1.61712  1.073181E-15
1.61752  1.072690E-15
1.61793  1.047768E-15
1.61833  1.042573E-15
1.61873  1.057636E-15
1.61914  1.056174E-15
1.61954  1.092975E-15
1.61994  1.041881E-15
1.62034  1.071576E-15
1.62075  1.071296E-15
1.62115  1.013646E-15
1.62155  1.072276E-15
1.62195  1.052378E-15
1.62236  1.060035E-15
1.62276  1.038616E-15
1.62316  1.092782E-15
1.62357  1.037014E-15
1.62397  1.023622E-15
1.62437  1.072864E-15
1.62477  1.022961E-15
1.62518  1.040505E-15
1.62558  1.028235E-15
1.62598  1.033799E-15
1.62638  1.014092E-15
1.62679  1.017144E-15
1.62719  1.030055E-15
1.62759  1.016973E-15
1.628  1.027622E-15
1.6284  1.040703E-15
1.6288  1.023027E-15
1.6292  1.028752E-15
1.62961  1.050920E-15
1.63001  1.024157E-15
1.63041  1.030212E-15
1.63081  1.043303E-15
1.63122  1.048237E-15
1.63162  1.038828E-15
1.63202  1.057404E-15
1.63243  1.034284E-15
1.63283  1.059295E-15
1.63323  1.064949E-15
1.63363  1.044231E-15
1.63404  1.050856E-15
1.63444  1.060464E-15
1.63484  1.104461E-15
1.63524  1.064517E-15
1.63565  1.009100E-15
1.63605  1.064636E-15
1.63645  1.049323E-15
1.63685  1.015744E-15
1.63726  1.048662E-15
1.63766  1.054897E-15
1.63806  1.044858E-15
1.63846  1.077105E-15
1.63887  1.059870E-15
1.63927  1.065574E-15
1.63967  1.013130E-15
1.64008  1.040953E-15
1.64048  1.038510E-15
1.64088  1.037669E-15
1.64128  1.054233E-15
1.64169  1.036698E-15
1.64209  1.011697E-15
1.64249  1.023156E-15
1.64289  1.034035E-15
1.6433  1.068243E-15
1.6437  1.027629E-15
1.6441  1.076629E-15
1.6445  1.031972E-15
1.64491  1.023915E-15
1.64531  1.049255E-15
1.64571  1.047894E-15
1.64611  1.043049E-15
1.64652  1.020270E-15
1.64692  1.059332E-15
1.64732  1.018398E-15
1.64772  1.040306E-15
1.64813  1.067648E-15
1.64853  1.059061E-15
1.64893  1.050283E-15
1.64933  1.020188E-15
1.64974  1.063233E-15
1.65014  1.017285E-15
1.65054  1.038172E-15
1.65094  1.055446E-15
1.65135  1.022788E-15
1.65175  1.003572E-15
1.65215  1.037500E-15
1.65255  1.042183E-15
1.65296  1.051721E-15
1.65336  1.058066E-15
1.65376  1.030773E-15
1.65416  1.037068E-15
1.65457  1.010135E-15
1.65497  1.014819E-15
1.65537  9.918113E-16
1.65577  1.035375E-15
1.65618  9.919098E-16
1.65658  1.024315E-15
1.65698  1.014056E-15
1.65738  1.038486E-15
1.65779  1.017308E-15
1.65819  1.011503E-15
1.65859  1.031419E-15
1.65899  1.025524E-15
1.6594  1.031479E-15
1.6598  1.006568E-15
1.6602  1.051054E-15
1.6606  1.050023E-15
1.66101  1.047541E-15
1.66141  1.038773E-15
1.66181  1.046169E-15
1.66221  1.023660E-15
1.66262  1.011199E-15
1.66302  1.057737E-15
1.66342  1.034178E-15
1.66382  1.062000E-15
1.66423  1.040282E-15
1.66463  1.032936E-15
1.66503  1.037169E-15
1.66543  9.768801E-16
1.66584  1.038339E-15
1.66624  1.024147E-15
1.66664  1.033605E-15
1.66704  1.021434E-15
1.66745  1.012517E-15
1.66785  9.980416E-16
1.66825  9.823504E-16
1.66865  1.044202E-15
1.66906  1.068791E-15
1.66946  1.087426E-15
1.66986  1.037775E-15
1.67026  9.995749E-16
1.67066  1.002396E-15
1.67107  1.059112E-15
1.67147  9.913623E-16
1.67187  1.020930E-15
1.67227  1.032399E-15
1.67268  1.058170E-15
1.67308  1.023581E-15
1.67348  1.014343E-15
1.67388  1.048881E-15
1.67429  1.018516E-15
1.67469  9.989790E-16
1.67509  1.035419E-15
1.67549  1.026992E-15
1.6759  1.016323E-15
1.6763  1.035198E-15
1.6767  1.034417E-15
1.6771  1.075400E-15
1.67751  1.024318E-15
1.67791  1.022156E-15
1.67831  1.033235E-15
1.67871  1.035606E-15
1.67911  1.023416E-15
1.67952  1.033744E-15
1.67992  1.024076E-15
1.68032  1.017751E-15
1.68072  1.031171E-15
1.68113  1.017140E-15
1.68153  1.026987E-15
1.68193  1.013596E-15
1.68233  1.005459E-15
1.68274  1.040907E-15
1.68314  1.050475E-15
1.68354  1.028477E-15
1.68394  1.047682E-15
1.68435  1.058120E-15
1.68475  1.027255E-15
1.68515  1.025423E-15
1.68555  1.038283E-15
1.68595  1.000096E-15
1.68636  1.059880E-15
1.68676  1.042406E-15
1.68716  1.033838E-15
1.68756  1.039472E-15
1.68797  1.043475E-15
1.68837  1.026812E-15
1.68877  1.025801E-15
1.68917  1.014831E-15
1.68958  9.663124E-16
1.68998  1.016892E-15
1.69038  1.079572E-15
1.69078  1.048257E-15
1.69118  1.085256E-15
1.69159  1.023947E-15
1.69199  1.027960E-15
1.69239  1.032123E-15
1.69279  1.076888E-15
1.6932  1.002609E-15
1.6936  1.034744E-15
1.694  1.048895E-15
1.6944  1.066218E-15
1.69481  1.045572E-15
1.69521  1.034953E-15
1.69561  1.038795E-15
1.69601  1.036944E-15
1.69641  1.029758E-15
1.69682  9.994814E-16
1.69722  1.009871E-15
1.69762  9.960961E-16
1.69802  1.007129E-15
1.69843  1.006198E-15
1.69883  1.000953E-15
1.69923  1.006517E-15
1.69963  1.023761E-15
1.70003  9.693371E-16
1.70044  1.072559E-15
1.70084  1.039782E-15
1.70124  1.123658E-15
1.70164  1.060528E-15
1.70205  1.029503E-15
1.70245  1.041743E-15
1.70285  1.036238E-15
1.70325  1.003392E-15
1.70365  1.028411E-15
1.70406  1.019794E-15
1.70446  1.018142E-15
1.70486  1.035246E-15
1.70526  1.045784E-15
1.70567  1.023296E-15
1.70607  1.071313E-15
1.70647  1.051437E-15
1.70687  9.959502E-16
1.70728  1.031141E-15
1.70768  1.046642E-15
1.70808  1.048674E-15
1.70848  1.087414E-15
1.70888  1.001596E-15
1.70929  1.023783E-15
1.70969  1.000147E-15
1.71009  1.055468E-15
1.71049  1.008931E-15
1.7109  1.044248E-15
1.7113  1.022020E-15
1.7117  1.076603E-15
1.7121  1.050642E-15
1.7125  1.066204E-15
1.71291  1.014233E-15
1.71331  1.028954E-15
1.71371  1.017625E-15
1.71411  1.033557E-15
1.71452  1.033947E-15
1.71492  1.008117E-15
1.71532  1.005935E-15
1.71572  1.039381E-15
1.71612  1.046746E-15
1.71653  1.022227E-15
1.71693  1.039269E-15
1.71733  1.044563E-15
1.71773  1.042291E-15
1.71814  1.078769E-15
1.71854  1.052499E-15
1.71894  1.017191E-15
1.71934  1.026758E-15
1.71974  1.059543E-15
1.72015  1.053919E-15
1.72055  1.016609E-15
1.72095  1.053478E-15
1.72135  1.070020E-15
1.72176  1.033612E-15
1.72216  1.011344E-15
1.72256  9.941253E-16
1.72296  1.014226E-15
1.72336  1.007950E-15
1.72377  1.083319E-15
1.72417  1.010802E-15
1.72457  1.004507E-15
1.72497  1.014264E-15
1.72537  1.003716E-15
1.72578  1.019257E-15
1.72618  1.020138E-15
1.72658  1.022509E-15
1.72698  1.068735E-15
1.72739  1.027082E-15
1.72779  1.059587E-15
1.72819  1.065431E-15
1.72859  1.027412E-15
1.72899  1.038260E-15
1.7294  1.013040E-15
1.7298  1.053791E-15
1.7302  1.060206E-15
1.7306  1.026509E-15
1.73101  1.042632E-15
1.73141  1.073165E-15
1.73181  1.009596E-15
1.73221  1.099645E-15
1.73261  9.958924E-16
1.73302  1.037486E-15
1.73342  1.026407E-15
1.73382  9.985737E-16
1.73422  9.986395E-16
1.73463  1.005130E-15
1.73503  1.020051E-15
1.73543  1.047592E-15
1.73583  9.869034E-16
1.73623  1.035722E-15
1.73664  1.014976E-15
1.73704  9.837751E-16
1.73744  1.027195E-15
1.73784  9.690403E-16
1.73825  1.031788E-15
1.73865  1.022040E-15
1.73905  1.034609E-15
1.73945  1.011362E-15
1.73985  1.047229E-15
1.74026  1.068915E-15
1.74066  1.043175E-15
1.74106  1.049289E-15
1.74146  1.015613E-15
1.74186  9.805522E-16
1.74227  1.022888E-15
1.74267  1.041852E-15
1.74307  1.052530E-15
1.74347  1.052039E-15
1.74388  1.064609E-15
1.74428  1.057283E-15
1.74468  1.014860E-15
1.74508  1.013189E-15
1.74548  1.074365E-15
1.74589  1.038798E-15
1.74629  1.028450E-15
1.74669  1.034894E-15
1.74709  1.075565E-15
1.7475  1.026297E-15
1.7479  1.040107E-15
1.7483  1.029319E-15
1.7487  1.051035E-15
1.7491  1.030219E-15
1.74951  1.055598E-15
1.74991  1.030699E-15
1.75031  1.013596E-15
1.75071  1.000420E-15
1.75112  1.027595E-15
1.75152  1.035361E-15
1.75192  1.015656E-15
1.75232  1.035721E-15
1.75272  1.047730E-15
1.75313  1.002845E-15
1.75353  9.976022E-16
1.75393  1.030836E-15
1.75433  1.014703E-15
1.75473  1.057585E-15
1.75514  1.011731E-15
1.75554  1.024600E-15
1.75594  1.040011E-15
1.75634  1.038580E-15
1.75675  1.015723E-15
1.75715  1.037909E-15
1.75755  1.020586E-15
1.75795  1.039169E-15
1.75835  9.902364E-16
1.75876  1.022887E-15
1.75916  1.057332E-15
1.75956  9.855650E-16
1.75996  1.033093E-15
1.76037  9.945811E-16
1.76077  1.031502E-15
1.76117  1.022935E-15
1.76157  1.033122E-15
1.76197  1.023194E-15
1.76238  1.018551E-15
1.76278  1.034072E-15
1.76318  1.013957E-15
1.76358  1.044419E-15
1.76399  1.036243E-15
1.76439  1.002908E-15
1.76479  1.049022E-15
1.76519  1.119894E-15
1.76559  1.088831E-15
1.766  1.106394E-15
1.7664  1.004417E-15
1.7668  1.046719E-15
1.7672  1.105032E-15
1.76761  1.051051E-15
1.76801  1.070616E-15
1.76841  1.037931E-15
1.76881  1.041083E-15
1.76921  1.009229E-15
1.76962  9.925425E-16
1.77002  1.057234E-15
1.77042  1.028873E-15
1.77082  1.034357E-15
1.77122  1.047146E-15
1.77163  9.971615E-16
1.77203  1.019535E-15
1.77243  9.767649E-16
1.77283  1.020615E-15
1.77324  9.960966E-16
1.77364  9.939888E-16
1.77404  1.005113E-15
1.77444  1.004322E-15
1.77485  1.056230E-15
1.77525  1.040588E-15
1.77565  1.082039E-15
1.77605  1.032241E-15
1.77645  9.849492E-16
1.77686  1.018231E-15
1.77726  1.031510E-15
1.77766  1.003869E-15
1.77806  1.040196E-15
1.77847  1.012745E-15
1.77887  1.038364E-15
1.77927  1.021461E-15
1.93299  1.029062E-15
1.93353  1.029672E-15
1.93407  1.014683E-15
1.9346  1.051206E-15
1.93514  1.041509E-15
1.93568  1.026319E-15
1.93622  1.022766E-15
1.93676  1.042699E-15
1.9373  1.008567E-15
1.93783  1.011118E-15
1.93837  1.056837E-15
1.93891  1.029249E-15
1.93945  1.031320E-15
1.93999  1.044038E-15
1.94053  9.942679E-16
1.94106  1.032870E-15
1.9416  1.057956E-15
1.94214  1.058136E-15
1.94268  1.050461E-15
1.94322  1.038873E-15
1.94376  1.034160E-15
1.94429  1.026765E-15
1.94483  1.012705E-15
1.94537  1.045326E-15
1.94591  1.056473E-15
1.94645  1.072633E-15
1.94699  1.072813E-15
1.94752  1.039111E-15
1.94806  1.060274E-15
1.9486  1.032256E-15
1.94914  1.034357E-15
1.94968  1.054139E-15
1.95022  1.033936E-15
1.95075  1.035927E-15
1.95129  1.060662E-15
1.95183  1.046353E-15
1.95237  1.034525E-15
1.95291  1.029322E-15
1.95345  1.045051E-15
1.95398  1.011220E-15
1.95452  1.048693E-15
1.95506  1.064663E-15
1.9556  1.002503E-15
1.95614  9.783237E-16
1.95668  1.047701E-15
1.95721  1.024426E-15
1.95775  1.032671E-15
1.95829  1.025466E-15
1.95883  1.000120E-15
1.95937  1.010466E-15
1.95991  1.006844E-15
1.96044  1.013007E-15
1.96098  1.039914E-15
1.96152  1.055784E-15
1.96206  1.034090E-15
1.9626  1.060106E-15
1.96314  1.019210E-15
1.96367  1.053411E-15
1.96421  1.026224E-15
1.96475  1.009803E-15
1.96529  1.056422E-15
1.96583  1.045435E-15
1.96636  1.027273E-15
1.9669  1.032086E-15
1.96744  1.035047E-15
1.96798  1.025821E-15
1.96852  1.039750E-15
1.96906  1.015494E-15
1.96959  1.044592E-15
1.97013  1.049485E-15
1.97067  1.030603E-15
1.97121  1.033495E-15
1.97175  1.036636E-15
1.97228  1.018425E-15
1.97282  1.027880E-15
1.97336  1.037656E-15
1.9739  1.029331E-15
1.97444  1.065943E-15
1.97498  1.038966E-15
1.97551  1.037345E-15
1.97605  1.039146E-15
1.97659  1.037464E-15
1.97713  1.035263E-15
1.97767  1.058247E-15
1.9782  1.034081E-15
1.97874  1.037733E-15
1.97928  1.019512E-15
1.97982  1.028737E-15
1.98036  1.026806E-15
1.9809  1.016609E-15
1.98143  1.024113E-15
1.98197  1.038332E-15
1.98251  1.035620E-15
1.98305  1.012065E-15
1.98359  1.029976E-15
1.98412  1.027914E-15
1.98466  1.031847E-15
1.9852  1.010133E-15
1.98574  1.025022E-15
1.98628  1.019258E-15
1.98681  1.030695E-15
1.98735  1.009021E-15
1.98789  1.024080E-15
1.98843  1.028963E-15
1.98897  1.016335E-15
1.9895  1.026291E-15
1.99004  1.017735E-15
1.99058  1.020907E-15
1.99112  1.022287E-15
1.99166  1.011611E-15
1.99219  1.024698E-15
1.99273  1.046842E-15
1.99327  1.034944E-15
1.99381  1.022986E-15
1.99435  1.017243E-15
1.99489  1.024887E-15
1.99542  1.022075E-15
1.99596  1.019944E-15
1.9965  1.027398E-15
1.99704  9.988030E-16
1.99758  1.013659E-15
1.99811  1.014519E-15
1.99865  1.009276E-15
1.99919  1.003082E-15
1.99973  1.014008E-15
2.00027  9.705883E-16
2.0008  9.674901E-16
2.00134  9.858520E-16
2.00188  1.002880E-15
2.00242  9.986163E-16
2.00296  9.945466E-16
2.00349  9.961472E-16
2.00403  9.679790E-16
2.00457  9.389731E-16
2.00511  1.008032E-15
2.00565  1.009782E-15
2.00618  9.930110E-16
2.00672  9.830438E-16
2.00726  1.002828E-15
2.0078  1.000776E-15
2.00833  9.990065E-16
2.00887  9.992776E-16
2.00941  9.957062E-16
2.00995  1.003517E-15
2.01049  1.006168E-15
2.01102  9.835820E-16
2.01156  9.831094E-16
2.0121  9.525699E-16
2.01264  9.539344E-16
2.01318  9.944106E-16
2.01371  9.754148E-16
2.01425  9.953876E-16
2.01479  9.658256E-16
2.01533  9.693334E-16
2.01587  9.714954E-16
2.0164  9.730542E-16
2.01694  1.003133E-15
2.01748  9.844884E-16
2.01802  9.996894E-16
2.01856  9.869545E-16
2.01909  9.967081E-16
2.01963  1.027366E-15
2.02017  1.024504E-15
2.02071  9.970595E-16
2.02124  1.019861E-15
2.02178  9.955901E-16
2.02232  1.013997E-15
2.02286  1.012306E-15
2.0234  1.015147E-15
2.02393  1.017088E-15
2.02447  1.030796E-15
2.02501  1.009313E-15
2.02555  1.035908E-15
2.02609  1.005330E-15
2.02662  1.033316E-15
2.02716  1.025501E-15
2.0277  1.008691E-15
2.02824  1.012823E-15
2.02877  1.022609E-15
2.02931  1.026311E-15
2.02985  1.034776E-15
2.03039  1.029202E-15
2.03093  1.028732E-15
2.03146  1.033454E-15
2.032  1.007828E-15
2.03254  1.053415E-15
2.03308  1.046901E-15
2.03361  1.039387E-15
2.03415  1.017623E-15
2.03469  1.000703E-15
2.03523  1.025477E-15
2.03577  1.018763E-15
2.0363  1.029699E-15
2.03684  1.033481E-15
2.03738  1.041886E-15
2.03792  1.018842E-15
2.03845  1.037483E-15
2.03899  1.035432E-15
2.03953  1.027116E-15
2.04007  1.029608E-15
2.04061  1.035971E-15
2.04114  1.018671E-15
2.04168  1.064718E-15
2.04222  1.037871E-15
2.04276  1.057803E-15
2.04329  1.047977E-15
2.04383  1.040692E-15
2.04437  1.044244E-15
2.04491  1.046595E-15
2.04545  1.042773E-15
2.04598  1.032426E-15
2.04652  1.039620E-15
2.04706  1.030165E-15
2.0476  1.025542E-15
2.04813  1.053128E-15
2.04867  1.022669E-15
2.04921  1.025951E-15
2.04975  1.031074E-15
2.05028  1.055188E-15
2.05082  1.013823E-15
2.05136  1.029582E-15
2.0519  1.047102E-15
2.05244  1.032533E-15
2.05297  1.030072E-15
2.05351  1.022067E-15
2.05405  1.039967E-15
2.05459  1.025418E-15
2.05512  1.032592E-15
2.05566  1.056176E-15
2.0562  1.030130E-15
2.05674  1.053964E-15
2.05727  1.045989E-15
2.05781  1.035042E-15
2.05835  1.032040E-15
2.05889  1.036913E-15
2.05942  1.062317E-15
2.05996  1.043846E-15
2.0605  1.027937E-15
2.06104  1.058925E-15
2.06158  1.040194E-15
2.06211  1.039853E-15
2.06265  1.024204E-15
2.06319  1.035530E-15
2.06373  1.023453E-15
2.06426  1.023082E-15
2.0648  1.033588E-15
2.06534  1.041593E-15
2.06588  1.027254E-15
2.06641  1.006182E-15
2.06695  1.010314E-15
2.06749  1.024031E-15
2.06803  1.021360E-15
2.06856  1.041561E-15
2.0691  1.017017E-15
2.06964  1.049315E-15
2.07018  1.025641E-15
2.07071  1.046703E-15
2.07125  1.049184E-15
2.07179  1.042280E-15
2.07233  1.060800E-15
2.07286  1.078891E-15
2.0734  1.065393E-15
2.07394  1.037486E-15
2.07448  1.069264E-15
2.07502  1.052084E-15
2.07555  1.059999E-15
2.07609  1.047271E-15
2.07663  1.046970E-15
2.07717  1.040216E-15
2.0777  1.051102E-15
2.07824  1.048791E-15
2.07878  1.047750E-15
2.07932  1.045208E-15
2.07985  1.038654E-15
2.08039  1.063088E-15
2.08093  1.057324E-15
2.08147  1.055163E-15
2.082  1.069681E-15
2.08254  1.073063E-15
2.08308  1.072332E-15
2.08362  1.058894E-15
2.08415  1.074703E-15
2.08469  1.071671E-15
2.08523  1.073422E-15
2.08577  1.070510E-15
2.0863  1.083897E-15
2.08684  1.085658E-15
2.08738  1.102307E-15
2.08792  1.088359E-15
2.08845  1.098935E-15
2.08899  1.124749E-15
2.08953  1.103336E-15
2.09007  1.118645E-15
2.0906  1.129821E-15
2.09114  1.131882E-15
2.09168  1.158357E-15
2.09221  1.153654E-15
2.09275  1.156785E-15
2.09329  1.148680E-15
2.09383  1.174865E-15
2.09436  1.159696E-15
2.0949  1.182979E-15
2.09544  1.176155E-15
2.09598  1.197356E-15
2.09651  1.205811E-15
2.09705  1.213465E-15
2.09759  1.226012E-15
2.09813  1.214015E-15
2.09866  1.206340E-15
2.0992  1.224370E-15
2.09974  1.238528E-15
2.10028  1.237527E-15
2.10081  1.236366E-15
2.10135  1.247902E-15
2.10189  1.247682E-15
2.10243  1.251904E-15
2.10296  1.271344E-15
2.1035  1.271134E-15
2.10404  1.281039E-15
2.10458  1.283150E-15
2.10511  1.296097E-15
2.10565  1.287582E-15
2.10619  1.295416E-15
2.10672  1.303320E-15
2.10726  1.313766E-15
2.1078  1.312785E-15
2.10834  1.321730E-15
2.10887  1.315276E-15
2.10941  1.304910E-15
2.10995  1.335076E-15
2.11049  1.316526E-15
2.11102  1.333435E-15
2.11156  1.345101E-15
2.1121  1.339448E-15
2.11264  1.336506E-15
2.11317  1.326960E-15
2.11371  1.334624E-15
2.11425  1.354875E-15
2.11479  1.350262E-15
2.11532  1.373735E-15
2.11586  1.414727E-15
2.1164  1.452218E-15
2.11693  1.525398E-15
2.11747  1.530261E-15
2.11801  1.556735E-15
2.11855  1.574154E-15
2.11908  1.530019E-15
2.11962  1.484844E-15
2.12016  1.408732E-15
2.1207  1.342324E-15
2.12123  1.295158E-15
2.12177  1.290215E-15
2.12231  1.294987E-15
2.12284  1.281149E-15
2.12338  1.283980E-15
2.12392  1.239245E-15
2.12446  1.269472E-15
2.12499  1.274314E-15
2.12553  1.243217E-15
2.12607  1.233841E-15
2.12661  1.224366E-15
2.12714  1.235512E-15
2.12768  1.205965E-15
2.12822  1.215820E-15
2.12875  1.205594E-15
2.12929  1.232629E-15
2.12983  1.225235E-15
2.13037  1.209496E-15
2.1309  1.220532E-15
2.13144  1.221492E-15
2.13198  1.187483E-15
2.13252  1.208914E-15
2.13305  1.200119E-15
2.13359  1.205842E-15
2.13413  1.217508E-15
2.13466  1.203981E-15
2.1352  1.191203E-15
2.13574  1.196146E-15
2.13628  1.179876E-15
2.13681  1.180327E-15
2.13735  1.194504E-15
2.13789  1.183128E-15
2.13842  1.164467E-15
2.13896  1.164817E-15
2.1395  1.165137E-15
2.14004  1.169289E-15
2.14057  1.154300E-15
2.14111  1.164976E-15
2.14165  1.154010E-15
2.14218  1.156551E-15
2.14272  1.131537E-15
2.14326  1.128315E-15
2.1438  1.148616E-15
2.14433  1.135608E-15
2.14487  1.146494E-15
2.14541  1.138780E-15
2.14595  1.140590E-15
2.14648  1.146574E-15
2.14702  1.126352E-15
2.14756  1.127573E-15
2.14809  1.124571E-15
2.14863  1.130334E-15
2.14917  1.133725E-15
2.14971  1.133185E-15
2.15024  1.111122E-15
2.15078  1.093973E-15
2.15132  1.127351E-15
2.15185  1.122788E-15
2.15239  1.105879E-15
2.15293  1.119916E-15
2.15347  1.097684E-15
2.154  1.102466E-15
2.15454  1.092461E-15
2.15508  1.093591E-15
2.15561  1.094481E-15
2.15615  1.101525E-15
2.15669  1.081153E-15
2.15722  1.081664E-15
2.15776  1.092189E-15
2.1583  1.063733E-15
2.15884  1.077320E-15
2.15937  1.076340E-15
2.15991  1.067255E-15
2.16045  1.075579E-15
2.16098  1.075889E-15
2.16152  1.048974E-15
2.16206  1.072857E-15
2.1626  1.080180E-15
2.16313  1.058058E-15
2.16367  1.074407E-15
2.16421  1.065942E-15
2.16474  1.061529E-15
2.16528  1.071845E-15
2.16582  1.079909E-15
2.16636  1.062069E-15
2.16689  1.047141E-15
2.16743  1.056536E-15
2.16797  1.050802E-15
2.1685  1.046290E-15
2.16904  1.038455E-15
2.16958  1.060177E-15
2.17011  1.033852E-15
2.17065  1.047019E-15
2.17119  1.050471E-15
2.17173  1.054193E-15
2.17226  1.041606E-15
2.1728  1.048439E-15
2.17334  1.031850E-15
2.17387  1.043676E-15
2.17441  1.053211E-15
2.17495  1.050759E-15
2.17548  1.025406E-15
2.17602  1.037892E-15
2.17656  1.034080E-15
2.1771  1.041534E-15
2.17763  1.018431E-15
2.17817  1.035360E-15
2.17871  1.035590E-15
2.17924  1.032728E-15
2.17978  1.043924E-15
2.18032  1.044294E-15
2.18085  1.015238E-15
2.18139  1.021731E-15
2.18193  1.041972E-15
2.18247  1.006003E-15
2.183  1.036429E-15
2.18354  1.030325E-15
2.18408  1.026853E-15
2.18461  1.021440E-15
2.18515  1.037828E-15
2.18569  1.028663E-15
2.18622  1.013415E-15
2.18676  1.024781E-15
2.1873  1.029153E-15
2.18784  1.025251E-15
2.18837  1.026711E-15
2.18891  1.048733E-15
2.18945  1.040048E-15
2.18998  1.017155E-15
2.19052  1.038737E-15
2.19106  1.026550E-15
2.19159  1.034174E-15
2.19213  1.018375E-15
2.19267  1.013923E-15
2.1932  1.034784E-15
2.19374  1.035454E-15
2.19428  1.040846E-15
2.19482  1.023237E-15
2.19535  1.028890E-15
2.19589  1.043587E-15
2.19643  1.064228E-15
2.19696  1.033601E-15
2.1975  1.025987E-15
2.19804  1.033671E-15
2.19857  1.021604E-15
2.19911  1.023525E-15
2.19965  1.025416E-15
2.20018  1.035131E-15
2.20072  1.017461E-15
2.20126  1.010638E-15
2.20179  1.022034E-15
2.20233  1.013409E-15
2.20287  1.004534E-15
2.20341  1.011858E-15
2.20394  1.021792E-15
2.20448  1.035009E-15
2.20502  1.005924E-15
2.20555  1.031277E-15
2.20609  1.030936E-15
2.20663  1.037640E-15
2.20716  1.033177E-15
2.2077  1.019320E-15
2.20824  1.048405E-15
2.20877  1.033767E-15
2.20931  1.066324E-15
2.20985  1.045663E-15
2.21038  1.052196E-15
2.21092  1.065833E-15
2.21146  1.055797E-15
2.212  1.067873E-15
2.21253  1.049864E-15
2.21307  1.054576E-15
2.21361  1.061769E-15
2.21414  1.022079E-15
2.21468  1.032874E-15
2.21522  1.036056E-15
2.21575  1.030362E-15
2.21629  1.022588E-15
2.21683  1.032343E-15
2.21736  1.032623E-15
2.2179  1.032593E-15
2.21844  1.023308E-15
2.21897  1.040837E-15
2.21951  1.005648E-15
2.22005  1.028450E-15
2.22058  1.013592E-15
2.22112  9.964249E-16
2.22166  9.980255E-16
2.22219  1.011990E-15
2.22273  1.020345E-15
2.22327  1.008288E-15
2.2238  9.790760E-16
2.22434  9.939584E-16
2.22488  1.009758E-15
2.22541  9.973107E-16
2.22595  1.016351E-15
2.22649  9.996675E-16
2.22703  9.966127E-16
2.22756  9.851738E-16
2.2281  9.904582E-16
2.22864  1.020592E-15
2.22917  9.821726E-16
2.22971  9.794950E-16
2.23025  1.009626E-15
2.23078  9.874147E-16
2.23132  9.660896E-16
2.23186  9.875303E-16
2.23239  1.003873E-15
2.23293  9.944405E-16
2.23347  9.848963E-16
2.234  9.928073E-16
2.23454  9.744776E-16
2.23508  9.714429E-16
2.23561  9.851218E-16
2.23615  1.000569E-15
2.23669  9.850623E-16
2.23722  1.006012E-15
2.23776  1.001199E-15
2.2383  9.742772E-16
2.23883  9.797688E-16
2.23937  9.789272E-16
2.23991  1.008342E-15
2.24044  9.768598E-16
2.24098  9.930448E-16
2.24152  9.862283E-16
2.24205  9.778638E-16
2.24259  9.794924E-16
2.24313  9.733581E-16
2.24366  9.891419E-16
2.2442  9.862091E-16
2.24474  9.762111E-16
2.24527  9.875415E-16
2.24581  9.914312E-16
2.24635  9.792059E-16
2.24688  9.746994E-16
2.24742  9.799720E-16
2.24796  9.890604E-16
2.24849  9.845847E-16
2.24903  9.804405E-16
2.24957  9.701222E-16
2.2501  9.746533E-16
2.25064  9.806631E-16
2.25118  9.692191E-16
2.25171  9.794132E-16
2.25225  9.642093E-16
2.25279  9.753856E-16
2.25332  9.721529E-16
2.25386  9.961107E-16
2.2544  9.658433E-16
2.25493  9.787006E-16
2.25547  9.957120E-16
2.25601  9.643591E-16
2.25654  9.923248E-16
2.25708  9.847138E-16
2.25762  9.714070E-16
2.25815  9.862842E-16
2.25869  9.658229E-16
2.25923  9.867822E-16
2.25976  9.796853E-16
2.2603  9.802185E-16
2.26084  9.737671E-16
2.26137  9.875357E-16
2.26191  9.855647E-16
2.26245  9.620066E-16
2.26298  9.731441E-16
2.26352  9.730148E-16
2.26406  9.829065E-16
2.26459  9.853586E-16
2.26513  9.826180E-16
2.26567  9.840315E-16
2.2662  9.838762E-16
2.26674  9.797231E-16
2.26728  9.734768E-16
2.26781  9.932604E-16
2.26835  9.714384E-16
2.26889  9.848938E-16
2.26942  9.761934E-16
2.26996  9.764903E-16
2.27049  9.851324E-16
2.27103  9.821697E-16
2.27157  9.814811E-16
2.2721  9.802504E-16
2.27264  9.876109E-16
2.27318  9.921760E-16
2.27371  9.771072E-16
2.27425  9.971750E-16
2.27479  9.998441E-16
2.27532  9.851347E-16
2.27586  9.796900E-16
2.2764  9.626222E-16
2.27693  9.690402E-16
2.27747  9.978413E-16
2.27801  9.821382E-16
2.27854  9.750596E-16
2.27908  9.842620E-16
2.27962  9.653816E-16
2.28015  9.633633E-16
2.28069  9.698463E-16
2.28123  9.743013E-16
2.28176  9.771456E-16
2.2823  9.948631E-16
2.28284  9.750292E-16
2.28337  9.652172E-16
2.28391  9.612290E-16
2.28445  9.772836E-16
2.28498  9.690715E-16
2.28552  9.837325E-16
2.28605  9.824548E-16
2.28659  9.810548E-16
2.28713  9.740503E-16
2.28766  9.905872E-16
2.2882  9.872894E-16
2.28874  9.833773E-16
2.28927  9.847507E-16
2.28981  9.742324E-16
2.29035  9.852356E-16
2.29088  9.697239E-16
2.29142  9.613935E-16
2.29196  9.817925E-16
2.29249  9.754791E-16
2.29303  9.874449E-16
2.29357  1.010124E-15
2.2941  9.825601E-16
2.29464  9.958954E-16
2.29517  9.986795E-16
2.29571  9.658444E-16
2.29625  9.952494E-16
2.29678  9.861619E-16
2.29732  9.984997E-16
2.29786  1.005700E-15
2.29839  9.984693E-16
2.29893  9.606618E-16
2.29947  9.861270E-16
2.3  9.654558E-16
2.30054  9.785419E-16
2.30108  9.826287E-16
2.30161  9.824985E-16
2.30215  9.946633E-16
2.30269  9.613629E-16
2.30322  9.878846E-16
2.30376  9.719227E-16
2.30429  9.913269E-16
2.30483  9.928414E-16
2.30537  9.886083E-16
2.3059  9.956655E-16
2.30644  9.882887E-16
2.30698  1.008979E-15
2.30751  9.921591E-16
2.30805  9.949284E-16
2.30859  9.886212E-16
2.30912  9.855886E-16
2.30966  9.951780E-16
2.31019  9.790790E-16
2.31073  9.825015E-16
2.31127  9.785395E-16
2.3118  9.850924E-16
2.31234  9.707543E-16
2.31288  9.913481E-16
2.31341  9.842395E-16
2.31395  9.746126E-16
2.31449  9.954375E-16
2.31502  9.879997E-16
2.31556  9.950428E-16
2.3161  9.650392E-16
2.31663  9.585940E-16
2.31717  9.874848E-16
2.3177  9.718181E-16
2.31824  9.745812E-16
2.31878  9.975250E-16
2.31931  9.813911E-16
2.31985  9.846485E-16
2.32039  9.793148E-16
2.32092  9.751776E-16
2.32146  9.909329E-16
2.322  9.765299E-16
2.32253  9.825226E-16
2.32307  9.881790E-16
2.3236  1.000889E-15
2.32414  1.016586E-15
2.32468  9.920555E-16
2.32521  9.838564E-16
2.32575  9.910717E-16
2.32629  9.822252E-16
2.32682  9.820100E-16
2.32736  9.849132E-16
2.32789  9.930549E-16
2.32843  9.844417E-16
2.32897  9.683077E-16
2.3295  9.691761E-16
2.33004  9.614931E-16
2.33058  9.889832E-16
2.33111  9.748282E-16
2.33165  9.708142E-16
2.33219  9.708719E-16
2.33272  9.661555E-16
2.33326  9.637331E-16
2.33379  9.554481E-16
2.33433  9.594259E-16
2.33487  9.832581E-16
2.3354  9.824104E-16
2.33594  9.751468E-16
2.33648  9.743322E-16
2.33701  9.429822E-16
2.33755  9.700679E-16
2.33808  9.839993E-16
2.33862  9.749098E-16
2.33916  9.828804E-16
2.33969  9.799529E-16
2.34023  9.898604E-16
2.34077  1.004085E-15
2.3413  9.741686E-16
2.34184  9.944691E-16
2.34238  9.728366E-16
2.34291  9.863978E-16
2.34345  9.525527E-16
2.34398  9.478383E-16
2.34452  9.845284E-16
2.34506  9.779882E-16
2.34559  9.851525E-16
2.34613  9.739170E-16
2.34667  9.875372E-16
2.3472  9.744289E-16
2.34774  9.919750E-16
2.34827  9.791656E-16
2.34881  9.259155E-16
2.34935  1.002892E-15
2.34988  9.942814E-16
2.35042  9.769510E-16
2.35096  9.644811E-16
2.35149  1.017558E-15
2.35203  9.795257E-16
2.35256  9.645046E-16
2.3531  1.000849E-15
2.35364  9.952746E-16
2.35417  9.851276E-16
2.35471  9.864121E-16
2.35525  9.828212E-16
2.35578  9.918093E-16
2.35632  9.824059E-16
2.35685  9.783066E-16
2.35739  9.941669E-16
2.35793  9.800281E-16
2.35846  9.551614E-16
2.359  9.666204E-16
2.35953  9.693376E-16
2.36007  9.937979E-16
2.36061  9.315317E-16
2.36114  9.618297E-16
2.36168  9.824840E-16
2.36222  9.691036E-16
2.36275  9.746152E-16
2.36329  9.731272E-16
2.36382  9.683178E-16
2.36436  9.641847E-16
2.3649  1.017493E-15
2.36543  9.598034E-16
2.36597  9.780617E-16
2.36651  1.004257E-15
2.36704  9.570096E-16
2.36758  9.641588E-16
2.36811  9.939164E-16
2.36865  9.807892E-16
2.36919  9.836653E-16
2.36972  9.657738E-16
2.37026  9.604161E-16
2.3708  9.957815E-16
2.37133  9.947809E-16
2.37187  9.495408E-16
2.3724  9.745992E-16
2.37294  9.684320E-16
2.37348  9.926091E-16
2.37401  9.501164E-16
2.37455  9.521100E-16
2.37508  9.882847E-16
2.37562  9.802468E-16
2.37616  9.265178E-16
2.37669  9.930252E-16
2.37723  9.760653E-16
2.37777  9.945096E-16
2.3783  9.862356E-16
2.37884  9.528662E-16
2.37937  9.623243E-16
2.37991  9.857169E-16
2.38045  9.612245E-16
2.38098  9.765044E-16
2.38152  9.754267E-16
2.38205  9.659852E-16
2.38259  9.343286E-16
2.38313  9.635497E-16
2.38366  9.721285E-16
2.3842  9.684477E-16
2.38474  9.573644E-16
2.38527  9.620604E-16
2.38581  9.588939E-16
2.38634  9.615949E-16
2.38688  9.864562E-16
2.38742  9.764963E-16
2.38795  9.648139E-16
2.38849  9.805761E-16
2.38902  9.730583E-16
2.38956  9.882672E-16
2.3901  9.817661E-16
2.39063  9.536000E-16
2.39117  9.355056E-16
2.3917  1.000747E-15
2.39224  9.643375E-16
2.39278  9.944030E-16
2.39331  9.818331E-16
2.39385  9.970780E-16
2.39439  9.672571E-16
2.39492  1.024567E-15
2.39546  9.964321E-16
2.39599  9.581464E-16
2.39653  1.031980E-15
2.39707  9.899207E-16
2.3976  1.009029E-15
2.39814  9.875243E-16
2.39867  9.775875E-16
2.39921  9.463572E-16
2.39975  9.688062E-16
2.40028  9.625983E-16
2.40082  9.398888E-16
2.40135  9.770025E-16
2.40189  9.882344E-16
2.40243  9.768031E-16
2.40296  9.802846E-16
2.4035  9.376960E-16
2.40403  9.999362E-16
2.40457  9.962722E-16
2.40511  9.443315E-16
2.40564  9.728634E-16
2.40618  9.476687E-16
2.40671  9.767228E-16
2.40725  9.618970E-16
2.40779  9.854393E-16
2.40832  9.706865E-16
2.40886  9.589211E-16
2.40939  9.468024E-16
2.40993  9.791669E-16
2.41047  9.656376E-16
2.411  1.022941E-15
2.41154  9.725234E-16
2.41208  1.018409E-15
2.41261  9.769031E-16
2.41315  9.742338E-16
2.41368  9.922347E-16
2.41422  1.013886E-15
2.41476  9.641538E-16
2.41529  9.409231E-16
2.41583  9.697310E-16
2.41636  9.879250E-16
2.4169  9.651815E-16
2.41744  9.941314E-16
2.41797  9.731490E-16
2.41851  9.761510E-16
2.41904  9.369693E-16
2.41958  1.008082E-15
2.42012  9.808797E-16
2.42065  9.989787E-16
2.42119  9.885458E-16
2.42172  9.805000E-16
2.42226  9.832601E-16
2.4228  9.761728E-16
2.42333  9.864082E-16
2.42387  9.767758E-16
2.4244  9.921244E-16
2.42494  1.000326E-15
2.42548  9.919371E-16
2.42601  9.945101E-16
2.42655  9.830987E-16
