0.805952  1.154870E-14
0.806154  1.194740E-14
0.806356  1.130580E-14
0.806558  1.109030E-14
0.80676  1.134810E-14
0.806962  1.166020E-14
0.807164  1.140880E-14
0.807366  1.136250E-14
0.807568  1.069140E-14
0.80777  1.143310E-14
0.807972  1.066580E-14
0.808174  1.108290E-14
0.808376  1.193820E-14
0.808577  1.127540E-14
0.808779  1.179800E-14
0.808981  1.157470E-14
0.809183  1.140970E-14
0.809385  1.144190E-14
0.809587  1.108110E-14
0.809606  1.087270E-14
0.80984  1.084980E-14
0.810074  1.124340E-14
0.810308  1.027400E-14
0.810541  1.071750E-14
0.810775  1.086860E-14
0.811009  1.121650E-14
0.811242  1.107060E-14
0.811476  1.113010E-14
0.81171  1.082000E-14
0.811944  1.111920E-14
0.812177  1.097930E-14
0.812411  1.081420E-14
0.812645  1.073480E-14
0.812878  1.120530E-14
0.813112  1.073490E-14
0.813345  1.123960E-14
0.813579  1.109310E-14
0.813813  1.177020E-14
0.814046  1.100460E-14
0.81428  1.109190E-14
0.814513  1.105930E-14
0.814747  1.104960E-14
0.814981  1.094160E-14
0.815214  1.078910E-14
0.815448  1.116180E-14
0.815681  1.087950E-14
0.815915  1.127460E-14
0.816148  1.077190E-14
0.816382  1.096690E-14
0.816615  1.122090E-14
0.816849  1.100550E-14
0.817082  1.079590E-14
0.817316  1.146030E-14
0.817549  1.112360E-14
0.817783  1.093400E-14
0.818016  1.134840E-14
0.818249  1.107270E-14
0.818483  1.101720E-14
0.818716  1.132730E-14
0.81895  1.118800E-14
0.819183  1.125330E-14
0.819417  1.145950E-14
0.81965  1.145390E-14
0.819883  1.140790E-14
0.820117  1.090830E-14
0.82035  1.108910E-14
0.820583  1.131600E-14
0.820817  1.050890E-14
0.82105  1.056030E-14
0.821283  1.073520E-14
0.821517  1.126880E-14
0.82175  1.069350E-14
0.821983  1.080120E-14
0.822217  1.113100E-14
0.82245  1.127580E-14
0.822683  1.093440E-14
0.822916  1.127740E-14
0.82315  1.108500E-14
0.823383  1.068190E-14
0.823616  1.087210E-14
0.823849  1.097090E-14
0.824082  1.084910E-14
0.824316  1.099310E-14
0.824549  1.061850E-14
0.824782  1.095630E-14
0.825015  1.146670E-14
0.825248  1.180140E-14
0.825482  1.145960E-14
0.825715  1.118790E-14
0.825948  1.113780E-14
0.826181  1.171770E-14
0.826414  1.153110E-14
0.826647  1.147750E-14
0.82688  1.142470E-14
0.827113  1.109060E-14
0.827347  1.097030E-14
0.82758  1.104060E-14
0.827813  1.161990E-14
0.828046  1.172520E-14
0.828279  1.086690E-14
0.828512  1.182780E-14
0.828745  1.134880E-14
0.828978  1.163460E-14
0.829211  1.105250E-14
0.829444  1.194390E-14
0.829677  1.161430E-14
0.82991  1.167030E-14
0.830143  1.138700E-14
0.830376  1.103780E-14
0.830609  1.082090E-14
0.830842  1.140610E-14
0.831075  1.178280E-14
0.831308  1.102790E-14
0.831541  1.125270E-14
0.831774  1.117590E-14
0.832007  1.091780E-14
0.83224  1.127370E-14
0.832473  1.069010E-14
0.832705  1.099900E-14
0.832938  1.082910E-14
0.833171  1.115070E-14
0.833404  1.072830E-14
0.833637  1.083790E-14
0.83387  1.075520E-14
0.834103  1.071790E-14
0.834336  1.053850E-14
0.834568  1.103300E-14
0.834801  1.063960E-14
0.835034  1.072340E-14
0.835267  1.085510E-14
0.8355  1.080110E-14
0.835732  1.076370E-14
0.835965  1.113400E-14
0.836198  1.087270E-14
0.836431  1.097950E-14
0.836663  1.069210E-14
0.836896  1.098360E-14
0.837129  1.081160E-14
0.837362  1.104960E-14
0.837595  1.122330E-14
0.837827  1.088970E-14
0.83806  1.061050E-14
0.838293  1.102430E-14
0.838525  1.084960E-14
0.838758  1.111390E-14
0.838991  1.102200E-14
0.839223  1.105350E-14
0.839456  1.114310E-14
0.839689  1.081520E-14
0.839921  1.124090E-14
0.840154  1.070190E-14
0.840387  1.087020E-14
0.840619  1.068630E-14
0.840852  1.103790E-14
0.841085  1.076940E-14
0.841317  1.112790E-14
0.84155  1.055700E-14
0.841782  1.078660E-14
0.842015  1.084540E-14
0.842248  1.125890E-14
0.84248  1.134280E-14
0.842713  1.206100E-14
0.842945  1.132000E-14
0.843178  1.197400E-14
0.84341  1.134130E-14
0.843643  1.188050E-14
0.843875  1.146230E-14
0.844108  1.174020E-14
0.84434  1.200230E-14
0.844573  1.222250E-14
0.844805  1.261650E-14
0.845038  1.269990E-14
0.84527  1.208300E-14
0.845503  1.256860E-14
0.845735  1.273540E-14
0.845968  1.260380E-14
0.8462  1.242650E-14
0.846433  1.202170E-14
0.846665  1.231100E-14
0.846898  1.222700E-14
0.84713  1.276230E-14
0.847362  1.228610E-14
0.847595  1.278330E-14
0.847827  1.251840E-14
0.84806  1.278810E-14
0.848292  1.248700E-14
0.848524  1.235470E-14
0.848757  1.264190E-14
0.848989  1.234430E-14
0.849221  1.248320E-14
0.849454  1.223060E-14
0.849686  1.225310E-14
0.849919  1.216510E-14
0.850151  1.173740E-14
0.850383  1.241740E-14
0.850616  1.200070E-14
0.850848  1.186170E-14
0.85108  1.219140E-14
0.851312  1.210130E-14
0.851545  1.215950E-14
0.851777  1.243860E-14
0.852009  1.223620E-14
0.852242  1.206960E-14
0.852474  1.202440E-14
0.852706  1.208060E-14
0.852938  1.162000E-14
0.853171  1.163070E-14
0.853403  1.111070E-14
0.853635  1.147750E-14
0.853867  1.115880E-14
0.854099  1.128950E-14
0.854332  1.140060E-14
0.854564  1.099320E-14
0.854796  1.103290E-14
0.855028  1.113540E-14
0.85526  1.092900E-14
0.855493  1.133530E-14
0.855725  1.122250E-14
0.855957  1.145850E-14
0.856189  1.117470E-14
0.856421  1.112580E-14
0.856653  1.130800E-14
0.856885  1.063700E-14
0.857118  1.019360E-14
0.85735  9.722840E-15
0.857582  9.949770E-15
0.857814  9.442460E-15
0.858046  1.010420E-14
0.858278  1.017780E-14
0.85851  1.074240E-14
0.858742  1.101940E-14
0.858974  1.108000E-14
0.859206  1.106140E-14
0.859438  1.099270E-14
0.85967  1.157690E-14
0.859903  1.095000E-14
0.860135  1.124250E-14
0.860367  1.134190E-14
0.860599  1.137650E-14
0.860831  1.141490E-14
0.861063  1.151390E-14
0.861295  1.166090E-14
0.861527  1.145750E-14
0.861759  1.157260E-14
0.861991  1.152380E-14
0.862223  1.147540E-14
0.862455  1.096870E-14
0.862687  1.101610E-14
0.862918  1.094090E-14
0.86315  1.120170E-14
0.863382  1.079650E-14
0.863614  1.098620E-14
0.863846  1.153820E-14
0.864078  1.160680E-14
0.86431  1.116410E-14
0.864542  1.113150E-14
0.864774  1.162810E-14
0.865006  1.199100E-14
0.865238  1.229650E-14
0.86547  1.231870E-14
0.865701  1.176780E-14
0.865933  1.183080E-14
0.866165  1.168300E-14
0.866397  1.176000E-14
0.866629  1.179110E-14
0.866861  1.152060E-14
0.867093  1.155510E-14
0.867325  1.179900E-14
0.867556  1.161100E-14
0.867788  1.127770E-14
0.86802  1.143400E-14
0.868252  1.122210E-14
0.868484  1.106710E-14
0.868715  1.158020E-14
0.868947  1.053420E-14
0.869179  1.040780E-14
0.869411  1.001880E-14
0.869643  9.616840E-15
0.869874  1.003540E-14
0.870106  1.008850E-14
0.870338  1.060700E-14
0.87057  1.066770E-14
0.870801  1.082680E-14
0.871033  1.072070E-14
0.871265  1.066530E-14
0.871497  1.108040E-14
0.871728  1.116470E-14
0.87196  1.098920E-14
0.872192  1.082110E-14
0.872424  1.111360E-14
0.872655  1.110250E-14
0.872887  1.141520E-14
0.873119  1.129910E-14
0.87335  1.139600E-14
0.873582  1.123650E-14
0.873814  1.115580E-14
0.874045  1.147800E-14
0.874277  1.160180E-14
0.874509  1.143890E-14
0.87474  1.135170E-14
0.874972  1.154010E-14
0.875204  1.115430E-14
0.875435  1.149030E-14
0.875667  1.108620E-14
0.875899  1.134020E-14
0.87613  1.153400E-14
0.876362  1.118860E-14
0.876593  1.126980E-14
0.876825  1.157950E-14
0.877057  1.119060E-14
0.877288  1.100270E-14
0.87752  1.118490E-14
0.877751  1.090840E-14
0.877983  1.132400E-14
0.878215  1.127610E-14
0.878446  1.049350E-14
0.878678  1.079110E-14
0.878909  1.078420E-14
0.879141  1.080480E-14
0.879372  1.100090E-14
0.879604  1.096230E-14
0.879835  1.064630E-14
0.880067  1.095610E-14
0.880298  1.096910E-14
0.88053  1.095530E-14
0.880762  1.123750E-14
0.880993  1.107900E-14
0.881225  1.107930E-14
0.881456  1.122890E-14
0.881688  1.129050E-14
0.881919  1.100070E-14
0.88215  1.133220E-14
0.882382  1.147030E-14
0.882613  1.155880E-14
0.882845  1.127270E-14
0.883076  1.140540E-14
0.883308  1.167260E-14
0.883539  1.110800E-14
0.883771  1.120320E-14
0.884002  1.109710E-14
0.884234  1.105220E-14
0.884465  1.138830E-14
0.884696  1.149550E-14
0.884928  1.108050E-14
0.885159  1.136920E-14
0.885391  1.154570E-14
0.885622  1.178540E-14
0.885853  1.145470E-14
0.886085  1.175040E-14
0.886316  1.129700E-14
0.886548  1.157430E-14
0.886779  1.147460E-14
0.88701  1.167560E-14
0.887242  1.137600E-14
0.887473  1.158090E-14
0.887704  1.182940E-14
0.887936  1.138730E-14
0.888167  1.172650E-14
0.888399  1.179620E-14
0.88863  1.172360E-14
0.888861  1.101890E-14
0.889093  1.136890E-14
0.889324  1.089140E-14
0.889555  1.067030E-14
0.889787  1.087600E-14
0.890018  1.041970E-14
0.890249  1.065300E-14
0.89048  1.063240E-14
0.890712  1.057550E-14
0.890943  1.085000E-14
0.891174  1.107580E-14
0.891406  1.089510E-14
0.891637  1.099100E-14
0.891868  1.105860E-14
0.892099  1.152340E-14
0.892331  1.097770E-14
0.892562  1.116280E-14
0.892793  1.126330E-14
0.893025  1.111090E-14
0.893256  1.116100E-14
0.893487  1.101690E-14
0.893718  1.116350E-14
0.89395  1.133230E-14
0.894181  1.106390E-14
0.894412  1.115960E-14
0.894643  1.114010E-14
0.894874  1.043710E-14
0.895106  1.115440E-14
0.895337  1.098020E-14
0.895568  1.089880E-14
0.895799  1.048180E-14
0.89603  1.118090E-14
0.896262  1.065520E-14
0.896493  1.070970E-14
0.896724  1.092450E-14
0.896955  1.096440E-14
0.897186  1.080030E-14
0.897418  1.146790E-14
0.897649  1.140360E-14
0.89788  1.103640E-14
0.898111  1.101890E-14
0.898342  1.071650E-14
0.898573  1.109270E-14
0.898804  1.091250E-14
0.899036  1.129480E-14
0.899267  1.103780E-14
0.899498  1.130750E-14
0.899729  1.112390E-14
0.89996  1.080850E-14
0.900191  1.071650E-14
0.900422  1.111770E-14
0.900653  1.108330E-14
0.900885  1.098560E-14
0.901116  1.069420E-14
0.901347  1.049960E-14
0.901578  1.089600E-14
0.901809  1.093560E-14
0.90204  1.098300E-14
0.902271  1.094700E-14
0.902502  1.124710E-14
0.902733  1.157770E-14
0.902964  1.101280E-14
0.903195  1.145060E-14
0.903426  1.120430E-14
0.903658  1.130310E-14
0.903889  1.115870E-14
0.90412  1.083340E-14
0.904351  1.066590E-14
0.904582  1.131140E-14
0.904813  1.073760E-14
0.905044  1.048020E-14
0.905275  1.074460E-14
0.905506  1.093440E-14
0.905737  1.114450E-14
0.905968  1.083640E-14
0.906199  1.078210E-14
0.90643  1.112320E-14
0.906661  1.107280E-14
0.906892  1.148990E-14
0.907123  1.153730E-14
0.907354  1.152210E-14
0.907585  1.155820E-14
0.907816  1.171020E-14
0.908047  1.226360E-14
0.908278  1.183860E-14
0.908509  1.242400E-14
0.90874  1.283390E-14
0.908971  1.299560E-14
0.909202  1.375250E-14
0.909433  1.456290E-14
0.909664  1.547190E-14
0.909895  1.620760E-14
0.910126  1.678370E-14
0.910357  1.738360E-14
0.910588  1.755860E-14
0.910819  1.615530E-14
0.911049  1.487810E-14
0.91128  1.370440E-14
0.911511  1.309150E-14
0.911742  1.250250E-14
0.911973  1.224000E-14
0.912204  1.149780E-14
0.912435  1.109540E-14
0.912666  1.124200E-14
0.912897  1.069430E-14
0.913128  1.117310E-14
0.913359  1.171840E-14
0.91359  1.110360E-14
0.913821  1.103360E-14
0.914051  1.096800E-14
0.914282  1.130520E-14
0.914513  1.094630E-14
0.914744  1.109300E-14
0.914975  1.078140E-14
0.915206  1.094090E-14
0.915437  1.134060E-14
0.915668  1.118410E-14
0.915899  1.109260E-14
0.916129  1.143260E-14
0.91636  1.148060E-14
0.916591  1.139300E-14
0.916822  1.151190E-14
0.917053  1.086020E-14
0.917284  1.121370E-14
0.917515  1.141160E-14
0.917745  1.088680E-14
0.917976  1.082630E-14
0.918207  1.122040E-14
0.918438  1.094980E-14
0.918669  1.142420E-14
0.9189  1.116450E-14
0.91913  1.144750E-14
0.919361  1.132860E-14
0.919592  1.139110E-14
0.919823  1.117450E-14
0.920054  1.152360E-14
0.920285  1.168270E-14
0.920515  1.126270E-14
0.920746  1.108750E-14
0.920977  1.112360E-14
0.921208  1.130310E-14
0.921439  1.137230E-14
0.921669  1.149950E-14
0.9219  1.131090E-14
0.922131  1.128800E-14
0.922362  1.131400E-14
0.922593  1.121310E-14
0.922823  1.123600E-14
0.923054  1.118330E-14
0.923285  1.145100E-14
0.923516  1.149530E-14
0.923746  1.131130E-14
0.923977  1.165440E-14
0.924208  1.144200E-14
0.924439  1.113110E-14
0.92467  1.083800E-14
0.9249  1.125290E-14
0.925131  1.113210E-14
0.925362  1.141620E-14
0.925593  1.136440E-14
0.925823  1.108920E-14
0.926054  1.159040E-14
0.926285  1.126300E-14
0.926516  1.093820E-14
0.926746  1.091490E-14
0.926977  1.133980E-14
0.927208  1.144930E-14
0.927438  1.089640E-14
0.927669  1.080090E-14
0.9279  1.078110E-14
0.928131  1.056160E-14
0.928361  1.097030E-14
0.928592  1.093380E-14
0.928823  1.058690E-14
0.929054  1.037810E-14
0.929284  1.073030E-14
0.929515  1.030250E-14
0.929746  1.057180E-14
0.929976  1.087980E-14
0.930207  1.081060E-14
0.930438  1.115340E-14
0.930669  1.104280E-14
0.930899  1.100700E-14
0.93113  1.080830E-14
0.931361  1.100820E-14
0.931591  1.112630E-14
0.931822  1.088820E-14
0.932053  1.080470E-14
0.932283  1.091070E-14
0.932514  1.063800E-14
0.932745  1.074230E-14
0.932975  1.079290E-14
0.933206  1.097390E-14
0.933437  1.079110E-14
0.933667  1.020260E-14
0.933898  1.045440E-14
0.934129  1.021460E-14
0.934359  1.067110E-14
0.93459  1.024020E-14
0.934821  9.967240E-15
0.935051  1.054980E-14
0.935282  1.011900E-14
0.935513  9.975910E-15
0.935743  1.010850E-14
0.935974  1.052090E-14
0.936205  1.061100E-14
0.936435  1.078530E-14
0.936666  1.008860E-14
0.936897  9.964590E-15
0.937127  1.013340E-14
0.937358  1.052850E-14
0.937589  1.023830E-14
0.937819  1.105440E-14
0.93805  1.040690E-14
0.93828  1.013920E-14
0.938511  9.939650E-15
0.938742  1.015430E-14
0.938972  1.006240E-14
0.939203  9.798530E-15
0.93925  9.822060E-15
0.939521  9.969900E-15
0.939792  9.676920E-15
0.940064  9.775990E-15
0.940335  9.796450E-15
0.940606  9.737970E-15
0.940877  1.009740E-14
0.941148  9.798490E-15
0.941419  9.780150E-15
0.941691  9.798160E-15
0.941962  9.768940E-15
0.942233  9.744480E-15
0.942504  9.837810E-15
0.942775  1.003510E-14
0.943046  9.923350E-15
0.943318  9.913430E-15
0.943589  9.907500E-15
0.94386  9.702680E-15
0.944131  9.638460E-15
0.944402  9.683300E-15
0.944673  9.625560E-15
0.944944  9.652140E-15
0.945215  9.558560E-15
0.945486  9.758220E-15
0.945758  9.622180E-15
0.946029  9.799130E-15
0.9463  1.015550E-14
0.946571  9.828550E-15
0.946842  9.911820E-15
0.947113  1.002970E-14
0.947384  9.859650E-15
0.947655  9.751250E-15
0.947926  1.008180E-14
0.948197  9.678150E-15
0.948468  1.011860E-14
0.948739  9.720230E-15
0.94901  9.934030E-15
0.949281  1.003580E-14
0.949552  9.985070E-15
0.949823  1.043570E-14
0.950094  1.025310E-14
0.950365  1.047000E-14
0.950636  1.045020E-14
0.950907  1.019730E-14
0.951178  1.062280E-14
0.951449  1.040300E-14
0.95172  1.034910E-14
0.951991  1.037020E-14
0.952262  1.046000E-14
0.952533  1.056360E-14
0.952804  1.038680E-14
0.953075  1.082260E-14
0.953345  1.113320E-14
0.953616  1.123940E-14
0.953887  1.122890E-14
0.954158  1.135150E-14
0.954429  1.192930E-14
0.9547  1.241460E-14
0.954971  1.356650E-14
0.955242  1.519410E-14
0.955513  1.715500E-14
0.955783  1.965230E-14
0.956054  2.227420E-14
0.956325  2.474520E-14
0.956596  2.609870E-14
0.956867  2.638610E-14
0.957138  2.439530E-14
0.957409  2.176080E-14
0.957679  1.880670E-14
0.95795  1.625500E-14
0.958221  1.452440E-14
0.958492  1.311210E-14
0.958763  1.249840E-14
0.959033  1.181590E-14
0.959304  1.128760E-14
0.959575  1.145870E-14
0.959846  1.119670E-14
0.960117  1.117780E-14
0.960387  1.091690E-14
0.960658  1.064940E-14
0.960929  1.083200E-14
0.9612  1.079210E-14
0.96147  1.090580E-14
0.961741  1.066420E-14
0.962012  1.089400E-14
0.962283  1.070330E-14
0.962553  1.064640E-14
0.962824  1.084650E-14
0.963095  1.068050E-14
0.963366  1.070010E-14
0.963636  1.072350E-14
0.963907  1.040840E-14
0.964178  1.013340E-14
0.964448  1.028430E-14
0.964719  1.047760E-14
0.96499  1.040640E-14
0.96526  1.030170E-14
0.965531  1.032930E-14
0.965802  1.016510E-14
0.966072  1.012930E-14
0.966343  9.958260E-15
0.966614  9.753550E-15
0.966884  1.013430E-14
0.967155  9.885490E-15
0.967426  9.999650E-15
0.967696  1.003330E-14
0.967967  9.982760E-15
0.968238  1.019910E-14
0.968508  9.825340E-15
0.968779  9.877440E-15
0.969049  9.921110E-15
0.96932  9.677580E-15
0.969591  9.783050E-15
0.969861  9.652020E-15
0.970132  9.867450E-15
0.970402  9.893040E-15
0.970673  1.006910E-14
0.970943  9.812900E-15
0.971214  9.793840E-15
0.971485  9.654730E-15
0.971755  9.719340E-15
0.972026  9.918210E-15
0.972296  9.823980E-15
0.972567  9.905840E-15
0.972837  9.820670E-15
0.973108  9.897020E-15
0.973378  9.817750E-15
0.973649  1.007830E-14
0.973919  1.005460E-14
0.97419  9.817560E-15
0.97446  9.993850E-15
0.974731  1.006580E-14
0.975001  1.007180E-14
0.975272  1.018550E-14
0.975542  1.009800E-14
0.975813  9.869770E-15
0.976083  1.001270E-14
0.976354  9.732680E-15
0.976624  9.976230E-15
0.976895  9.815540E-15
0.977165  9.722870E-15
0.977436  9.743590E-15
0.977706  9.724830E-15
0.977976  9.687520E-15
0.978247  9.734120E-15
0.978517  9.696190E-15
0.978788  9.764590E-15
0.979058  9.717520E-15
0.979329  9.803060E-15
0.979599  9.969380E-15
0.979869  9.754820E-15
0.98014  1.013520E-14
0.98041  1.008760E-14
0.98068  9.786690E-15
0.980951  9.698620E-15
0.981221  1.008730E-14
0.981492  9.938690E-15
0.981762  9.735690E-15
0.982032  9.886730E-15
0.982303  9.616270E-15
0.982573  1.002900E-14
0.982843  1.010990E-14
0.983114  9.749490E-15
0.983384  1.011880E-14
0.983654  9.867440E-15
0.983925  1.016850E-14
0.984195  1.006750E-14
0.984465  9.912610E-15
0.984736  1.018660E-14
0.985006  9.936710E-15
0.985276  1.012470E-14
0.985547  1.034680E-14
0.985817  1.038840E-14
0.986087  1.047090E-14
0.986357  1.066100E-14
0.986628  1.049660E-14
0.986898  1.040990E-14
0.987168  1.049080E-14
0.987438  1.027130E-14
0.987709  1.050920E-14
0.987979  1.056390E-14
0.988249  1.093340E-14
0.988519  1.131530E-14
0.98879  1.155940E-14
0.98906  1.137400E-14
0.98933  1.123890E-14
0.9896  1.086570E-14
0.989871  1.077740E-14
0.990141  1.049320E-14
0.990411  1.024830E-14
0.990681  1.020570E-14
0.990951  1.024950E-14
0.991222  1.043040E-14
0.991492  1.034320E-14
0.991762  1.024660E-14
0.992032  1.041800E-14
0.992302  1.036360E-14
0.992572  1.032700E-14
0.992843  1.033700E-14
0.993113  1.049850E-14
0.993383  1.032410E-14
0.993653  1.042360E-14
0.993923  1.029580E-14
0.994193  1.044650E-14
0.994464  1.042320E-14
0.994734  1.073010E-14
0.995004  1.074170E-14
0.995274  1.063330E-14
0.995544  1.061590E-14
0.995814  1.055870E-14
0.996084  1.048820E-14
0.996354  1.041810E-14
0.996625  1.054430E-14
0.996895  1.062830E-14
0.997165  1.047420E-14
0.997435  1.060990E-14
0.997705  1.054570E-14
0.997975  1.072880E-14
0.998245  1.071070E-14
0.998515  1.055500E-14
0.998785  1.061800E-14
0.999055  1.067150E-14
0.999325  1.079660E-14
0.999595  1.083850E-14
0.999865  1.102270E-14
1.00014  1.089130E-14
1.00041  1.089030E-14
1.00068  1.096220E-14
1.00095  1.111010E-14
1.00122  1.100180E-14
1.00149  1.104000E-14
1.00176  1.122130E-14
1.00203  1.127840E-14
1.0023  1.114390E-14
1.00257  1.139130E-14
1.00284  1.141670E-14
1.00311  1.148160E-14
1.00338  1.137900E-14
1.00365  1.150800E-14
1.00392  1.158690E-14
1.00419  1.151880E-14
1.00446  1.168570E-14
1.00473  1.186160E-14
1.005  1.180210E-14
1.00527  1.170090E-14
1.00554  1.196310E-14
1.00581  1.174500E-14
1.00608  1.191270E-14
1.00635  1.168710E-14
1.00662  1.185660E-14
1.00688  1.168720E-14
1.00715  1.182830E-14
1.00742  1.175400E-14
1.00769  1.176730E-14
1.00796  1.189740E-14
1.00823  1.190860E-14
1.0085  1.195120E-14
1.00877  1.198850E-14
1.00904  1.193260E-14
1.00931  1.184300E-14
1.00958  1.169680E-14
1.00985  1.164020E-14
1.01012  1.146010E-14
1.01039  1.154410E-14
1.01066  1.154930E-14
1.01093  1.153620E-14
1.0112  1.161720E-14
1.01147  1.129150E-14
1.01174  1.139200E-14
1.01201  1.139250E-14
1.01228  1.120250E-14
1.01255  1.115200E-14
1.01282  1.127170E-14
1.01309  1.143050E-14
1.01336  1.151360E-14
1.01363  1.155280E-14
1.0139  1.158930E-14
1.01417  1.136730E-14
1.01444  1.163770E-14
1.01471  1.159970E-14
1.01498  1.145740E-14
1.01525  1.148300E-14
1.01552  1.153360E-14
1.01579  1.166290E-14
1.01606  1.168050E-14
1.01633  1.136830E-14
1.0166  1.125820E-14
1.01687  1.108460E-14
1.01714  1.113460E-14
1.01741  1.104330E-14
1.01768  1.088500E-14
1.01795  1.086770E-14
1.01822  1.080850E-14
1.01849  1.054020E-14
1.01876  1.066010E-14
1.01903  1.054460E-14
1.0193  1.041870E-14
1.01957  1.075770E-14
1.01984  1.064350E-14
1.02011  1.079520E-14
1.02038  1.061700E-14
1.02065  1.051500E-14
1.02092  1.053890E-14
1.02119  1.053670E-14
1.02145  1.052640E-14
1.02172  1.064690E-14
1.02199  1.063660E-14
1.02226  1.052790E-14
1.02253  1.045550E-14
1.0228  1.055920E-14
1.02307  1.051140E-14
1.02334  1.050230E-14
1.02361  1.048390E-14
1.02388  1.055350E-14
1.02415  1.068790E-14
1.02442  1.066670E-14
1.02469  1.049270E-14
1.02496  1.038960E-14
1.02523  1.036090E-14
1.0255  1.040420E-14
1.02577  1.048510E-14
1.02604  1.015210E-14
1.02631  1.035780E-14
1.02658  1.048520E-14
1.02685  1.036470E-14
1.02712  1.041270E-14
1.02739  1.039050E-14
1.02766  1.059160E-14
1.02793  1.043470E-14
1.0282  1.054740E-14
1.02847  1.071630E-14
1.02874  1.058900E-14
1.02901  1.061540E-14
1.02927  1.030210E-14
1.02954  1.045500E-14
1.02981  1.028530E-14
1.03008  1.036960E-14
1.03035  1.051490E-14
1.03062  1.038000E-14
1.03089  1.040080E-14
1.03116  1.059160E-14
1.03143  1.049360E-14
1.0317  1.074000E-14
1.03197  1.106980E-14
1.03224  1.095710E-14
1.03251  1.104060E-14
1.03278  1.106470E-14
1.03305  1.118290E-14
1.03332  1.092890E-14
1.03359  1.078350E-14
1.03386  1.069130E-14
1.03413  1.065230E-14
1.0344  1.080860E-14
1.03467  1.084770E-14
1.03494  1.082700E-14
1.0352  1.073810E-14
1.03547  1.118310E-14
1.03574  1.137040E-14
1.03601  1.153150E-14
1.03628  1.128910E-14
1.03655  1.113080E-14
1.03682  1.120910E-14
1.03709  1.093760E-14
1.03736  1.104080E-14
1.03763  1.085240E-14
1.0379  1.079190E-14
1.03817  1.072860E-14
1.03844  1.076010E-14
1.03871  1.064150E-14
1.03898  1.048620E-14
1.03925  1.058230E-14
1.03952  1.054970E-14
1.03979  1.068770E-14
1.04006  1.084220E-14
1.04032  1.069690E-14
1.04059  1.060500E-14
1.04086  1.058860E-14
1.04113  1.061610E-14
1.0414  1.057680E-14
1.04167  1.024330E-14
1.04194  1.053010E-14
1.04221  1.035330E-14
1.04248  1.027930E-14
1.04275  1.052230E-14
1.04302  1.041820E-14
1.04329  1.049450E-14
1.04356  1.064240E-14
1.04383  1.059120E-14
1.0441  1.063550E-14
1.04437  1.061970E-14
1.04464  1.088670E-14
1.0449  1.048250E-14
1.04517  1.062100E-14
1.04544  1.081560E-14
1.04571  1.053050E-14
1.04598  1.059720E-14
1.04625  1.071490E-14
1.04652  1.036610E-14
1.04679  1.034780E-14
1.04706  1.033340E-14
1.04733  1.034870E-14
1.0476  1.046170E-14
1.04787  1.055540E-14
1.04814  1.035620E-14
1.04841  1.041410E-14
1.04868  1.036910E-14
1.04895  1.065900E-14
1.04921  1.041920E-14
1.04948  1.038650E-14
1.04975  1.047600E-14
1.05002  1.032970E-14
1.05029  1.039170E-14
1.05056  1.036540E-14
1.05083  1.040340E-14
1.0511  1.035040E-14
1.05137  1.043840E-14
1.05164  1.033060E-14
1.05191  1.034170E-14
1.05218  1.039010E-14
1.05245  1.036770E-14
1.05272  1.042740E-14
1.05298  1.019440E-14
1.05325  1.048890E-14
1.05352  1.050660E-14
1.05379  1.022740E-14
1.05406  1.055040E-14
1.05433  1.036520E-14
1.0546  1.039230E-14
1.05487  1.049250E-14
1.05514  1.046610E-14
1.05541  1.026470E-14
1.05568  1.037710E-14
1.05595  1.033610E-14
1.05622  1.036450E-14
1.05649  1.035880E-14
1.05675  1.045740E-14
1.05702  1.016510E-14
1.05729  1.023680E-14
1.05756  1.018210E-14
1.05783  1.012170E-14
1.0581  1.023260E-14
1.05837  1.025500E-14
1.05864  1.038490E-14
1.05891  1.032020E-14
1.05918  1.023250E-14
1.05945  1.028350E-14
1.05972  1.007900E-14
1.05998  1.042370E-14
1.06025  1.014540E-14
1.06052  1.028390E-14
1.06079  1.035470E-14
1.06106  1.030640E-14
1.06133  1.011640E-14
1.0616  1.018310E-14
1.06187  1.012550E-14
1.06214  1.007390E-14
1.06241  9.869070E-15
1.06268  9.807800E-15
1.06295  1.003690E-14
1.06322  9.822690E-15
1.06348  1.004240E-14
1.06375  1.003620E-14
1.06402  1.012510E-14
1.06429  9.930930E-15
1.06456  9.942850E-15
1.06483  1.006230E-14
1.0651  1.002740E-14
1.06537  1.017280E-14
1.06564  1.001490E-14
1.06591  1.016860E-14
1.06618  1.012820E-14
1.06644  1.016240E-14
1.06671  1.013220E-14
1.06698  1.011880E-14
1.06725  1.036690E-14
1.06752  1.043730E-14
1.06779  1.042620E-14
1.06806  1.039280E-14
1.06833  1.055880E-14
1.0686  1.028280E-14
1.06887  1.038030E-14
1.06914  1.030170E-14
1.06941  1.020350E-14
1.06967  1.043790E-14
1.06994  1.007430E-14
1.07021  1.014860E-14
1.07048  1.015510E-14
1.07075  1.018050E-14
1.07102  1.006130E-14
1.07129  1.047670E-14
1.07156  1.030160E-14
1.07183  1.023840E-14
1.0721  1.028090E-14
1.07237  1.030910E-14
1.07263  1.023260E-14
1.0729  1.031400E-14
1.07317  1.031380E-14
1.07344  1.038750E-14
1.07371  1.040810E-14
1.07398  1.040710E-14
1.07425  1.065380E-14
1.07452  1.050810E-14
1.07479  1.073460E-14
1.07506  1.099290E-14
1.07532  1.106900E-14
1.07559  1.102440E-14
1.07586  1.125040E-14
1.07613  1.113550E-14
1.0764  1.104020E-14
1.07667  1.096970E-14
1.07694  1.077230E-14
1.07721  1.103770E-14
1.07748  1.111350E-14
1.07775  1.107970E-14
1.07801  1.155120E-14
1.07828  1.120050E-14
1.07855  1.139350E-14
1.07882  1.141400E-14
1.07909  1.168850E-14
1.07936  1.156070E-14
1.07963  1.150240E-14
1.0799  1.189490E-14
1.08017  1.189990E-14
1.08044  1.205470E-14
1.0807  1.211350E-14
1.08097  1.241660E-14
1.08124  1.243890E-14
1.08151  1.264400E-14
1.08178  1.262360E-14
1.08205  1.264520E-14
1.08232  1.272580E-14
1.08259  1.273760E-14
1.08286  1.305860E-14
1.08313  1.326390E-14
1.08339  1.349940E-14
1.08366  1.388870E-14
1.08393  1.403710E-14
1.0842  1.447140E-14
1.08447  1.489540E-14
1.08474  1.515500E-14
1.08501  1.535880E-14
1.08528  1.575570E-14
1.08555  1.656370E-14
1.08582  1.699610E-14
1.08608  1.771160E-14
1.08635  1.826960E-14
1.08662  1.918730E-14
1.08689  2.066520E-14
1.08716  2.180220E-14
1.08743  2.253520E-14
1.0877  2.261850E-14
1.08797  2.204770E-14
1.08824  2.100850E-14
1.0885  1.968340E-14
1.08877  1.839000E-14
1.08904  1.748990E-14
1.08931  1.669720E-14
1.08958  1.605480E-14
1.08985  1.553620E-14
1.09012  1.496990E-14
1.09039  1.445010E-14
1.09066  1.413080E-14
1.09092  1.426460E-14
1.09119  1.375860E-14
1.09146  1.355800E-14
1.09173  1.385820E-14
1.092  1.371750E-14
1.09227  1.346840E-14
1.09254  1.367750E-14
1.09281  1.362430E-14
1.09308  1.306210E-14
1.09334  1.359590E-14
1.09361  1.340000E-14
1.09388  1.351850E-14
1.09415  1.369700E-14
1.09442  1.320190E-14
1.09469  1.320990E-14
1.09496  1.317930E-14
1.09523  1.297390E-14
1.0955  1.288640E-14
1.09576  1.275150E-14
1.09603  1.260090E-14
1.0963  1.243600E-14
1.09657  1.233210E-14
1.09684  1.249600E-14
1.09711  1.222750E-14
1.09738  1.223330E-14
1.09765  1.222350E-14
1.09791  1.228940E-14
1.09818  1.225460E-14
1.09845  1.228480E-14
1.09872  1.219230E-14
1.09899  1.193320E-14
1.09926  1.149260E-14
1.09953  1.154960E-14
1.0998  1.161730E-14
1.10007  1.114270E-14
1.10033  1.099830E-14
1.1006  1.095730E-14
1.10087  1.066880E-14
1.10114  1.039250E-14
1.10141  1.084360E-14
1.10168  1.058700E-14
1.10195  1.067610E-14
1.10222  1.032300E-14
1.10248  1.052640E-14
1.10275  1.048550E-14
1.10302  1.076860E-14
1.10329  1.051250E-14
1.10356  1.056590E-14
1.10383  1.036060E-14
1.1041  1.034160E-14
1.10437  1.022500E-14
1.10464  1.054340E-14
1.1049  1.024380E-14
1.10517  1.010080E-14
1.10544  9.754230E-15
1.10571  9.822280E-15
1.10598  9.829680E-15
1.10625  9.768650E-15
1.10652  9.732520E-15
1.10679  9.827890E-15
1.10705  9.747200E-15
1.10732  9.744780E-15
1.10759  9.556950E-15
1.10786  9.449000E-15
1.10813  9.529190E-15
1.1084  9.465730E-15
1.10867  9.458840E-15
1.10894  9.466160E-15
1.1092  9.418140E-15
1.10947  9.552290E-15
1.10974  9.182500E-15
1.11001  9.295670E-15
1.11028  9.276310E-15
1.11055  9.374100E-15
1.11082  9.502510E-15
1.11109  9.351770E-15
1.11135  9.527360E-15
1.11162  9.426960E-15
1.11189  9.603960E-15
1.11216  9.303880E-15
1.11243  9.494040E-15
1.1127  9.308300E-15
1.11297  9.390290E-15
1.11324  9.447080E-15
1.1135  9.067010E-15
1.11377  9.626010E-15
1.11404  9.310810E-15
1.11431  9.416930E-15
1.11458  9.278560E-15
1.11485  9.254700E-15
1.11512  9.305370E-15
1.11538  9.600470E-15
1.11565  9.374520E-15
1.11592  9.586370E-15
1.11619  9.638820E-15
1.11646  9.558770E-15
1.11673  9.551530E-15
1.117  9.413300E-15
1.11727  9.814910E-15
1.11753  9.502110E-15
1.1178  9.443390E-15
1.11807  9.486670E-15
1.11834  9.387000E-15
1.11861  9.259000E-15
1.11888  9.444350E-15
1.11915  9.573940E-15
1.11942  9.342940E-15
1.11968  9.699000E-15
1.11995  9.732150E-15
1.12022  9.544230E-15
1.12049  9.411580E-15
1.12076  9.606920E-15
1.12103  9.703300E-15
1.1213  9.779480E-15
1.12156  1.004650E-14
1.12183  9.646110E-15
1.1221  9.921850E-15
1.12237  9.712560E-15
1.12264  9.622900E-15
1.12291  9.719800E-15
1.12318  9.458670E-15
1.12345  9.506460E-15
1.12371  9.733490E-15
1.12398  9.221230E-15
1.12425  9.276970E-15
1.12452  9.582610E-15
1.12479  9.805320E-15
1.12506  9.522640E-15
1.12533  9.632720E-15
1.12559  9.578890E-15
1.12586  9.787260E-15
1.12613  9.892260E-15
1.1264  9.697350E-15
1.12667  9.831580E-15
1.12694  9.763880E-15
1.12721  9.830970E-15
1.12748  9.829560E-15
1.12774  9.661710E-15
1.12782  9.825530E-15
1.12814  1.005950E-14
1.12847  1.006860E-14
1.12879  9.909790E-15
1.12912  9.984710E-15
1.12944  1.002160E-14
1.12977  1.006200E-14
1.13009  9.960490E-15
1.13042  1.013140E-14
1.13074  1.008700E-14
1.13107  1.008450E-14
1.13139  1.011260E-14
1.13172  1.014310E-14
1.13204  1.008290E-14
1.13237  9.980240E-15
1.13269  1.009340E-14
1.13302  1.024670E-14
1.13335  9.857550E-15
1.13367  9.863860E-15
1.134  1.004710E-14
1.13432  1.027740E-14
1.13465  1.014900E-14
1.13497  1.013460E-14
1.1353  1.013050E-14
1.13562  1.035200E-14
1.13595  9.950680E-15
1.13627  1.007950E-14
1.1366  1.002110E-14
1.13692  1.002940E-14
1.13725  1.001780E-14
1.13757  9.855310E-15
1.1379  9.914130E-15
1.13822  9.834280E-15
1.13855  9.959010E-15
1.13887  9.915030E-15
1.1392  9.810990E-15
1.13952  9.829410E-15
1.13985  9.801770E-15
1.14017  9.830690E-15
1.1405  9.760980E-15
1.14082  9.752260E-15
1.14115  9.554780E-15
1.14147  9.530470E-15
1.1418  9.539980E-15
1.14212  9.341970E-15
1.14245  9.344380E-15
1.14277  9.241110E-15
1.1431  9.266770E-15
1.14342  9.298250E-15
1.14375  9.322530E-15
1.14407  9.398400E-15
1.1444  9.015360E-15
1.14472  9.040020E-15
1.14505  9.145270E-15
1.14537  9.258470E-15
1.1457  9.365170E-15
1.14602  9.393590E-15
1.14635  9.541890E-15
1.14667  9.592680E-15
1.147  9.513210E-15
1.14732  9.652570E-15
1.14765  9.408950E-15
1.14797  9.325820E-15
1.1483  9.646220E-15
1.14862  9.490180E-15
1.14895  9.437500E-15
1.14927  9.652040E-15
1.1496  9.677700E-15
1.14992  9.725980E-15
1.15025  9.814920E-15
1.15057  9.931440E-15
1.15089  9.818380E-15
1.15122  9.908980E-15
1.15154  9.974730E-15
1.15187  9.774300E-15
1.15219  9.749760E-15
1.15252  9.622030E-15
1.15284  9.669140E-15
1.15317  9.491650E-15
1.15349  9.573060E-15
1.15382  9.653920E-15
1.15414  9.475250E-15
1.15447  9.396780E-15
1.15479  9.499630E-15
1.15512  9.542540E-15
1.15544  9.642650E-15
1.15577  9.603380E-15
1.15609  9.549470E-15
1.15642  9.703140E-15
1.15674  9.641510E-15
1.15706  9.644610E-15
1.15739  9.657150E-15
1.15771  9.604260E-15
1.15804  9.734000E-15
1.15836  9.513610E-15
1.15869  9.577200E-15
1.15901  9.516030E-15
1.15934  9.655250E-15
1.15966  9.579310E-15
1.15999  9.655060E-15
1.16031  9.767610E-15
1.16064  9.723360E-15
1.16096  9.588780E-15
1.16128  9.616340E-15
1.16161  9.713730E-15
1.16193  9.725340E-15
1.16226  9.697040E-15
1.16258  9.594230E-15
1.16291  9.514830E-15
1.16323  9.509580E-15
1.16356  9.477530E-15
1.16388  9.531440E-15
1.16421  9.477120E-15
1.16453  9.324320E-15
1.16485  9.323370E-15
1.16518  9.203830E-15
1.1655  9.329360E-15
1.16583  9.331700E-15
1.16615  9.549940E-15
1.16648  9.656450E-15
1.1668  9.787560E-15
1.16713  9.776950E-15
1.16745  9.620360E-15
1.16777  9.745360E-15
1.1681  9.631580E-15
1.16842  9.598740E-15
1.16875  9.536800E-15
1.16907  9.637850E-15
1.1694  9.634570E-15
1.16972  9.723900E-15
1.17005  9.682420E-15
1.17037  9.633690E-15
1.17069  9.560130E-15
1.17102  9.685990E-15
1.17134  9.665210E-15
1.17167  9.698400E-15
1.17199  9.639760E-15
1.17232  9.582430E-15
1.17264  9.604300E-15
1.17296  9.684340E-15
1.17329  9.606260E-15
1.17361  9.569460E-15
1.17394  9.569530E-15
1.17426  9.537380E-15
1.17459  9.636570E-15
1.17491  9.728230E-15
1.17523  9.688960E-15
1.17556  9.615770E-15
1.17588  9.676990E-15
1.17621  9.692960E-15
1.17653  9.608780E-15
1.17686  9.737450E-15
1.17718  9.716090E-15
1.1775  9.682320E-15
1.17783  9.781620E-15
1.17815  9.717410E-15
1.17848  9.614170E-15
1.1788  9.669830E-15
1.17912  9.481730E-15
1.17945  9.549040E-15
1.17977  9.548600E-15
1.1801  9.507820E-15
1.18042  9.444180E-15
1.18075  9.575820E-15
1.18107  9.415630E-15
1.18139  9.478310E-15
1.18172  9.469620E-15
1.18204  9.439360E-15
1.18237  9.333530E-15
1.18269  9.315940E-15
1.18301  9.454240E-15
1.18334  9.404910E-15
1.18366  9.466720E-15
1.18399  9.502980E-15
1.18431  9.599150E-15
1.18464  9.558100E-15
1.18496  9.370380E-15
1.18528  9.653000E-15
1.18561  9.585340E-15
1.18593  9.737400E-15
1.18626  9.602660E-15
1.18658  9.467380E-15
1.1869  9.258160E-15
1.18723  9.307650E-15
1.18755  9.200480E-15
1.18788  9.187730E-15
1.1882  9.347110E-15
1.18852  9.400640E-15
1.18885  9.420690E-15
1.18917  9.495810E-15
1.1895  9.565440E-15
1.18982  9.607670E-15
1.19014  9.649510E-15
1.19047  9.738620E-15
1.19079  9.793890E-15
1.19112  9.813420E-15
1.19144  9.917350E-15
1.19176  9.942150E-15
1.19209  9.923240E-15
1.19241  1.001360E-14
1.19274  1.002800E-14
1.19306  9.928740E-15
1.19338  1.004140E-14
1.19371  9.972970E-15
1.19403  9.837520E-15
1.19435  9.698020E-15
1.19468  9.717880E-15
1.195  9.783610E-15
1.19533  9.794030E-15
1.19565  9.797120E-15
1.19597  9.771880E-15
1.1963  9.541240E-15
1.19662  9.674830E-15
1.19695  9.521770E-15
1.19727  9.522870E-15
1.19759  9.529430E-15
1.19792  9.544280E-15
1.19824  9.694190E-15
1.19857  9.511270E-15
1.19889  9.428960E-15
1.19921  9.449340E-15
1.19954  9.286160E-15
1.19986  9.328200E-15
1.20018  9.370620E-15
1.20051  9.251140E-15
1.20083  9.503350E-15
1.20116  9.448000E-15
1.20148  9.441540E-15
1.2018  9.263770E-15
1.20213  9.083890E-15
1.20245  8.953430E-15
1.20277  8.995190E-15
1.2031  9.128040E-15
1.20342  9.112840E-15
1.20375  9.189420E-15
1.20407  9.108660E-15
1.20439  9.302490E-15
1.20472  9.342510E-15
1.20504  9.438460E-15
1.20536  9.375020E-15
1.20569  9.439280E-15
1.20601  9.453550E-15
1.20633  9.563250E-15
1.20666  9.471630E-15
1.20698  9.517850E-15
1.20731  9.375210E-15
1.20763  9.251360E-15
1.20795  9.370930E-15
1.20828  9.330260E-15
1.2086  9.305840E-15
1.20892  9.316090E-15
1.20925  9.504160E-15
1.20957  9.448950E-15
1.20989  9.475410E-15
1.21022  9.472170E-15
1.21054  9.615150E-15
1.21087  9.577300E-15
1.21119  9.488000E-15
1.21151  9.294660E-15
1.21184  9.304000E-15
1.21216  9.444520E-15
1.21248  9.364660E-15
1.21281  9.328850E-15
1.21313  9.306060E-15
1.21345  9.372130E-15
1.21378  9.335930E-15
1.2141  9.322630E-15
1.21442  9.306630E-15
1.21475  9.387150E-15
1.21507  9.253110E-15
1.2154  9.208600E-15
1.21572  9.233590E-15
1.21604  9.379620E-15
1.21637  9.446210E-15
1.21669  9.523670E-15
1.21701  9.450040E-15
1.21734  9.497480E-15
1.21766  9.464740E-15
1.21798  9.396570E-15
1.21831  9.437640E-15
1.21863  9.368590E-15
1.21895  9.564050E-15
1.21928  9.477860E-15
1.2196  9.509860E-15
1.21992  9.491660E-15
1.22025  9.443410E-15
1.22057  9.615470E-15
1.22089  9.540670E-15
1.22122  9.453790E-15
1.22154  9.411340E-15
1.22186  9.551830E-15
1.22219  9.335430E-15
1.22251  9.461260E-15
1.22284  9.351990E-15
1.22316  9.586880E-15
1.22348  9.316330E-15
1.22381  9.425540E-15
1.22413  9.383440E-15
1.22445  9.536040E-15
1.22478  9.513530E-15
1.2251  9.452440E-15
1.22542  9.451000E-15
1.22575  9.336830E-15
1.22607  9.354790E-15
1.22639  9.420340E-15
1.22672  9.380350E-15
1.22704  9.468320E-15
1.22736  9.344850E-15
1.22769  9.361150E-15
1.22801  9.289980E-15
1.22833  9.392940E-15
1.22866  9.315740E-15
1.22898  9.415820E-15
1.2293  9.353550E-15
1.22963  9.365540E-15
1.22995  9.383360E-15
1.23027  9.310260E-15
1.2306  9.359660E-15
1.23092  9.348960E-15
1.23124  9.378030E-15
1.23156  9.296210E-15
1.23189  9.155720E-15
1.23221  9.137480E-15
1.23253  9.238830E-15
1.23286  9.250340E-15
1.23318  9.342660E-15
1.2335  9.351380E-15
1.23383  9.361100E-15
1.23415  9.321130E-15
1.23447  9.357120E-15
1.2348  9.226770E-15
1.23512  9.176580E-15
1.23544  9.153010E-15
1.23577  9.237960E-15
1.23609  9.246420E-15
1.23641  9.306200E-15
1.23674  9.365560E-15
1.23706  9.325860E-15
1.23738  9.427830E-15
1.23771  9.465080E-15
1.23803  9.401430E-15
1.23835  9.325070E-15
1.23868  9.322740E-15
1.239  9.261970E-15
1.23932  9.316860E-15
1.23964  9.263990E-15
1.23997  9.373260E-15
1.24029  9.224630E-15
1.24061  9.151690E-15
1.24094  9.337360E-15
1.24126  9.286220E-15
1.24158  9.397110E-15
1.24191  9.288110E-15
1.24223  9.269250E-15
1.24255  9.426690E-15
1.24288  9.450420E-15
1.2432  9.430520E-15
1.24352  9.360900E-15
1.24385  9.261790E-15
1.24417  9.265150E-15
1.24449  9.220610E-15
1.24481  9.293070E-15
1.24514  9.287250E-15
1.24546  9.159450E-15
1.24578  9.331340E-15
1.24611  9.264830E-15
1.24643  9.223490E-15
1.24675  9.218250E-15
1.24708  9.179180E-15
1.2474  9.016400E-15
1.24772  9.096120E-15
1.24804  9.023380E-15
1.24837  9.036510E-15
1.24869  8.935260E-15
1.24901  9.050870E-15
1.24934  9.111890E-15
1.24966  9.091730E-15
1.24998  9.167210E-15
1.25031  9.123020E-15
1.25063  9.042540E-15
1.25095  9.193910E-15
1.25127  9.196610E-15
1.2516  9.158540E-15
1.25192  9.206490E-15
1.25224  9.181760E-15
1.25257  9.359800E-15
1.25289  9.307010E-15
1.25321  9.225660E-15
1.25354  9.284260E-15
1.25386  9.228860E-15
1.25418  9.427370E-15
1.2545  9.290300E-15
1.25483  9.327820E-15
1.25515  9.223850E-15
1.25547  9.330640E-15
1.2558  9.408400E-15
1.25612  9.370480E-15
1.25644  9.542620E-15
1.25676  9.409710E-15
1.25709  9.420090E-15
1.25741  9.511720E-15
1.25773  9.645960E-15
1.25806  9.584040E-15
1.25838  9.488280E-15
1.2587  9.606370E-15
1.25902  9.735440E-15
1.25935  9.807080E-15
1.25967  1.011600E-14
1.25999  1.032560E-14
1.26032  1.041310E-14
1.26064  1.074780E-14
1.26096  1.124910E-14
1.26128  1.168000E-14
1.26161  1.191700E-14
1.26193  1.175680E-14
1.26225  1.152320E-14
1.26258  1.099940E-14
1.2629  1.044420E-14
1.26322  1.031550E-14
1.26354  9.901660E-15
1.26387  9.790430E-15
1.26419  9.558960E-15
1.26451  9.370440E-15
1.26484  9.298160E-15
1.26516  9.290600E-15
1.26548  9.247870E-15
1.2658  9.152520E-15
1.26613  9.192610E-15
1.26645  9.268170E-15
1.26677  9.325740E-15
1.26709  9.260020E-15
1.26742  9.191420E-15
1.26774  9.295920E-15
1.26806  9.371120E-15
1.26839  9.232450E-15
1.26871  9.182930E-15
1.26903  9.376910E-15
1.26935  9.419180E-15
1.26968  9.399760E-15
1.27  9.292420E-15
1.27032  9.418240E-15
1.27065  9.370590E-15
1.27097  9.410260E-15
1.27129  9.214020E-15
1.27161  9.203920E-15
1.27194  9.205720E-15
1.27226  9.306550E-15
1.27258  9.142300E-15
1.2729  9.240590E-15
1.27323  9.115220E-15
1.27355  9.326510E-15
1.27387  9.464790E-15
1.27419  9.480980E-15
1.27452  9.543960E-15
1.27484  9.667980E-15
1.27516  9.716130E-15
1.27549  9.690080E-15
1.27581  9.681730E-15
1.27613  9.824880E-15
1.27645  9.748080E-15
1.27678  9.658010E-15
1.2771  9.622660E-15
1.27742  9.834150E-15
1.27774  9.649080E-15
1.27807  9.941410E-15
1.27839  9.856410E-15
1.27871  9.907100E-15
1.27903  9.914220E-15
1.27936  1.009230E-14
1.27968  1.017550E-14
1.28  1.029660E-14
1.28033  1.027190E-14
1.28065  1.023040E-14
1.28097  1.052390E-14
1.28129  1.058610E-14
1.28162  1.086820E-14
1.28194  1.095670E-14
1.28226  1.104670E-14
1.28258  1.128450E-14
1.28291  1.117340E-14
1.28323  1.131140E-14
1.28355  1.138720E-14
1.28387  1.141620E-14
1.2842  1.151530E-14
1.28452  1.162270E-14
1.28484  1.156850E-14
1.28516  1.176870E-14
1.28549  1.191790E-14
1.28581  1.223250E-14
1.28613  1.234060E-14
1.28645  1.276010E-14
1.28678  1.269300E-14
1.2871  1.258630E-14
1.28742  1.220650E-14
1.28774  1.170420E-14
1.28807  1.133330E-14
1.28839  1.115310E-14
1.28871  1.092000E-14
1.28903  1.102490E-14
1.28936  1.096920E-14
1.28968  1.080250E-14
1.29  1.074250E-14
1.29032  1.073380E-14
1.29065  1.058570E-14
1.29097  1.057010E-14
1.29129  1.072130E-14
1.29161  1.054470E-14
1.29194  1.057120E-14
1.29226  1.048940E-14
1.29258  1.044260E-14
1.2929  1.048140E-14
1.29323  1.047640E-14
1.29355  1.031760E-14
1.29387  1.009450E-14
1.29419  1.010560E-14
1.29452  1.003120E-14
1.29484  9.846470E-15
1.29516  9.697740E-15
1.29548  9.576060E-15
1.29581  9.504620E-15
1.29613  9.446470E-15
1.29645  9.516720E-15
1.29677  9.644300E-15
1.2971  9.495610E-15
1.29742  9.437130E-15
1.29774  9.548680E-15
1.29806  9.408050E-15
1.29839  9.471870E-15
1.29871  9.377370E-15
1.29903  9.401140E-15
1.29935  9.491470E-15
1.29968  9.481240E-15
1.3  9.462540E-15
1.30032  9.436490E-15
1.30064  9.370570E-15
1.30097  9.231080E-15
1.30129  9.332790E-15
1.30161  9.198460E-15
1.30193  9.188250E-15
1.30225  9.222150E-15
1.30258  9.085770E-15
1.3029  9.171900E-15
1.30322  9.115930E-15
1.30354  9.096200E-15
1.30387  9.255070E-15
1.30419  9.303200E-15
1.30451  9.297880E-15
1.30483  9.110390E-15
1.30516  9.135760E-15
1.30548  9.197550E-15
1.3058  9.134420E-15
1.30612  9.152190E-15
1.30645  9.108440E-15
1.30677  9.106650E-15
1.30709  9.129940E-15
1.30741  9.114510E-15
1.30773  9.152630E-15
1.30806  8.992500E-15
1.30838  8.992450E-15
1.3087  8.843660E-15
1.30902  8.948950E-15
1.30935  9.055090E-15
1.30967  9.093730E-15
1.30999  9.064420E-15
1.31031  9.052300E-15
1.31064  9.101840E-15
1.31096  9.132370E-15
1.31128  9.025480E-15
1.3116  9.010920E-15
1.31193  9.084770E-15
1.31225  9.138740E-15
1.31257  9.040770E-15
1.31289  9.029660E-15
1.31321  8.866040E-15
1.31354  9.102680E-15
1.31386  9.045110E-15
1.31418  9.055040E-15
1.3145  9.065830E-15
1.31483  9.085460E-15
1.31515  8.998160E-15
1.31547  9.141990E-15
1.31579  9.168510E-15
1.31611  8.987710E-15
1.31644  9.000930E-15
1.31676  9.117070E-15
1.31708  8.911360E-15
1.3174  8.912340E-15
1.31773  8.888560E-15
1.31805  8.954320E-15
1.31837  8.853510E-15
1.31869  9.069050E-15
1.31902  9.158730E-15
1.31934  9.029430E-15
1.31966  9.148030E-15
1.31998  8.920090E-15
1.3203  8.883720E-15
1.32063  8.980330E-15
1.32095  8.937400E-15
1.32127  9.054330E-15
1.32159  9.133150E-15
1.32192  9.209860E-15
1.32224  9.213350E-15
1.32256  9.096070E-15
1.32288  9.104440E-15
1.3232  9.202910E-15
1.32353  9.151780E-15
1.32385  9.399600E-15
1.32417  9.310240E-15
1.32449  9.432250E-15
1.32482  9.551470E-15
1.32514  9.697750E-15
1.32546  9.771440E-15
1.32578  9.783040E-15
1.3261  9.661440E-15
1.32643  9.638860E-15
1.32675  9.474560E-15
1.32707  9.374160E-15
1.32739  9.308770E-15
1.32771  9.255940E-15
1.32804  9.230250E-15
1.32836  9.162080E-15
1.32868  9.133420E-15
1.329  9.082690E-15
1.32933  9.041620E-15
1.32965  9.143680E-15
1.32997  9.098670E-15
1.33029  9.037500E-15
1.33061  8.900600E-15
1.33094  9.033560E-15
1.33126  9.133340E-15
1.33158  8.867890E-15
1.3319  9.081850E-15
1.33223  9.033870E-15
1.33255  9.064950E-15
1.33287  8.913580E-15
1.33319  8.869460E-15
1.33351  8.885840E-15
1.33384  8.701560E-15
1.33416  8.643110E-15
1.33448  8.733690E-15
1.3348  8.800010E-15
1.33512  8.717760E-15
1.33545  8.840490E-15
1.33577  8.732160E-15
1.33609  8.833360E-15
1.33641  8.749110E-15
1.33674  8.683520E-15
1.33706  8.656270E-15
1.33738  8.685230E-15
1.3377  8.635830E-15
1.33802  8.738510E-15
1.33835  8.830060E-15
1.33867  8.862240E-15
1.33899  9.004150E-15
1.33931  8.782740E-15
1.33963  8.887700E-15
1.33996  8.814780E-15
1.34028  8.906040E-15
1.3406  8.810940E-15
1.34092  8.781470E-15
1.34124  8.817140E-15
1.34157  8.676100E-15
1.34189  8.679290E-15
1.34221  8.605060E-15
1.34253  8.592110E-15
1.34286  8.428690E-15
1.34318  8.515680E-15
1.3435  8.574530E-15
1.34382  8.648220E-15
1.34414  8.576060E-15
1.34447  8.598980E-15
1.34479  8.553980E-15
1.34511  8.590180E-15
1.34543  8.800030E-15
1.34575  8.526740E-15
1.34608  8.838920E-15
1.3464  8.532150E-15
1.34672  8.575950E-15
1.34704  8.706120E-15
1.34736  9.004900E-15
1.34769  8.783820E-15
1.34801  8.828620E-15
1.34833  8.870920E-15
1.34865  8.902110E-15
1.34897  8.801070E-15
1.3493  8.838680E-15
1.34962  8.834410E-15
1.34994  8.783120E-15
1.35026  8.809310E-15
1.35058  8.651180E-15
1.35091  8.814880E-15
1.35123  9.020380E-15
1.35155  8.959280E-15
1.35187  8.875420E-15
1.35219  8.934380E-15
1.35252  8.933340E-15
1.35284  8.901140E-15
1.35316  9.091670E-15
1.35348  9.147810E-15
1.35381  9.128340E-15
1.35413  9.179850E-15
1.35445  9.218600E-15
1.35477  8.919500E-15
1.35509  8.874460E-15
1.35542  8.944910E-15
1.35574  9.049040E-15
1.35606  8.795010E-15
1.35638  8.903300E-15
1.3567  8.898770E-15
1.35703  8.928250E-15
1.35735  8.849090E-15
1.35767  9.024490E-15
1.35799  9.106400E-15
1.35831  9.120970E-15
1.35864  9.136430E-15
1.35896  9.419120E-15
1.35928  9.085540E-15
1.3596  8.959670E-15
1.35992  8.867810E-15
1.36025  9.194770E-15
1.36057  9.402110E-15
1.36089  9.224630E-15
1.36121  9.107830E-15
1.36153  9.391200E-15
1.36186  1.021300E-14
1.36218  9.594910E-15
1.3625  9.420010E-15
1.36282  8.918400E-15
1.36314  9.170820E-15
1.36347  8.969650E-15
1.36379  8.946780E-15
1.36411  8.790210E-15
1.36443  9.104280E-15
1.36475  9.018350E-15
1.36508  9.408100E-15
1.3654  9.346660E-15
1.36572  8.686550E-15
1.36604  8.769490E-15
1.36636  9.034000E-15
1.36669  8.896020E-15
1.36701  8.668520E-15
1.36733  8.783780E-15
1.36765  9.057060E-15
1.36797  9.287270E-15
1.3683  9.531380E-15
1.36862  9.398600E-15
1.36894  9.019320E-15
1.36926  9.245980E-15
1.36958  9.015850E-15
1.36991  8.981720E-15
1.37023  9.007100E-15
1.37055  8.921960E-15
1.37087  9.379350E-15
1.37119  9.053470E-15
1.37152  8.572650E-15
1.37184  9.181580E-15
1.37216  9.189500E-15
1.37248  8.704560E-15
1.3728  8.422260E-15
1.37312  8.915010E-15
1.37345  8.703560E-15
1.37377  8.837700E-15
1.37409  8.477920E-15
1.37441  9.057080E-15
1.37473  8.518230E-15
1.37506  8.423120E-15
1.37538  8.903650E-15
1.3757  8.957060E-15
1.37602  8.877980E-15
1.37634  9.025520E-15
1.37667  9.210980E-15
1.37699  9.206820E-15
1.37731  9.160060E-15
1.37763  8.974280E-15
1.37795  9.096610E-15
1.37828  9.070330E-15
1.3786  8.940410E-15
1.37892  8.432870E-15
1.37924  8.818160E-15
1.37956  8.837660E-15
1.37989  8.618370E-15
1.38021  8.866680E-15
1.38053  9.125700E-15
1.38085  8.643550E-15
1.38117  8.849550E-15
1.3815  8.869220E-15
1.38182  9.042540E-15
1.38214  8.841170E-15
1.38246  8.925120E-15
1.38278  8.805410E-15
1.38311  8.183470E-15
1.38343  8.810990E-15
1.38375  8.968060E-15
1.38407  8.781880E-15
1.38439  9.137800E-15
1.38471  8.911100E-15
1.38504  8.480110E-15
1.38536  8.825750E-15
1.38568  9.144670E-15
1.386  9.172260E-15
1.38632  8.679370E-15
1.38665  8.565100E-15
1.38697  8.708560E-15
1.38729  8.843550E-15
1.38761  8.826530E-15
1.38793  9.048070E-15
1.38826  8.417190E-15
1.38858  8.609490E-15
1.3889  8.323130E-15
1.38922  8.595170E-15
1.38954  8.503010E-15
1.38987  8.313670E-15
1.39019  8.328140E-15
1.39051  8.209510E-15
1.39083  8.398860E-15
1.39115  8.270340E-15
1.39148  8.212330E-15
1.3918  8.474630E-15
1.39212  8.236480E-15
1.39244  8.258050E-15
1.39276  8.184790E-15
1.39309  8.779350E-15
1.39341  8.633510E-15
1.39373  8.477400E-15
1.39405  8.322420E-15
1.39437  8.725740E-15
1.39469  8.687040E-15
1.39502  8.742010E-15
1.39534  8.198500E-15
1.39566  8.540190E-15
1.39598  8.762730E-15
1.3963  8.666230E-15
1.39663  8.533930E-15
1.39695  8.287330E-15
1.39727  8.090190E-15
1.39759  8.133050E-15
1.39791  8.053500E-15
1.39824  8.156640E-15
1.39856  8.466990E-15
1.39888  8.189460E-15
1.3992  8.293120E-15
1.39952  8.231900E-15
1.39985  8.297520E-15
1.40017  8.884070E-15
1.40049  8.579720E-15
1.40081  8.733450E-15
1.40113  9.272200E-15
1.40146  8.453470E-15
1.40178  8.296120E-15
1.4021  8.297710E-15
1.40242  8.420900E-15
1.40274  8.293660E-15
1.40306  8.245070E-15
1.40339  8.088960E-15
1.40371  8.009190E-15
1.40403  8.426230E-15
1.40435  8.488510E-15
1.40467  8.475030E-15
1.405  8.642050E-15
1.40532  8.128770E-15
1.40564  8.287020E-15
1.40596  8.078270E-15
1.40628  7.920340E-15
1.40661  8.214750E-15
1.40693  8.326660E-15
1.40725  8.157740E-15
1.40757  8.350260E-15
1.40789  8.277050E-15
1.40822  8.580290E-15
1.40854  8.286640E-15
1.40886  8.582570E-15
1.40918  8.271600E-15
1.4095  8.154820E-15
1.40982  8.152460E-15
1.41015  7.755230E-15
1.41042  8.448280E-15
1.41083  8.489260E-15
1.41124  8.384520E-15
1.41164  8.378960E-15
1.41205  8.137100E-15
1.41246  8.057030E-15
1.41286  8.030490E-15
1.41327  8.250880E-15
1.41368  8.272320E-15
1.41408  8.233680E-15
1.41449  8.361690E-15
1.4149  8.312440E-15
1.4153  8.070490E-15
1.41571  8.094050E-15
1.41612  8.132790E-15
1.41652  8.134640E-15
1.41693  8.017570E-15
1.41734  8.033230E-15
1.41774  7.954880E-15
1.41815  7.987510E-15
1.41856  8.049050E-15
1.41896  8.067820E-15
1.41937  7.904500E-15
1.41978  8.105180E-15
1.42018  8.089120E-15
1.42059  8.142580E-15
1.421  8.088970E-15
1.4214  8.090190E-15
1.42181  8.100820E-15
1.42222  8.248130E-15
1.42262  8.187170E-15
1.42303  8.128700E-15
1.42344  8.044750E-15
1.42384  7.995950E-15
1.42425  7.860630E-15
1.42466  7.942390E-15
1.42506  7.927610E-15
1.42547  8.000000E-15
1.42587  7.928460E-15
1.42628  8.141270E-15
1.42669  8.026310E-15
1.42709  8.097390E-15
1.4275  8.075950E-15
1.42791  8.063000E-15
1.42831  8.081810E-15
1.42872  7.935010E-15
1.42913  7.988150E-15
1.42953  8.058610E-15
1.42994  7.991030E-15
1.43034  8.077720E-15
1.43075  8.120750E-15
1.43116  8.185280E-15
1.43156  8.211900E-15
1.43197  8.262440E-15
1.43238  8.164870E-15
1.43278  8.251780E-15
1.43319  8.253460E-15
1.43359  8.186610E-15
1.434  8.204980E-15
1.43441  8.122320E-15
1.43481  8.094640E-15
1.43522  8.314940E-15
1.43562  8.234010E-15
1.43603  8.255570E-15
1.43644  8.203580E-15
1.43684  8.247110E-15
1.43725  8.428620E-15
1.43766  8.345560E-15
1.43806  8.227480E-15
1.43847  8.260660E-15
1.43887  8.196020E-15
1.43928  8.209940E-15
1.43969  8.208140E-15
1.44009  8.074480E-15
1.4405  8.108270E-15
1.4409  8.142930E-15
1.44131  8.086250E-15
1.44172  8.133450E-15
1.44212  8.176890E-15
1.44253  8.227190E-15
1.44293  8.183940E-15
1.44334  8.182860E-15
1.44374  8.227870E-15
1.44415  8.261910E-15
1.44456  8.179760E-15
1.44496  8.301330E-15
1.44537  8.187830E-15
1.44577  8.025020E-15
1.44618  7.984290E-15
1.44659  8.136750E-15
1.44699  8.070140E-15
1.4474  7.975310E-15
1.4478  7.922620E-15
1.44821  8.087440E-15
1.44861  8.022300E-15
1.44902  7.968950E-15
1.44943  8.012190E-15
1.44983  8.059390E-15
1.45024  8.096300E-15
1.45064  7.925760E-15
1.45105  7.767950E-15
1.45145  7.888260E-15
1.45186  7.963700E-15
1.45227  7.735290E-15
1.45267  7.925030E-15
1.45308  7.985320E-15
1.45348  8.162150E-15
1.45389  8.250920E-15
1.45429  8.186990E-15
1.4547  8.287550E-15
1.45511  8.133950E-15
1.45551  8.195230E-15
1.45592  8.034480E-15
1.45632  8.052130E-15
1.45673  8.106000E-15
1.45713  8.132340E-15
1.45754  8.054710E-15
1.45794  8.134380E-15
1.45835  8.060000E-15
1.45876  8.023990E-15
1.45916  7.960380E-15
1.45957  7.861590E-15
1.45997  7.865200E-15
1.46038  7.977940E-15
1.46078  7.960950E-15
1.46119  7.956700E-15
1.46159  7.821470E-15
1.462  7.908950E-15
1.4624  8.074840E-15
1.46281  8.073720E-15
1.46322  8.099630E-15
1.46362  8.081690E-15
1.46403  8.146450E-15
1.46443  8.173530E-15
1.46484  8.128790E-15
1.46524  8.007860E-15
1.46565  7.913140E-15
1.46605  7.845650E-15
1.46646  7.894780E-15
1.46686  7.806550E-15
1.46727  7.894040E-15
1.46767  7.844590E-15
1.46808  7.905990E-15
1.46849  7.919590E-15
1.46889  8.068780E-15
1.4693  7.923640E-15
1.4697  7.936400E-15
1.47011  8.021140E-15
1.47051  8.085800E-15
1.47092  7.912730E-15
1.47132  7.843520E-15
1.47173  7.986870E-15
1.47213  7.924550E-15
1.47254  7.951890E-15
1.47294  7.994300E-15
1.47335  7.935180E-15
1.47375  7.882650E-15
1.47416  7.826870E-15
1.47456  7.929250E-15
1.47497  7.873060E-15
1.47537  7.915030E-15
1.47578  7.931940E-15
1.47618  7.924280E-15
1.47659  7.893610E-15
1.47699  7.995750E-15
1.4774  8.009570E-15
1.4778  8.021360E-15
1.47821  7.965350E-15
1.47861  8.112290E-15
1.47902  8.163340E-15
1.47942  8.010270E-15
1.47983  8.049430E-15
1.48023  7.922750E-15
1.48064  7.884350E-15
1.48104  8.001090E-15
1.48145  8.058140E-15
1.48185  8.095220E-15
1.48226  7.929100E-15
1.48266  7.939270E-15
1.48307  7.853500E-15
1.48347  7.958510E-15
1.48388  8.028170E-15
1.48428  8.038590E-15
1.48469  8.053890E-15
1.48509  8.004120E-15
1.4855  7.947090E-15
1.4859  7.998480E-15
1.48631  7.952910E-15
1.48671  8.046680E-15
1.48712  8.002070E-15
1.48752  8.042030E-15
1.48793  8.064350E-15
1.48833  8.001770E-15
1.48874  8.171570E-15
1.48914  8.018200E-15
1.48955  8.072550E-15
1.48995  7.917060E-15
1.49036  8.073520E-15
1.49076  8.104490E-15
1.49117  8.089980E-15
1.49157  8.109100E-15
1.49198  8.024010E-15
1.49238  7.948340E-15
1.49279  7.761380E-15
1.49319  7.708670E-15
1.49359  7.640530E-15
1.494  7.634980E-15
1.4944  7.771010E-15
1.49481  7.893470E-15
1.49521  7.974580E-15
1.49562  7.980590E-15
1.49602  7.969690E-15
1.49643  8.001890E-15
1.49683  8.011710E-15
1.49724  8.149470E-15
1.49764  8.186580E-15
1.49805  8.119080E-15
1.49845  8.242000E-15
1.49885  8.108710E-15
1.49926  8.161480E-15
1.49966  8.059850E-15
1.50007  8.101920E-15
1.50047  8.108620E-15
1.50088  8.199650E-15
1.50128  8.184970E-15
1.50169  8.129250E-15
1.50209  8.203070E-15
1.5025  8.201130E-15
1.5029  8.176200E-15
1.50331  8.202610E-15
1.50371  8.140990E-15
1.50411  8.124790E-15
1.50452  8.085520E-15
1.50492  7.995330E-15
1.50533  8.183910E-15
1.50573  8.285510E-15
1.50614  8.049910E-15
1.50654  8.320830E-15
1.50695  7.936920E-15
1.50735  7.855100E-15
1.50775  7.707980E-15
1.50816  7.677190E-15
1.50856  7.669380E-15
1.50897  7.525660E-15
1.50937  7.526360E-15
1.50978  7.558340E-15
1.51018  7.594570E-15
1.51058  7.544860E-15
1.51099  7.646010E-15
1.51139  7.704240E-15
1.5118  7.834900E-15
1.5122  7.914880E-15
1.51261  8.046510E-15
1.51301  8.035480E-15
1.51342  8.041190E-15
1.51382  8.039450E-15
1.51422  8.048570E-15
1.51463  8.023390E-15
1.51503  8.082310E-15
1.51544  8.008760E-15
1.51584  7.967810E-15
1.51625  8.008580E-15
1.51665  7.982460E-15
1.51705  7.934860E-15
1.51746  7.883930E-15
1.51786  7.890720E-15
1.51827  7.972210E-15
1.51867  7.950910E-15
1.51907  7.952870E-15
1.51948  7.875070E-15
1.51988  7.924870E-15
1.52029  7.947080E-15
1.52069  7.999020E-15
1.5211  7.970470E-15
1.5215  7.958540E-15
1.5219  7.908210E-15
1.52231  7.895750E-15
1.52271  7.797180E-15
1.52312  7.862860E-15
1.52352  7.938080E-15
1.52392  7.918180E-15
1.52433  7.988590E-15
1.52473  7.880620E-15
1.52514  7.912660E-15
1.52554  7.970910E-15
1.52594  8.031650E-15
1.52635  8.087770E-15
1.52675  8.003420E-15
1.52716  7.993750E-15
1.52756  7.927240E-15
1.52796  7.863460E-15
1.52837  7.779430E-15
1.52877  7.860010E-15
1.52918  7.931600E-15
1.52958  7.995890E-15
1.52998  8.081220E-15
1.53039  8.074800E-15
1.53079  8.018480E-15
1.5312  8.066020E-15
1.5316  8.007760E-15
1.532  7.962020E-15
1.53241  7.994190E-15
1.53281  8.173570E-15
1.53322  7.970190E-15
1.53362  7.987210E-15
1.53402  7.975930E-15
1.53443  7.816670E-15
1.53483  7.859740E-15
1.53524  7.911850E-15
1.53564  7.961460E-15
1.53604  8.100970E-15
1.53645  8.120880E-15
1.53685  8.156000E-15
1.53726  8.247260E-15
1.53766  8.239610E-15
1.53806  8.245490E-15
1.53847  8.188970E-15
1.53887  8.195960E-15
1.53927  8.223200E-15
1.53968  8.271570E-15
1.54008  8.342280E-15
1.54049  8.314610E-15
1.54089  8.251440E-15
1.54129  8.254060E-15
1.5417  8.170770E-15
1.5421  8.181870E-15
1.54251  8.041400E-15
1.54291  8.164320E-15
1.54331  8.027660E-15
1.54372  7.994340E-15
1.54412  7.887460E-15
1.54452  7.979670E-15
1.54493  7.944910E-15
1.54533  8.010220E-15
1.54574  7.907080E-15
1.54614  7.900010E-15
1.54654  7.916620E-15
1.54695  7.933710E-15
1.54735  7.961840E-15
1.54775  7.972490E-15
1.54816  7.921520E-15
1.54856  7.837400E-15
1.54896  7.902700E-15
1.54937  7.958830E-15
1.54977  8.083170E-15
1.55018  8.160010E-15
1.55058  8.243310E-15
1.55098  8.272730E-15
1.55139  8.199450E-15
1.55179  8.292390E-15
1.55219  8.106330E-15
1.5526  8.121210E-15
1.553  8.216480E-15
1.5534  8.186060E-15
1.55381  8.229640E-15
1.55421  8.353200E-15
1.55462  8.231130E-15
1.55502  8.162900E-15
1.55542  8.107800E-15
1.55583  8.094060E-15
1.55623  8.025600E-15
1.55663  7.983350E-15
1.55704  8.024450E-15
1.55744  8.007720E-15
1.55784  8.159410E-15
1.55825  8.205550E-15
1.55865  8.153370E-15
1.55905  8.073710E-15
1.55946  8.156170E-15
1.55986  8.085280E-15
1.56026  7.942250E-15
1.56067  7.981610E-15
1.56107  7.966950E-15
1.56148  7.952590E-15
1.56188  7.928660E-15
1.56228  7.793460E-15
1.56269  7.852420E-15
1.56309  7.783700E-15
1.56349  7.700430E-15
1.5639  7.600430E-15
1.5643  7.507510E-15
1.5647  7.514030E-15
1.56511  7.697490E-15
1.56551  7.702430E-15
1.56591  7.739950E-15
1.56632  7.729930E-15
1.56672  7.789360E-15
1.56712  7.889750E-15
1.56753  7.955690E-15
1.56793  7.934430E-15
1.56833  7.941720E-15
1.56874  7.931890E-15
1.56914  7.822720E-15
1.56954  7.730970E-15
1.56995  7.746130E-15
1.57035  7.753560E-15
1.57075  7.793070E-15
1.57116  7.809800E-15
1.57156  7.873440E-15
1.57196  7.970240E-15
1.57237  8.041210E-15
1.57277  7.962500E-15
1.57317  7.967580E-15
1.57358  7.963060E-15
1.57398  7.903170E-15
1.57438  7.869090E-15
1.57479  7.877720E-15
1.57519  7.911430E-15
1.57559  7.959190E-15
1.576  8.029950E-15
1.5764  8.057200E-15
1.5768  8.141960E-15
1.57721  8.105420E-15
1.57761  8.124360E-15
1.57801  8.155790E-15
1.57842  8.041470E-15
1.57882  8.126060E-15
1.57922  8.130790E-15
1.57963  8.115130E-15
1.58003  8.008840E-15
1.58043  8.063170E-15
1.58083  7.911770E-15
1.58124  7.900030E-15
1.58164  7.804900E-15
1.58204  7.749350E-15
1.58245  7.697120E-15
1.58285  7.328500E-15
1.58325  7.418400E-15
1.58366  7.371320E-15
1.58406  7.342850E-15
1.58446  7.627130E-15
1.58487  7.568730E-15
1.58527  7.656990E-15
1.58567  7.744720E-15
1.58608  7.790770E-15
1.58648  7.974800E-15
1.58688  7.929630E-15
1.58729  7.901790E-15
1.58769  7.863700E-15
1.58809  7.798760E-15
1.58849  7.832850E-15
1.5889  7.787020E-15
1.5893  7.811430E-15
1.5897  7.832870E-15
1.59011  7.892220E-15
1.59051  7.898930E-15
1.59091  7.977410E-15
1.59132  8.027130E-15
1.59172  8.091710E-15
1.59212  8.122530E-15
1.59253  8.046930E-15
1.59293  8.027210E-15
1.59333  8.028680E-15
1.59373  7.942270E-15
1.59414  7.783930E-15
1.59454  7.657560E-15
1.59494  7.474750E-15
1.59535  7.427160E-15
1.59575  7.417220E-15
1.59615  7.418550E-15
1.59656  7.534180E-15
1.59696  7.546750E-15
1.59736  7.707850E-15
1.59776  7.734440E-15
1.59817  7.906420E-15
1.59857  7.843950E-15
1.59897  7.997250E-15
1.59938  8.059470E-15
1.59978  8.041100E-15
1.60018  8.037270E-15
1.60059  8.056390E-15
1.60099  8.038600E-15
1.60139  8.105460E-15
1.60179  7.859060E-15
1.6022  7.832570E-15
1.6026  7.681910E-15
1.603  7.855550E-15
1.60341  7.913290E-15
1.60381  7.750130E-15
1.60421  7.764420E-15
1.60461  7.749860E-15
1.60502  7.781540E-15
1.60542  7.876300E-15
1.60582  7.897680E-15
1.60623  7.882130E-15
1.60663  7.908240E-15
1.60703  7.926270E-15
1.60743  7.845690E-15
1.60784  7.922700E-15
1.60824  7.921480E-15
1.60864  7.941900E-15
1.60905  7.924140E-15
1.60945  7.979040E-15
1.60985  8.013540E-15
1.61025  8.039730E-15
1.61066  8.039720E-15
1.61106  8.039330E-15
1.61146  8.017750E-15
1.61187  7.921350E-15
1.61227  8.021800E-15
1.61267  8.092230E-15
1.61307  7.949450E-15
1.61348  7.949940E-15
1.61388  7.990390E-15
1.61428  8.006750E-15
1.61469  8.100330E-15
1.61509  8.112800E-15
1.61549  8.098910E-15
1.61589  8.083570E-15
1.6163  7.943000E-15
1.6167  8.010750E-15
1.6171  7.996580E-15
1.61751  8.102630E-15
1.61791  8.001590E-15
1.61831  7.885230E-15
1.61871  7.767560E-15
1.61912  7.832190E-15
1.61952  7.882220E-15
1.61992  7.891630E-15
1.62032  7.908460E-15
1.62073  7.964470E-15
1.62113  7.919720E-15
1.62153  7.902840E-15
1.62194  7.889930E-15
1.62234  7.836340E-15
1.62274  7.849770E-15
1.62314  7.809590E-15
1.62355  7.992380E-15
1.62395  7.853830E-15
1.62435  7.824930E-15
1.62475  7.496010E-15
1.62516  7.362640E-15
1.62556  7.316220E-15
1.62596  7.225660E-15
1.62637  7.257580E-15
1.62677  7.247460E-15
1.62717  7.301200E-15
1.62757  7.421000E-15
1.62798  7.401430E-15
1.62838  7.604550E-15
1.62878  7.608450E-15
1.62918  7.709520E-15
1.62959  7.688090E-15
1.62999  7.675680E-15
1.63039  7.652090E-15
1.63079  7.658590E-15
1.6312  7.598870E-15
1.6316  7.608390E-15
1.632  7.682830E-15
1.63241  7.686510E-15
1.63281  7.867650E-15
1.63321  7.869930E-15
1.63361  7.983560E-15
1.63402  7.979140E-15
1.63442  7.945110E-15
1.63482  7.922310E-15
1.63522  7.983030E-15
1.63563  7.942020E-15
1.63603  8.101090E-15
1.63643  8.039170E-15
1.63683  8.075490E-15
1.63724  8.017180E-15
1.63764  8.031830E-15
1.63804  7.932970E-15
1.63844  7.925210E-15
1.63885  7.873760E-15
1.63925  8.006960E-15
1.63965  7.901780E-15
1.64006  8.024450E-15
1.64046  7.914990E-15
1.64086  8.028830E-15
1.64126  8.041460E-15
1.64167  8.039100E-15
1.64207  8.108340E-15
1.64247  8.061840E-15
1.64287  8.033680E-15
1.64328  7.960330E-15
1.64368  7.861170E-15
1.64408  7.888400E-15
1.64448  7.828040E-15
1.64489  7.935480E-15
1.64529  7.777860E-15
1.64569  7.744670E-15
1.64609  7.732650E-15
1.6465  7.741530E-15
1.6469  7.758310E-15
1.6473  7.915030E-15
1.6477  8.149930E-15
1.64811  8.322930E-15
1.64851  8.754370E-15
1.64891  8.988180E-15
1.64931  9.248020E-15
1.64972  9.609680E-15
1.65012  9.775690E-15
1.65052  9.708380E-15
1.65092  9.454970E-15
1.65133  9.050030E-15
1.65173  8.760180E-15
1.65213  8.470250E-15
1.65253  8.333660E-15
1.65294  8.100020E-15
1.65334  8.107370E-15
1.65374  7.957890E-15
1.65414  7.804900E-15
1.65455  7.790760E-15
1.65495  7.675120E-15
1.65535  7.735690E-15
1.65575  7.795950E-15
1.65616  7.899810E-15
1.65656  7.842880E-15
1.65696  7.894990E-15
1.65736  7.918690E-15
1.65777  7.825550E-15
1.65817  7.772920E-15
1.65857  7.632890E-15
1.65897  7.490610E-15
1.65938  7.503580E-15
1.65978  7.479070E-15
1.66018  7.474260E-15
1.66058  7.408470E-15
1.66099  7.582410E-15
1.66139  7.473860E-15
1.66179  7.619250E-15
1.66219  7.641990E-15
1.6626  7.672550E-15
1.663  7.740650E-15
1.6634  7.829500E-15
1.6638  7.830840E-15
1.66421  7.705210E-15
1.66461  7.763270E-15
1.66501  7.831020E-15
1.66541  7.833560E-15
1.66581  7.720520E-15
1.66622  7.732110E-15
1.66662  7.832180E-15
1.66702  7.702510E-15
1.66742  7.617780E-15
1.66783  7.434380E-15
1.66823  7.311080E-15
1.66863  7.390880E-15
1.66903  7.331770E-15
1.66944  7.330270E-15
1.66984  7.470410E-15
1.67024  7.541430E-15
1.67064  7.681140E-15
1.67105  7.603590E-15
1.67145  7.517910E-15
1.67185  7.461210E-15
1.67225  7.481200E-15
1.67266  7.487700E-15
1.67306  7.498990E-15
1.67346  7.514250E-15
1.67386  7.526260E-15
1.67427  7.512480E-15
1.67467  7.486260E-15
1.67507  7.613990E-15
1.67547  7.684050E-15
1.67587  7.664400E-15
1.67628  7.792720E-15
1.67668  7.781390E-15
1.67708  7.817900E-15
1.67748  7.755740E-15
1.67789  7.750120E-15
1.67829  7.690670E-15
1.67869  7.654830E-15
1.67909  7.617070E-15
1.6795  7.724050E-15
1.6799  7.763140E-15
1.6803  7.876180E-15
1.6807  7.854700E-15
1.68111  7.767250E-15
1.68151  7.717940E-15
1.68191  7.711930E-15
1.68231  7.668250E-15
1.68271  7.697250E-15
1.68312  7.890870E-15
1.68352  7.973640E-15
1.68392  8.094680E-15
1.68432  8.191620E-15
1.68473  8.029930E-15
1.68513  7.999610E-15
1.68553  7.982640E-15
1.68593  7.960870E-15
1.68634  7.996150E-15
1.68674  7.931530E-15
1.68714  7.901960E-15
1.68754  7.862120E-15
1.68795  7.840220E-15
1.68835  7.693340E-15
1.68875  7.743510E-15
1.68915  7.677210E-15
1.68955  7.494910E-15
1.68996  7.521530E-15
1.69036  7.528740E-15
1.69076  7.428930E-15
1.69116  7.491340E-15
1.69157  7.510020E-15
1.69197  7.541170E-15
1.69237  7.501980E-15
1.69277  7.524270E-15
1.69318  7.528400E-15
1.69358  7.534010E-15
1.69398  7.565500E-15
1.69438  7.529930E-15
1.69478  7.558320E-15
1.69519  7.502790E-15
1.69559  7.456810E-15
1.69599  7.442320E-15
1.69639  7.615810E-15
1.6968  7.513010E-15
1.6972  7.543850E-15
1.6976  7.576890E-15
1.698  7.724430E-15
1.69841  7.643340E-15
1.69881  7.651870E-15
1.69921  7.609720E-15
1.69961  7.557410E-15
1.70001  7.493930E-15
1.70042  7.578260E-15
1.70082  7.669420E-15
1.70122  7.466660E-15
1.70162  7.501950E-15
1.70203  7.540510E-15
1.70243  7.543480E-15
1.70283  7.473610E-15
1.70323  7.501440E-15
1.70364  7.481870E-15
1.70404  7.588550E-15
1.70444  7.646370E-15
1.70484  7.560040E-15
1.70524  7.637940E-15
1.70565  7.646240E-15
1.70605  7.589900E-15
1.70645  7.530990E-15
1.70685  7.535600E-15
1.70726  7.531640E-15
1.70766  7.477940E-15
1.70806  7.620950E-15
1.70846  7.505850E-15
1.70887  7.629620E-15
1.70927  7.656320E-15
1.70967  7.661250E-15
1.71007  7.650720E-15
1.71047  7.643600E-15
1.71088  7.692090E-15
1.71128  7.573960E-15
1.71168  7.549720E-15
1.71208  7.355220E-15
1.71249  7.388490E-15
1.71289  7.141850E-15
1.71329  7.178100E-15
1.71369  7.241200E-15
1.7141  7.278600E-15
1.7145  7.232930E-15
1.7149  7.197560E-15
1.7153  7.372030E-15
1.7157  7.397120E-15
1.71611  7.345810E-15
1.71651  7.320520E-15
1.71691  7.125970E-15
1.71731  7.175740E-15
1.71772  7.158570E-15
1.71812  7.210570E-15
1.71852  7.350100E-15
1.71892  7.264780E-15
1.71933  7.464580E-15
1.71973  7.394120E-15
1.72013  7.407460E-15
1.72053  7.506580E-15
1.72093  7.519910E-15
1.72134  7.696270E-15
1.72174  7.639370E-15
1.72214  7.649910E-15
1.72254  7.557340E-15
1.72295  7.560870E-15
1.72335  7.479120E-15
1.72375  7.543920E-15
1.72415  7.362040E-15
1.72455  7.405270E-15
1.72496  7.525730E-15
1.72536  7.547350E-15
1.72576  7.448430E-15
1.72616  7.503860E-15
1.72657  7.431130E-15
1.72697  7.429400E-15
1.72737  7.403190E-15
1.72777  7.336170E-15
1.72818  7.393090E-15
1.72858  7.370590E-15
1.72898  7.335280E-15
1.72938  7.277130E-15
1.72978  7.277930E-15
1.73019  7.173520E-15
1.73059  7.393830E-15
1.73099  7.367470E-15
1.73139  7.479020E-15
1.7318  7.579010E-15
1.7322  7.540510E-15
1.7326  7.590530E-15
1.733  7.547310E-15
1.73341  7.430590E-15
1.73381  7.572890E-15
1.73421  7.381320E-15
1.73461  7.395320E-15
1.73501  7.396670E-15
1.73542  7.246180E-15
1.73582  7.131680E-15
1.73622  7.275020E-15
1.73662  7.154230E-15
1.73703  7.132280E-15
1.73743  7.133030E-15
1.73783  7.093140E-15
1.73823  7.011320E-15
1.73864  7.104380E-15
1.73904  7.120150E-15
1.73944  7.058970E-15
1.73984  7.145510E-15
1.74024  7.176570E-15
1.74065  7.201900E-15
1.74105  7.256810E-15
1.74145  7.154820E-15
1.74185  7.273200E-15
1.74226  7.445770E-15
1.74266  7.286480E-15
1.74306  7.333260E-15
1.74346  7.361910E-15
1.74387  7.321480E-15
1.74427  7.259960E-15
1.74467  7.322100E-15
1.74507  7.317110E-15
1.74548  7.354560E-15
1.74588  7.294190E-15
1.74628  7.295470E-15
1.74668  7.315980E-15
1.74708  7.136840E-15
1.74749  7.243030E-15
1.74789  7.160580E-15
1.74829  7.117320E-15
1.74869  7.111430E-15
1.7491  7.167950E-15
1.7495  7.220950E-15
1.7499  7.298230E-15
1.7503  7.264280E-15
1.75071  7.256650E-15
1.75111  7.342480E-15
1.75151  7.307760E-15
1.75191  7.372190E-15
1.75231  7.311370E-15
1.75272  7.257620E-15
1.75312  7.304640E-15
1.75352  7.319960E-15
1.75392  7.329480E-15
1.75433  7.358080E-15
1.75473  7.502870E-15
1.75513  7.450790E-15
1.75553  7.286840E-15
1.75594  7.267760E-15
1.75634  7.140600E-15
1.75674  7.024730E-15
1.75714  7.039390E-15
1.75755  7.010020E-15
1.75795  6.995580E-15
1.75835  6.960790E-15
1.75875  6.963070E-15
1.75916  6.899330E-15
1.75956  6.883780E-15
1.75996  6.791740E-15
1.76036  6.771120E-15
1.76076  6.693560E-15
1.76117  6.695850E-15
1.76157  6.739910E-15
1.76197  6.808940E-15
1.76237  6.819540E-15
1.76278  6.914860E-15
1.76318  6.835110E-15
1.76358  6.910290E-15
1.76398  6.882900E-15
1.76439  6.769340E-15
1.76479  6.863050E-15
1.76519  6.876740E-15
1.76559  6.877650E-15
1.766  6.785420E-15
1.7664  6.732560E-15
1.7668  6.695180E-15
1.7672  6.756250E-15
1.76761  6.661710E-15
1.76801  6.653600E-15
1.76841  6.754040E-15
1.76881  6.776050E-15
1.76921  6.802830E-15
1.76962  6.772980E-15
1.77002  6.811860E-15
1.77042  6.901830E-15
1.77082  6.904960E-15
1.77123  6.923450E-15
1.77163  6.887410E-15
1.77203  6.994130E-15
1.77243  7.006500E-15
1.77284  6.983660E-15
1.77324  6.946670E-15
1.77364  6.941420E-15
1.77404  6.832570E-15
1.77445  6.804770E-15
1.77485  6.787830E-15
1.77525  6.841660E-15
1.77565  6.722170E-15
1.77606  6.744950E-15
1.77646  6.859730E-15
1.77686  6.655100E-15
1.77726  6.711640E-15
1.77767  6.654750E-15
1.77807  6.637680E-15
1.77847  6.620850E-15
1.77887  6.614260E-15
1.77928  6.551690E-15
1.77968  6.677250E-15
1.78008  6.612110E-15
1.78048  6.603110E-15
1.78089  6.594550E-15
1.78129  6.497030E-15
1.78169  6.450180E-15
1.78209  6.382220E-15
1.7825  6.561770E-15
1.7829  6.442360E-15
1.7833  6.523620E-15
1.7837  6.479130E-15
1.78411  6.620590E-15
1.78451  6.487420E-15
1.78491  6.494510E-15
1.78531  6.534300E-15
1.78572  6.516940E-15
1.78612  6.491290E-15
1.78652  6.588560E-15
1.78692  6.479240E-15
1.78733  6.535950E-15
1.78773  6.362830E-15
1.78813  6.467380E-15
1.78853  6.419750E-15
1.78894  6.380140E-15
1.78934  6.329590E-15
1.78974  6.393830E-15
1.79014  6.439240E-15
1.79055  6.379010E-15
1.79095  6.273040E-15
1.79135  6.352310E-15
1.79175  6.274730E-15
1.79216  6.407390E-15
1.79256  6.359700E-15
1.79296  6.289260E-15
1.79336  6.427890E-15
1.79377  6.443030E-15
1.79417  6.579810E-15
1.79457  6.600880E-15
1.79497  6.589460E-15
1.79538  6.686350E-15
1.79578  6.564600E-15
1.79618  6.632610E-15
1.79659  6.446320E-15
1.79699  6.475090E-15
1.79739  6.419720E-15
1.79779  6.498800E-15
1.7982  6.168450E-15
1.7986  6.223470E-15
1.799  6.432900E-15
1.7994  6.348950E-15
1.79981  6.343610E-15
1.80021  6.042870E-15
1.80061  6.338040E-15
1.80101  6.334620E-15
1.80142  6.207890E-15
1.80182  6.434720E-15
1.80222  6.378930E-15
1.80262  6.273520E-15
1.80303  6.289490E-15
1.80343  6.422020E-15
1.80383  6.395620E-15
1.80424  6.345870E-15
1.80464  6.334670E-15
1.80504  6.398100E-15
1.80544  6.318770E-15
1.80585  6.499610E-15
1.80625  6.113200E-15
1.80665  6.390640E-15
1.80705  6.243280E-15
1.80746  6.174280E-15
1.80786  6.089120E-15
1.80826  6.100910E-15
1.80866  6.070800E-15
1.80907  6.008120E-15
1.80947  6.003360E-15
1.80987  6.093720E-15
1.81028  6.022880E-15
1.81068  5.733700E-15
1.81108  6.028320E-15
1.81148  6.148900E-15
1.81189  6.073960E-15
1.81229  6.343790E-15
1.81269  6.303680E-15
1.81309  6.329290E-15
1.8135  6.216210E-15
1.8139  6.309680E-15
1.8143  6.226480E-15
1.81471  6.411060E-15
1.81511  6.490130E-15
1.81551  6.440410E-15
1.81591  6.481020E-15
1.81632  6.758050E-15
1.81672  6.690470E-15
1.81712  6.665570E-15
1.81752  6.447730E-15
1.81793  6.521330E-15
1.81833  6.501120E-15
1.88266  1.253610E-14
1.8832  1.270570E-14
1.88374  1.210160E-14
1.88428  1.058620E-14
1.88482  9.430390E-15
1.88536  8.746620E-15
1.8859  8.662790E-15
1.88644  8.436580E-15
1.88698  8.139300E-15
1.88752  7.891800E-15
1.88806  7.739140E-15
1.8886  7.825990E-15
1.88914  7.773100E-15
1.88968  7.743870E-15
1.89022  7.577210E-15
1.89076  7.454300E-15
1.8913  7.547690E-15
1.89184  7.685790E-15
1.89238  7.576620E-15
1.89292  7.334170E-15
1.89346  7.338390E-15
1.894  7.199930E-15
1.89454  7.037410E-15
1.89508  6.870640E-15
1.89562  6.903330E-15
1.89616  6.767980E-15
1.8967  6.568150E-15
1.89724  6.666950E-15
1.89778  6.658120E-15
1.89832  6.652850E-15
1.89886  6.883180E-15
1.8994  7.204460E-15
1.89994  7.008220E-15
1.90048  6.758070E-15
1.90102  6.741310E-15
1.90156  6.621210E-15
1.9021  6.655470E-15
1.90263  6.679340E-15
1.90317  6.329360E-15
1.90371  6.209370E-15
1.90425  6.631500E-15
1.90479  6.850690E-15
1.90533  6.547490E-15
1.90587  6.521810E-15
1.90641  6.386850E-15
1.90695  6.571490E-15
1.90749  6.359310E-15
1.90803  6.346580E-15
1.90857  6.407090E-15
1.90911  6.247300E-15
1.90965  6.157480E-15
1.91019  6.244550E-15
1.91073  6.268230E-15
1.91127  6.248690E-15
1.91181  6.204170E-15
1.91235  6.199490E-15
1.91289  6.481370E-15
1.91343  6.489690E-15
1.91397  6.451750E-15
1.91451  6.245670E-15
1.91505  6.337850E-15
1.91559  6.464490E-15
1.91613  6.467440E-15
1.91667  6.264840E-15
1.91721  6.065850E-15
1.91775  6.142690E-15
1.91829  6.080890E-15
1.91883  5.988510E-15
1.91936  6.042050E-15
1.9199  6.077270E-15
1.92044  6.033770E-15
1.92098  6.258520E-15
1.92152  6.172600E-15
1.92206  6.235760E-15
1.9226  6.286900E-15
1.92314  6.198600E-15
1.92368  6.233510E-15
1.92422  6.107000E-15
1.92476  5.904520E-15
1.9253  6.140120E-15
1.92584  6.128750E-15
1.92638  6.223980E-15
1.92692  6.101330E-15
1.92746  6.094400E-15
1.928  6.141070E-15
1.92854  6.234050E-15
1.92908  6.131770E-15
1.92962  6.144160E-15
1.93015  6.304400E-15
1.93069  6.222620E-15
1.93123  6.203130E-15
1.93177  6.232990E-15
1.93231  6.204430E-15
1.93285  6.136490E-15
1.93339  6.112950E-15
1.93393  6.023100E-15
1.93447  6.078610E-15
1.93501  5.940380E-15
1.93555  6.010450E-15
1.93609  6.032260E-15
1.93663  5.882880E-15
1.93717  5.946680E-15
1.93771  5.957250E-15
1.93824  5.971580E-15
1.93878  5.964640E-15
1.93932  5.961480E-15
1.93986  6.066860E-15
1.9404  6.152690E-15
1.94094  6.263610E-15
1.94148  6.210030E-15
1.94202  6.105310E-15
1.94256  6.160790E-15
1.9431  6.210080E-15
1.94364  6.130920E-15
1.94418  6.185840E-15
1.94472  6.276190E-15
1.94525  6.369300E-15
1.94579  6.250330E-15
1.94633  6.334030E-15
1.94687  6.317870E-15
1.94741  6.257210E-15
1.94795  6.219770E-15
1.94849  6.259690E-15
1.94903  6.243040E-15
1.94957  6.174780E-15
1.95011  6.219930E-15
1.95065  6.166730E-15
1.95119  6.208990E-15
1.95172  6.204880E-15
1.95226  6.276680E-15
1.9528  6.216880E-15
1.95334  6.197910E-15
1.95388  6.115880E-15
1.95442  6.084900E-15
1.95496  6.208740E-15
1.9555  6.156350E-15
1.95604  6.117410E-15
1.95658  6.173250E-15
1.95712  6.095070E-15
1.95765  6.079220E-15
1.95819  6.121060E-15
1.95873  6.049850E-15
1.95927  6.080750E-15
1.95981  6.065720E-15
1.96035  6.122970E-15
1.96089  6.140930E-15
1.96143  6.084940E-15
1.96197  6.094590E-15
1.9625  6.251310E-15
1.96304  6.318740E-15
1.96358  6.588310E-15
1.96412  6.983610E-15
1.96466  7.283780E-15
1.9652  7.280850E-15
1.96574  7.093960E-15
1.96628  6.752990E-15
1.96682  6.371250E-15
1.96736  6.186740E-15
1.96789  6.077730E-15
1.96843  6.147070E-15
1.96897  6.293200E-15
1.96951  6.318380E-15
1.97005  6.374590E-15
1.97059  6.332260E-15
1.97113  6.361730E-15
1.97167  6.257320E-15
1.97221  6.143200E-15
1.97274  6.030480E-15
1.97328  6.028700E-15
1.97382  5.895670E-15
1.97436  5.833410E-15
1.9749  5.797350E-15
1.97544  5.823300E-15
1.97598  5.763690E-15
1.97652  5.759300E-15
1.97705  5.813760E-15
1.97759  5.741750E-15
1.97813  5.720240E-15
1.97867  5.646100E-15
1.97921  5.599080E-15
1.97975  5.569540E-15
1.98029  5.479280E-15
1.98083  5.448390E-15
1.98136  5.541020E-15
1.9819  5.478880E-15
1.98244  5.459900E-15
1.98298  5.453240E-15
1.98352  5.451770E-15
1.98406  5.443090E-15
1.9846  5.437420E-15
1.98514  5.339910E-15
1.98567  5.339840E-15
1.98621  5.362410E-15
1.98675  5.420410E-15
1.98729  5.459370E-15
1.98783  5.493540E-15
1.98837  5.511670E-15
1.98891  5.544190E-15
1.98944  5.498250E-15
1.98998  5.526350E-15
1.99052  5.496510E-15
1.99106  5.579400E-15
1.9916  5.544050E-15
1.99214  5.510530E-15
1.99268  5.450350E-15
1.99321  5.399920E-15
1.99375  5.407610E-15
1.99429  5.372000E-15
1.99483  5.418620E-15
1.99537  5.487660E-15
1.99591  5.495170E-15
1.99645  5.537440E-15
1.99698  5.524370E-15
1.99752  5.558750E-15
1.99806  5.561960E-15
1.9986  5.536220E-15
1.99914  5.533910E-15
1.99968  5.453450E-15
2.00022  5.607260E-15
2.00075  5.585830E-15
2.00129  5.811140E-15
2.00183  5.685760E-15
2.00237  5.709780E-15
2.00291  5.767890E-15
2.00345  5.869880E-15
2.00398  5.862030E-15
2.00452  5.962900E-15
2.00506  5.907050E-15
2.0056  5.881280E-15
2.00614  5.791380E-15
2.00668  5.817580E-15
2.00722  5.824400E-15
2.00775  5.782050E-15
2.00829  5.705340E-15
2.00883  5.715130E-15
2.00937  5.676840E-15
2.00991  5.726570E-15
2.01045  5.701210E-15
2.01098  5.813190E-15
2.01152  5.796470E-15
2.01206  5.810240E-15
2.0126  5.823000E-15
2.01314  5.821950E-15
2.01368  5.835300E-15
2.01421  5.785330E-15
2.01475  5.786870E-15
2.01529  5.758960E-15
2.01583  5.732170E-15
2.01637  5.733240E-15
2.01691  5.729810E-15
2.01744  5.683670E-15
2.01798  5.697390E-15
2.01852  5.731790E-15
2.01906  5.619940E-15
2.0196  5.693260E-15
2.02014  5.708200E-15
2.02067  5.622650E-15
2.02121  5.625970E-15
2.02175  5.620590E-15
2.02229  5.631210E-15
2.02283  5.641080E-15
2.02336  5.558120E-15
2.0239  5.567210E-15
2.02444  5.549970E-15
2.02498  5.484900E-15
2.02552  5.479520E-15
2.02606  5.437290E-15
2.02659  5.417790E-15
2.02713  5.413730E-15
2.02767  5.384520E-15
2.02821  5.393470E-15
2.02875  5.423780E-15
2.02928  5.460290E-15
2.02982  5.469650E-15
2.03036  5.424460E-15
2.0309  5.424210E-15
2.03144  5.421080E-15
2.03198  5.431580E-15
2.03251  5.435610E-15
2.03305  5.419870E-15
2.03359  5.407020E-15
2.03413  5.415170E-15
2.03467  5.387470E-15
2.0352  5.424370E-15
2.03574  5.383820E-15
2.03628  5.396470E-15
2.03682  5.410790E-15
2.03736  5.410680E-15
2.03789  5.391370E-15
2.03843  5.426160E-15
2.03897  5.502320E-15
2.03951  5.554190E-15
2.04005  5.704800E-15
2.04059  5.783230E-15
2.04112  5.844700E-15
2.04166  5.909030E-15
2.0422  5.858250E-15
2.04274  5.696970E-15
2.04328  5.594130E-15
2.04381  5.510930E-15
2.04435  5.457660E-15
2.04489  5.496940E-15
2.04543  5.476040E-15
2.04596  5.438900E-15
2.0465  5.448570E-15
2.04704  5.434890E-15
2.04758  5.481190E-15
2.04812  5.478170E-15
2.04866  5.476630E-15
2.04919  5.478320E-15
2.04973  5.536380E-15
2.05027  5.429200E-15
2.05081  5.493660E-15
2.05134  5.532760E-15
2.05188  5.524020E-15
2.05242  5.514310E-15
2.05296  5.493840E-15
2.0535  5.517670E-15
2.05403  5.532210E-15
2.05457  5.552750E-15
2.05511  5.612620E-15
2.05565  5.563680E-15
2.05619  5.417920E-15
2.05672  5.514180E-15
2.05726  5.530440E-15
2.0578  5.555640E-15
2.05834  5.506130E-15
2.05888  5.472930E-15
2.05941  5.455880E-15
2.05995  5.466450E-15
2.06049  5.510410E-15
2.06103  5.493300E-15
2.06156  5.431500E-15
2.0621  5.450660E-15
2.06264  5.485640E-15
2.06318  5.501490E-15
2.06372  5.525910E-15
2.06425  5.535310E-15
2.06479  5.565990E-15
2.06533  5.624080E-15
2.06587  5.645510E-15
2.0664  5.675820E-15
2.06694  5.618880E-15
2.06748  5.574680E-15
2.06802  5.522230E-15
2.06856  5.519600E-15
2.06909  5.529770E-15
2.06963  5.466130E-15
2.07017  5.486300E-15
2.07071  5.459980E-15
2.07124  5.377120E-15
2.07178  5.425140E-15
2.07232  5.453280E-15
2.07286  5.442710E-15
2.0734  5.495650E-15
2.07393  5.525300E-15
2.07447  5.460730E-15
2.07501  5.455640E-15
2.07555  5.464320E-15
2.07608  5.471000E-15
2.07662  5.437670E-15
2.07716  5.398220E-15
2.0777  5.322740E-15
2.07823  5.348170E-15
2.07877  5.358610E-15
2.07931  5.344590E-15
2.07985  5.347450E-15
2.08039  5.408290E-15
2.08092  5.408540E-15
2.08146  5.385330E-15
2.082  5.422570E-15
2.08254  5.368390E-15
2.08307  5.371960E-15
2.08361  5.334370E-15
2.08415  5.358250E-15
2.08469  5.375630E-15
2.08522  5.350870E-15
2.08576  5.286920E-15
2.0863  5.306030E-15
2.08684  5.265120E-15
2.08737  5.231640E-15
2.08791  5.274880E-15
2.08845  5.272290E-15
2.08899  5.235110E-15
2.08952  5.286430E-15
2.09006  5.249290E-15
2.0906  5.266530E-15
2.09114  5.245060E-15
2.09168  5.258450E-15
2.09221  5.227040E-15
2.09275  5.241970E-15
2.09329  5.275490E-15
2.09383  5.284970E-15
2.09436  5.279750E-15
2.0949  5.279430E-15
2.09544  5.309020E-15
2.09598  5.286540E-15
2.09651  5.231460E-15
2.09705  5.270820E-15
2.09759  5.271760E-15
2.09813  5.254190E-15
2.09866  5.260000E-15
2.0992  5.236630E-15
2.09974  5.259350E-15
2.10028  5.307200E-15
2.10081  5.288210E-15
2.10135  5.319080E-15
2.10189  5.257260E-15
2.10243  5.244950E-15
2.10296  5.220780E-15
2.1035  5.223450E-15
2.10404  5.221300E-15
2.10458  5.223200E-15
2.10511  5.227680E-15
2.10565  5.249660E-15
2.10619  5.244410E-15
2.10672  5.229940E-15
2.10726  5.262030E-15
2.1078  5.308070E-15
2.10834  5.233940E-15
2.10887  5.250970E-15
2.10941  5.239360E-15
2.10995  5.163600E-15
2.11049  5.225040E-15
2.11102  5.213630E-15
2.11156  5.249150E-15
2.1121  5.254840E-15
2.11264  5.214660E-15
2.11317  5.175340E-15
2.11371  5.146640E-15
2.11425  5.119260E-15
2.11479  5.128080E-15
2.11532  5.094540E-15
2.11586  5.060790E-15
2.1164  5.092120E-15
2.11694  5.067260E-15
2.11747  5.108710E-15
2.11801  5.101790E-15
2.11855  5.137330E-15
2.11908  5.173930E-15
2.11962  5.193730E-15
2.12016  5.151220E-15
2.1207  5.139110E-15
2.12123  5.159300E-15
2.12177  5.161160E-15
2.12231  5.137060E-15
2.12285  5.131330E-15
2.12338  5.083910E-15
2.12392  5.067330E-15
2.12446  5.057720E-15
2.12499  5.058250E-15
2.12553  5.105830E-15
2.12607  5.106490E-15
2.12661  5.159640E-15
2.12714  5.184770E-15
2.12768  5.262830E-15
2.12822  5.512550E-15
2.12876  5.748910E-15
2.12929  6.097540E-15
2.12983  6.261580E-15
2.13037  6.202240E-15
2.1309  5.960270E-15
2.13144  5.634310E-15
2.13198  5.354490E-15
2.13252  5.235520E-15
2.13305  5.186600E-15
2.13359  5.173720E-15
2.13413  5.151560E-15
2.13467  5.129950E-15
2.1352  5.132960E-15
2.13574  5.136970E-15
2.13628  5.119210E-15
2.13681  5.139270E-15
2.13735  5.131170E-15
2.13789  5.138820E-15
2.13843  5.167840E-15
2.13896  5.153950E-15
2.1395  5.165800E-15
2.14004  5.122950E-15
2.14057  5.112520E-15
2.14111  5.099430E-15
2.14165  5.035270E-15
2.14219  5.053100E-15
2.14272  5.069770E-15
2.14326  5.069350E-15
2.1438  5.111820E-15
2.14433  5.108200E-15
2.14487  5.138600E-15
2.14541  5.146820E-15
2.14595  5.154850E-15
2.14648  5.129770E-15
2.14702  5.150740E-15
2.14756  5.137590E-15
2.14809  5.139230E-15
2.14863  5.144040E-15
2.14917  5.063250E-15
2.14971  5.156370E-15
2.15024  5.141920E-15
2.15078  5.162460E-15
2.15132  5.111650E-15
2.15185  5.066470E-15
2.15239  5.057140E-15
2.15293  5.034380E-15
2.15347  5.016890E-15
2.154  5.038230E-15
2.15454  5.051250E-15
2.15508  5.106330E-15
2.15561  5.058410E-15
2.15615  5.081030E-15
2.15669  5.065690E-15
2.15723  5.061200E-15
2.15776  5.072670E-15
2.1583  5.090430E-15
2.15884  5.136890E-15
2.15937  5.192230E-15
2.15991  5.158640E-15
2.16045  5.183080E-15
2.16098  5.179840E-15
2.16152  5.257530E-15
2.16206  5.235550E-15
2.1626  5.243940E-15
2.16313  5.212100E-15
2.16367  5.221470E-15
2.16421  5.253700E-15
2.16474  5.198220E-15
2.16528  5.245210E-15
2.16582  5.273540E-15
2.16636  5.296480E-15
2.16689  5.270790E-15
2.16743  5.252010E-15
2.16797  5.277170E-15
2.1685  5.257460E-15
2.16904  5.279600E-15
2.16958  5.277070E-15
2.17011  5.229370E-15
2.17065  5.211550E-15
2.17119  5.237840E-15
2.17173  5.299370E-15
2.17226  5.311500E-15
2.1728  5.375360E-15
2.17334  5.417620E-15
2.17387  5.467400E-15
2.17441  5.465990E-15
2.17495  5.421410E-15
2.17548  5.374390E-15
2.17602  5.270670E-15
2.17656  5.278880E-15
2.17709  5.277390E-15
2.17763  5.211220E-15
2.17817  5.213440E-15
2.17871  5.191040E-15
2.17924  5.121060E-15
2.17978  5.183010E-15
2.18032  5.125100E-15
2.18085  5.114750E-15
2.18139  5.108670E-15
2.18193  5.072250E-15
2.18246  5.120340E-15
2.183  5.140580E-15
2.18354  5.111670E-15
2.18407  5.102800E-15
2.18461  5.096020E-15
2.18515  5.081410E-15
2.18569  5.031020E-15
2.18622  5.029280E-15
2.18676  4.935440E-15
2.1873  4.981220E-15
2.18783  4.946640E-15
2.18837  4.943680E-15
2.18891  5.014470E-15
2.18944  4.928900E-15
2.18998  4.904640E-15
2.19052  4.971480E-15
2.19105  4.913070E-15
2.19159  4.956160E-15
2.19213  4.932010E-15
2.19266  4.926270E-15
2.1932  4.909020E-15
2.19374  4.921070E-15
2.19428  4.864860E-15
2.19481  4.865520E-15
2.19535  4.862230E-15
2.19589  4.859570E-15
2.19642  4.845460E-15
2.19696  4.890570E-15
2.1975  4.865030E-15
2.19803  4.904670E-15
2.19857  4.860160E-15
2.19911  4.908870E-15
2.19964  4.917700E-15
2.20018  4.969830E-15
2.20072  4.930120E-15
2.20125  4.955740E-15
2.20179  4.949510E-15
2.20233  4.887450E-15
2.20286  4.877740E-15
2.2034  4.890640E-15
2.20394  4.922710E-15
2.20448  4.933190E-15
2.20501  4.850340E-15
2.20555  4.900790E-15
2.20609  4.881580E-15
2.20662  4.903730E-15
2.20716  4.879940E-15
2.2077  4.870670E-15
2.20823  4.828700E-15
2.20877  4.870200E-15
2.20931  4.813710E-15
2.20984  4.792880E-15
2.21038  4.800330E-15
2.21092  4.767080E-15
2.21145  4.752320E-15
2.21199  4.765330E-15
2.21253  4.759080E-15
2.21306  4.677460E-15
2.2136  4.710850E-15
2.21414  4.630150E-15
2.21467  4.606020E-15
2.21521  4.590120E-15
2.21575  4.650460E-15
2.21628  4.671680E-15
2.21682  4.686410E-15
2.21736  4.738660E-15
2.21789  4.738740E-15
2.21843  4.727390E-15
2.21897  4.790850E-15
2.2195  4.825700E-15
2.22004  4.807240E-15
2.22058  4.807500E-15
2.22112  4.819430E-15
2.22165  4.827450E-15
2.22219  4.814350E-15
2.22273  4.808780E-15
2.22326  4.801900E-15
2.2238  4.824160E-15
2.22434  4.852510E-15
2.22487  4.865390E-15
2.22541  4.849300E-15
2.22595  4.856250E-15
2.22648  4.812940E-15
2.22702  4.857680E-15
2.22756  4.831930E-15
2.22809  4.823570E-15
2.22863  4.787790E-15
2.22917  4.793540E-15
2.2297  4.820110E-15
2.23024  4.861360E-15
2.23078  4.909160E-15
2.23131  4.976760E-15
2.23185  5.087570E-15
2.23239  5.003750E-15
2.23292  4.924200E-15
2.23346  4.852020E-15
2.234  4.795930E-15
2.23453  4.709140E-15
2.23507  4.703080E-15
2.23561  4.632610E-15
2.23614  4.682060E-15
2.23668  4.651230E-15
2.23722  4.658590E-15
2.23775  4.680750E-15
2.23829  4.691960E-15
2.23883  4.688260E-15
2.23936  4.708510E-15
2.2399  4.709980E-15
2.24044  4.707910E-15
2.24097  4.739890E-15
2.24151  4.759090E-15
2.24205  4.743680E-15
2.24258  4.762820E-15
2.24312  4.714560E-15
2.24366  4.688300E-15
2.24419  4.676700E-15
2.24473  4.686910E-15
2.24527  4.665270E-15
2.2458  4.670240E-15
2.24634  4.678610E-15
2.24688  4.663810E-15
2.24741  4.636070E-15
2.24795  4.640860E-15
2.24849  4.584250E-15
2.24902  4.661110E-15
2.24956  4.664930E-15
2.2501  4.643380E-15
2.25063  4.653820E-15
2.25117  4.625910E-15
2.25171  4.659840E-15
2.25224  4.625000E-15
2.25278  4.680580E-15
2.25332  4.667230E-15
2.25385  4.700120E-15
2.25439  4.706280E-15
2.25493  4.708640E-15
2.25546  4.761470E-15
2.256  4.745300E-15
2.25654  4.790940E-15
2.25707  4.776670E-15
2.25761  4.720000E-15
2.25815  4.719680E-15
2.25868  4.629820E-15
2.25922  4.619750E-15
2.25975  4.595520E-15
2.26029  4.607430E-15
2.26083  4.642290E-15
2.26136  4.643570E-15
2.2619  4.634800E-15
2.26244  4.682030E-15
2.26297  4.628470E-15
2.26351  4.665680E-15
2.26405  4.624000E-15
2.26458  4.671620E-15
2.26512  4.607360E-15
2.26566  4.598750E-15
2.26619  4.597040E-15
2.26673  4.572800E-15
2.26727  4.629940E-15
2.2678  4.607260E-15
2.26834  4.663650E-15
2.26888  4.590570E-15
2.26941  4.588020E-15
2.26995  4.569490E-15
2.27049  4.494740E-15
2.27102  4.484180E-15
2.27156  4.457820E-15
2.2721  4.501570E-15
2.27263  4.479920E-15
2.27317  4.463010E-15
2.27371  4.514030E-15
2.27424  4.446670E-15
2.27478  4.525270E-15
2.27532  4.523390E-15
2.27585  4.497160E-15
2.27639  4.559860E-15
2.27693  4.587800E-15
2.27746  4.584910E-15
2.278  4.581940E-15
2.27854  4.573430E-15
2.27907  4.526470E-15
2.27961  4.529880E-15
2.28014  4.575200E-15
2.28068  4.534340E-15
2.28122  4.565120E-15
2.28175  4.577970E-15
2.28229  4.598550E-15
2.28283  4.524550E-15
2.28336  4.482580E-15
2.2839  4.535430E-15
2.28444  4.550180E-15
2.28497  4.601010E-15
2.28551  4.528520E-15
2.28605  4.521080E-15
2.28658  4.551240E-15
2.28712  4.537920E-15
2.28766  4.456250E-15
2.28819  4.500960E-15
2.28873  4.483810E-15
2.28927  4.462690E-15
2.2898  4.448470E-15
2.29034  4.479190E-15
2.29088  4.428170E-15
2.29141  4.470700E-15
2.29195  4.491500E-15
2.29249  4.479620E-15
2.29302  4.478040E-15
2.29356  4.517390E-15
2.29409  4.522630E-15
2.29463  4.515030E-15
2.29517  4.503300E-15
2.2957  4.586880E-15
2.29624  4.514790E-15
2.29678  4.462550E-15
2.29731  4.539100E-15
2.29785  4.460870E-15
2.29839  4.476810E-15
2.29892  4.495680E-15
2.29946  4.489990E-15
2.3  4.453060E-15
2.30053  4.390930E-15
2.30107  4.282790E-15
2.30161  4.239870E-15
2.30214  4.074820E-15
2.30268  3.972770E-15
2.30322  3.900440E-15
2.30375  3.864220E-15
2.30429  3.901060E-15
2.30483  3.893870E-15
2.30536  4.012160E-15
2.3059  3.958440E-15
2.30643  4.016760E-15
2.30697  4.074680E-15
2.30751  4.077990E-15
2.30804  4.147830E-15
2.30858  4.195880E-15
2.30912  4.190210E-15
2.30965  4.182620E-15
2.31019  4.237450E-15
2.31073  4.201540E-15
2.31126  4.259470E-15
2.3118  4.221470E-15
2.31234  4.141010E-15
2.31287  4.181000E-15
2.31341  4.220910E-15
2.31395  4.175580E-15
2.31448  4.221110E-15
2.31502  4.216930E-15
2.31556  4.173850E-15
2.31609  4.220260E-15
2.31663  4.217670E-15
2.31717  4.231770E-15
2.3177  4.237980E-15
2.31824  4.251700E-15
2.31877  4.248740E-15
2.31931  4.257930E-15
2.31985  4.197120E-15
2.32038  4.190140E-15
2.32092  4.238840E-15
2.32146  4.208750E-15
2.32199  4.200690E-15
2.32253  4.139130E-15
2.32307  4.189360E-15
2.3236  4.178750E-15
2.32414  4.203980E-15
2.32468  4.200530E-15
2.32521  4.192590E-15
2.32575  4.172080E-15
2.32629  4.174160E-15
2.32682  4.137830E-15
2.32736  4.188830E-15
2.3279  4.161800E-15
2.32843  4.210560E-15
2.32897  4.141560E-15
2.3295  4.194730E-15
2.33004  4.176060E-15
2.33058  4.102060E-15
2.33111  4.005990E-15
2.33165  3.867160E-15
2.33219  3.807910E-15
2.33272  3.758250E-15
2.33326  3.762890E-15
2.3338  3.772760E-15
2.33433  3.857750E-15
2.33487  3.824960E-15
2.33541  3.861050E-15
2.33594  3.904230E-15
2.33648  3.901790E-15
2.33702  3.918520E-15
2.33755  3.914800E-15
2.33809  3.944300E-15
2.33862  3.972120E-15
2.33916  3.981010E-15
2.3397  3.996210E-15
2.34023  3.993250E-15
2.34077  3.956890E-15
2.34131  4.075200E-15
2.34184  3.994310E-15
2.34238  4.019570E-15
2.34292  3.984260E-15
2.34345  4.022690E-15
2.34399  4.040340E-15
2.34453  4.035980E-15
2.34506  4.031030E-15
2.3456  4.007780E-15
2.34614  3.966160E-15
2.34667  3.997630E-15
2.34721  4.041930E-15
2.34775  4.013420E-15
2.34828  4.024350E-15
2.34882  3.994250E-15
2.34935  4.001340E-15
2.34989  4.029380E-15
2.35043  4.002750E-15
2.35096  4.026720E-15
2.3515  4.031890E-15
2.35204  4.036210E-15
2.35257  4.032220E-15
2.35311  3.989260E-15
2.35365  3.923000E-15
2.35418  3.886690E-15
2.35472  3.829580E-15
2.35526  3.911140E-15
2.35579  3.889830E-15
2.35633  3.920390E-15
2.35687  3.898970E-15
2.3574  3.889150E-15
2.35794  3.935480E-15
2.35848  3.910460E-15
2.35901  3.835570E-15
2.35955  3.850810E-15
2.36009  3.781130E-15
2.36062  3.736490E-15
2.36116  3.681600E-15
2.36169  3.556710E-15
2.36223  3.555730E-15
2.36277  3.597450E-15
2.3633  3.586530E-15
2.36384  3.633800E-15
2.36438  3.631220E-15
2.36491  3.683280E-15
2.36545  3.724850E-15
2.36599  3.716350E-15
2.36652  3.655230E-15
2.36706  3.732860E-15
2.3676  3.764240E-15
2.36813  3.760230E-15
2.36867  3.801190E-15
2.36921  3.795350E-15
2.36974  3.822530E-15
2.37028  3.853070E-15
2.37082  3.848910E-15
2.37135  3.867880E-15
2.37189  3.964330E-15
2.37242  3.901550E-15
2.37296  3.859740E-15
2.3735  3.831510E-15
2.37403  3.800480E-15
2.37457  3.848760E-15
2.37511  3.852880E-15
2.37564  3.798560E-15
2.37618  3.870140E-15
2.37672  3.887990E-15
2.37725  3.895980E-15
2.37779  3.877400E-15
2.37833  3.859670E-15
2.37886  3.858160E-15
2.3794  3.857080E-15
2.37994  3.818510E-15
2.38047  3.814220E-15
2.38101  3.814100E-15
2.38155  3.775530E-15
2.38208  3.779310E-15
2.38262  3.787880E-15
2.38316  3.755610E-15
2.38369  3.683490E-15
2.38423  3.706670E-15
2.38476  3.699240E-15
2.3853  3.782980E-15
2.38584  3.746660E-15
2.38637  3.727240E-15
2.38691  3.700610E-15
2.38745  3.757450E-15
2.38798  3.759510E-15
2.38852  3.696220E-15
2.38906  3.714670E-15
2.38959  3.718510E-15
2.39013  3.707550E-15
2.39067  3.669010E-15
2.3912  3.614950E-15
2.39174  3.557490E-15
2.39228  3.503590E-15
2.39281  3.516460E-15
2.39335  3.519490E-15
2.39389  3.528870E-15
2.39442  3.521960E-15
2.39496  3.555850E-15
2.3955  3.588960E-15
2.39603  3.585790E-15
2.39657  3.659810E-15
2.39711  3.643070E-15
2.39764  3.630850E-15
2.39818  3.639720E-15
2.39872  3.700870E-15
2.39925  3.654390E-15
2.39979  3.682150E-15
2.40032  3.646910E-15
2.40086  3.614390E-15
2.4014  3.598560E-15
2.40193  3.672280E-15
2.40247  3.667230E-15
2.40301  3.679860E-15
2.40354  3.725880E-15
2.40408  3.703850E-15
2.40462  3.686080E-15
2.40515  3.698710E-15
2.40569  3.759200E-15
2.40623  3.759330E-15
2.40676  3.740230E-15
2.4073  3.724240E-15
2.40784  3.715980E-15
2.40837  3.668060E-15
2.40891  3.707420E-15
2.40945  3.736570E-15
2.40998  3.700080E-15
2.41052  3.721500E-15
2.41106  3.710840E-15
2.41159  3.708490E-15
2.41213  3.705230E-15
2.41267  3.644840E-15
2.4132  3.718770E-15
2.41374  3.851920E-15
2.41428  3.926680E-15
2.41481  4.303930E-15
2.41535  4.402340E-15
2.41589  4.433540E-15
2.41642  4.312640E-15
2.41696  4.155830E-15
2.4175  3.999010E-15
2.41803  3.722020E-15
2.41857  3.717510E-15
2.41911  3.675010E-15
2.41964  3.669030E-15
2.42018  3.637820E-15
2.42072  3.728510E-15
2.42125  3.720520E-15
2.42179  3.781420E-15
2.42233  3.775850E-15
2.42286  3.771120E-15
2.4234  3.691710E-15
2.42394  3.568750E-15
2.42447  3.579800E-15
2.42501  3.490060E-15
2.42554  3.484820E-15
2.42608  3.605310E-15
