0.81091  4.212380E-15
0.811112  4.000670E-15
0.811314  4.226290E-15
0.811517  4.323810E-15
0.811719  4.267540E-15
0.811921  4.158110E-15
0.812123  4.295780E-15
0.812325  4.138400E-15
0.812527  3.784780E-15
0.812729  4.120710E-15
0.812931  4.097870E-15
0.813133  4.249630E-15
0.813335  4.082180E-15
0.813537  3.981380E-15
0.813739  3.930270E-15
0.813941  3.731990E-15
0.81399  4.001800E-15
0.814224  4.159910E-15
0.814457  4.119980E-15
0.814691  4.082660E-15
0.814924  3.958120E-15
0.815157  3.906840E-15
0.815391  4.064470E-15
0.815624  3.814850E-15
0.815857  3.810360E-15
0.816091  3.941160E-15
0.816324  3.853880E-15
0.816557  4.086600E-15
0.816791  3.783570E-15
0.817024  4.057060E-15
0.817257  4.127340E-15
0.81749  4.157100E-15
0.817724  3.797190E-15
0.817957  4.077610E-15
0.81819  4.077840E-15
0.818423  4.081410E-15
0.818657  4.128200E-15
0.81889  4.103450E-15
0.819123  4.177270E-15
0.819356  3.959300E-15
0.819589  4.172390E-15
0.819823  3.815190E-15
0.820056  4.183290E-15
0.820289  4.004620E-15
0.820522  4.135990E-15
0.820755  3.892550E-15
0.820988  3.838410E-15
0.821222  4.021480E-15
0.821455  3.901800E-15
0.821688  3.996240E-15
0.821921  4.201530E-15
0.822154  4.246240E-15
0.822387  3.911450E-15
0.82262  3.914700E-15
0.822853  3.982550E-15
0.823086  4.017780E-15
0.823319  4.230630E-15
0.823553  3.973030E-15
0.823786  4.367700E-15
0.824019  4.227540E-15
0.824252  4.245930E-15
0.824485  4.137130E-15
0.824718  4.063150E-15
0.824951  4.145430E-15
0.825184  4.130820E-15
0.825417  3.952620E-15
0.82565  4.253090E-15
0.825883  4.297660E-15
0.826116  4.078740E-15
0.826349  3.953520E-15
0.826582  3.898610E-15
0.826815  4.110630E-15
0.827048  3.869960E-15
0.827281  4.092730E-15
0.827513  4.068290E-15
0.827746  4.113750E-15
0.827979  4.016780E-15
0.828212  4.312660E-15
0.828445  4.032780E-15
0.828678  4.038320E-15
0.828911  4.282560E-15
0.829144  4.416940E-15
0.829377  4.211060E-15
0.82961  4.249770E-15
0.829842  4.129380E-15
0.830075  4.225080E-15
0.830308  4.251750E-15
0.830541  4.587260E-15
0.830774  4.350570E-15
0.831007  4.023730E-15
0.831239  4.278790E-15
0.831472  4.269680E-15
0.831705  4.302910E-15
0.831938  4.140460E-15
0.832171  4.324610E-15
0.832403  4.378700E-15
0.832636  4.213800E-15
0.832869  4.315350E-15
0.833102  4.017050E-15
0.833334  4.217540E-15
0.833567  4.246890E-15
0.8338  4.083890E-15
0.834033  4.037960E-15
0.834265  4.137160E-15
0.834498  4.140760E-15
0.834731  4.133800E-15
0.834963  4.156850E-15
0.835196  4.045150E-15
0.835429  4.035300E-15
0.835661  4.219440E-15
0.835894  3.866610E-15
0.836127  4.132680E-15
0.836359  4.037690E-15
0.836592  4.131100E-15
0.836825  3.945930E-15
0.837057  4.186160E-15
0.83729  3.916230E-15
0.837523  4.210000E-15
0.837755  3.909280E-15
0.837988  4.183880E-15
0.83822  4.101290E-15
0.838453  4.049150E-15
0.838686  4.086010E-15
0.838918  4.044080E-15
0.839151  4.229380E-15
0.839383  4.074790E-15
0.839616  4.015170E-15
0.839848  4.100800E-15
0.840081  4.008170E-15
0.840314  4.117530E-15
0.840546  4.007090E-15
0.840779  4.161640E-15
0.841011  4.175840E-15
0.841244  4.013250E-15
0.841476  4.147220E-15
0.841709  3.865060E-15
0.841941  3.905580E-15
0.842174  4.154860E-15
0.842406  3.887780E-15
0.842638  4.089730E-15
0.842871  4.136550E-15
0.843103  4.079980E-15
0.843336  4.030110E-15
0.843568  3.779420E-15
0.843801  4.004480E-15
0.844033  4.183290E-15
0.844266  4.086410E-15
0.844498  4.187480E-15
0.84473  4.150580E-15
0.844963  3.899790E-15
0.845195  4.111120E-15
0.845428  4.288240E-15
0.84566  4.031230E-15
0.845892  4.240640E-15
0.846125  4.366440E-15
0.846357  4.467570E-15
0.846589  4.281640E-15
0.846822  4.383520E-15
0.847054  4.617470E-15
0.847286  4.700990E-15
0.847519  4.751650E-15
0.847751  4.782700E-15
0.847983  4.869380E-15
0.848216  4.764820E-15
0.848448  4.882370E-15
0.84868  4.718850E-15
0.848913  4.650420E-15
0.849145  4.689340E-15
0.849377  4.742810E-15
0.849609  4.727370E-15
0.849842  4.691080E-15
0.850074  4.805170E-15
0.850306  4.861930E-15
0.850538  4.612460E-15
0.850771  4.587790E-15
0.851003  4.711640E-15
0.851235  4.671960E-15
0.851467  4.659710E-15
0.8517  4.885110E-15
0.851932  4.889180E-15
0.852164  4.864910E-15
0.852396  5.295060E-15
0.852628  5.319430E-15
0.852861  5.327150E-15
0.853093  5.452640E-15
0.853325  5.391250E-15
0.853557  5.546160E-15
0.853789  5.329800E-15
0.854021  5.414300E-15
0.854254  5.414030E-15
0.854486  5.471760E-15
0.854718  5.332620E-15
0.85495  5.179220E-15
0.855182  5.060420E-15
0.855414  5.103260E-15
0.855646  5.190290E-15
0.855878  5.015770E-15
0.856111  5.057410E-15
0.856343  5.091810E-15
0.856575  4.966980E-15
0.856807  5.056340E-15
0.857039  4.861230E-15
0.857271  5.114670E-15
0.857503  4.958950E-15
0.857735  5.087000E-15
0.857967  4.820410E-15
0.858199  4.936320E-15
0.858431  4.908880E-15
0.858663  4.901810E-15
0.858895  4.764380E-15
0.859127  4.754640E-15
0.859359  4.762200E-15
0.859591  4.640010E-15
0.859823  4.448500E-15
0.860055  4.762800E-15
0.860287  4.387900E-15
0.860519  4.471130E-15
0.860751  4.391650E-15
0.860983  4.525670E-15
0.861215  4.380930E-15
0.861447  4.392480E-15
0.861679  4.209490E-15
0.861911  4.400130E-15
0.862143  4.260600E-15
0.862375  4.112960E-15
0.862607  4.084120E-15
0.862839  4.229710E-15
0.863071  4.354410E-15
0.863303  4.310460E-15
0.863534  4.440090E-15
0.863766  4.180410E-15
0.863998  4.388250E-15
0.86423  4.304300E-15
0.864462  4.284900E-15
0.864694  4.409080E-15
0.864926  4.406780E-15
0.865158  4.348160E-15
0.865389  4.405690E-15
0.865621  4.133750E-15
0.865853  4.266150E-15
0.866085  4.321420E-15
0.866317  4.097710E-15
0.866549  3.799680E-15
0.866781  3.985580E-15
0.867012  3.947750E-15
0.867244  3.946500E-15
0.867476  4.133870E-15
0.867708  3.957350E-15
0.86794  4.030150E-15
0.868171  3.955710E-15
0.868403  4.042460E-15
0.868635  3.986570E-15
0.868867  4.093480E-15
0.869098  4.262390E-15
0.86933  4.159460E-15
0.869562  4.227880E-15
0.869794  4.378770E-15
0.870026  4.086250E-15
0.870257  4.094490E-15
0.870489  4.059630E-15
0.870721  4.069290E-15
0.870952  4.028460E-15
0.871184  4.114850E-15
0.871416  4.017540E-15
0.871648  4.060590E-15
0.871879  3.948230E-15
0.872111  3.915830E-15
0.872343  3.871540E-15
0.872574  3.978250E-15
0.872806  3.887850E-15
0.873038  3.921340E-15
0.873269  3.904560E-15
0.873501  3.985630E-15
0.873733  4.058290E-15
0.873964  3.958830E-15
0.874196  3.900570E-15
0.874428  4.054700E-15
0.874659  4.019210E-15
0.874891  3.944140E-15
0.875123  3.915480E-15
0.875354  3.908520E-15
0.875586  4.057890E-15
0.875818  3.909740E-15
0.876049  3.955980E-15
0.876281  4.103790E-15
0.876512  4.131030E-15
0.876744  4.293980E-15
0.876976  4.207180E-15
0.877207  3.909360E-15
0.877439  4.095340E-15
0.87767  4.113360E-15
0.877902  4.200970E-15
0.878134  3.847910E-15
0.878365  4.005190E-15
0.878597  4.034180E-15
0.878828  3.870570E-15
0.87906  3.661340E-15
0.879291  3.868620E-15
0.879523  3.759030E-15
0.879754  3.873950E-15
0.879986  3.794540E-15
0.880217  3.772760E-15
0.880449  3.697890E-15
0.880681  3.508970E-15
0.880912  3.690980E-15
0.881144  3.635550E-15
0.881375  3.756080E-15
0.881607  3.852810E-15
0.881838  3.486120E-15
0.88207  3.661950E-15
0.882301  3.643500E-15
0.882532  3.491310E-15
0.882764  3.626220E-15
0.882995  3.584220E-15
0.883227  3.565470E-15
0.883458  3.577400E-15
0.88369  3.703640E-15
0.883921  3.597450E-15
0.884153  3.563540E-15
0.884384  3.653120E-15
0.884616  3.511170E-15
0.884847  3.499220E-15
0.885078  3.722200E-15
0.88531  3.575140E-15
0.885541  3.638980E-15
0.885773  3.550350E-15
0.886004  3.693140E-15
0.886235  3.555880E-15
0.886467  3.756690E-15
0.886698  3.739490E-15
0.88693  3.716100E-15
0.887161  3.690070E-15
0.887392  3.823170E-15
0.887624  3.676980E-15
0.887855  3.658440E-15
0.888087  3.624920E-15
0.888318  3.563020E-15
0.888549  3.681740E-15
0.888781  3.503140E-15
0.889012  3.752930E-15
0.889243  3.584870E-15
0.889475  3.569460E-15
0.889706  3.793490E-15
0.889937  3.760420E-15
0.890169  3.734780E-15
0.8904  3.601230E-15
0.890631  3.640240E-15
0.890863  3.456800E-15
0.891094  3.422590E-15
0.891325  3.504440E-15
0.891557  3.451760E-15
0.891788  3.562510E-15
0.892019  3.379430E-15
0.89225  3.503990E-15
0.892482  3.591980E-15
0.892713  3.565850E-15
0.892944  3.488850E-15
0.893176  3.499060E-15
0.893407  3.356260E-15
0.893638  3.418080E-15
0.893869  3.522480E-15
0.894101  3.568560E-15
0.894332  3.596500E-15
0.894563  3.759670E-15
0.894794  3.643030E-15
0.895026  3.618660E-15
0.895257  3.511200E-15
0.895488  3.375650E-15
0.895719  3.633210E-15
0.89595  3.480340E-15
0.896182  3.522140E-15
0.896413  3.442350E-15
0.896644  3.672510E-15
0.896875  3.596240E-15
0.897107  3.722590E-15
0.897338  3.382410E-15
0.897569  3.695000E-15
0.8978  3.775620E-15
0.898031  3.500370E-15
0.898263  3.662450E-15
0.898494  3.545130E-15
0.898725  3.705550E-15
0.898956  3.440490E-15
0.899187  3.439300E-15
0.899418  3.530020E-15
0.89965  3.356420E-15
0.899881  3.495910E-15
0.900112  3.454430E-15
0.900343  3.323420E-15
0.900574  3.327800E-15
0.900805  3.468460E-15
0.901036  3.432720E-15
0.901268  3.300980E-15
0.901499  3.132950E-15
0.90173  3.438260E-15
0.901961  3.484260E-15
0.902192  3.560780E-15
0.902423  3.315580E-15
0.902654  3.537900E-15
0.902885  3.423130E-15
0.903116  3.606220E-15
0.903348  3.495480E-15
0.903579  3.689800E-15
0.90381  3.527480E-15
0.904041  3.716640E-15
0.904272  3.610340E-15
0.904503  3.578760E-15
0.904734  3.594980E-15
0.904965  3.723260E-15
0.905196  3.514520E-15
0.905427  3.607470E-15
0.905658  3.875700E-15
0.905889  3.636140E-15
0.90612  3.572230E-15
0.906352  3.539560E-15
0.906583  3.524900E-15
0.906814  3.659390E-15
0.907045  3.234410E-15
0.907276  3.426540E-15
0.907507  3.495190E-15
0.907738  3.330170E-15
0.907969  3.478880E-15
0.9082  3.592720E-15
0.908431  3.552310E-15
0.908662  3.508310E-15
0.908893  3.410130E-15
0.909124  3.589340E-15
0.909355  3.536140E-15
0.909586  3.625190E-15
0.909817  3.458840E-15
0.910048  3.479510E-15
0.910279  3.661740E-15
0.91051  3.468150E-15
0.910741  3.703230E-15
0.910972  3.420480E-15
0.911203  3.810860E-15
0.911434  3.758630E-15
0.911665  3.626040E-15
0.911896  3.569220E-15
0.912127  3.853410E-15
0.912358  3.663100E-15
0.912589  3.752800E-15
0.91282  3.807780E-15
0.913051  3.912900E-15
0.913281  3.823200E-15
0.913512  3.628670E-15
0.913743  4.012280E-15
0.913974  4.258610E-15
0.914205  4.302510E-15
0.914436  4.585310E-15
0.914667  4.478050E-15
0.914898  4.316050E-15
0.915129  4.057780E-15
0.91536  3.786000E-15
0.915591  3.695740E-15
0.915822  3.652030E-15
0.916053  3.717700E-15
0.916284  3.422950E-15
0.916514  3.589160E-15
0.916745  3.465370E-15
0.916976  3.557010E-15
0.917207  3.466230E-15
0.917438  3.667330E-15
0.917669  3.345410E-15
0.9179  3.399480E-15
0.918131  3.532870E-15
0.918362  3.679130E-15
0.918593  3.667770E-15
0.918823  3.583540E-15
0.919054  3.492290E-15
0.919285  3.550150E-15
0.919516  3.683830E-15
0.919747  3.805000E-15
0.919978  3.502710E-15
0.920209  3.702510E-15
0.920439  3.758760E-15
0.92067  3.815520E-15
0.920901  3.788620E-15
0.921132  3.758130E-15
0.921363  4.015120E-15
0.921594  3.797930E-15
0.921825  3.720040E-15
0.922055  3.863340E-15
0.922286  3.638240E-15
0.922517  3.666220E-15
0.922748  3.938500E-15
0.922979  3.838040E-15
0.92321  4.053100E-15
0.92344  3.985190E-15
0.923671  3.860710E-15
0.923902  4.016320E-15
0.924133  3.935530E-15
0.924364  3.960390E-15
0.924594  4.189820E-15
0.924825  4.209430E-15
0.925056  4.053830E-15
0.925287  4.079150E-15
0.925518  4.139490E-15
0.925748  4.028460E-15
0.925979  4.354880E-15
0.92621  4.170450E-15
0.926441  4.381380E-15
0.926672  4.409210E-15
0.926902  4.374680E-15
0.927133  4.029960E-15
0.927364  3.838050E-15
0.927595  4.136890E-15
0.927826  4.100260E-15
0.928056  3.791750E-15
0.928287  3.886710E-15
0.928518  4.097750E-15
0.928749  3.819470E-15
0.928979  3.882240E-15
0.92921  4.041790E-15
0.929441  4.042540E-15
0.929672  3.947610E-15
0.929902  3.987210E-15
0.930133  4.107740E-15
0.930364  4.181270E-15
0.930595  3.820090E-15
0.930825  4.153140E-15
0.931056  4.051590E-15
0.931287  4.100230E-15
0.931518  4.283250E-15
0.931748  3.832980E-15
0.931979  4.065530E-15
0.93221  3.995610E-15
0.93244  3.984210E-15
0.932671  3.944030E-15
0.932902  4.036510E-15
0.933133  3.773640E-15
0.933363  3.905270E-15
0.933594  4.141460E-15
0.933825  4.036020E-15
0.934056  3.859310E-15
0.934286  3.885570E-15
0.934517  3.807190E-15
0.934748  3.951760E-15
0.934978  4.025780E-15
0.935209  3.900540E-15
0.93544  3.668980E-15
0.93567  3.694710E-15
0.935901  3.669210E-15
0.936132  3.680160E-15
0.936363  3.804280E-15
0.936593  3.625780E-15
0.936824  3.773470E-15
0.937055  3.588000E-15
0.937285  3.778060E-15
0.937516  3.252730E-15
0.937747  3.611490E-15
0.937977  3.255190E-15
0.938208  3.242260E-15
0.938439  3.626940E-15
0.938669  3.389750E-15
0.9389  3.447090E-15
0.939131  3.417680E-15
0.939158  3.477440E-15
0.939429  3.315380E-15
0.9397  3.233200E-15
0.939972  3.328400E-15
0.940243  3.356570E-15
0.940514  3.355840E-15
0.940786  3.261150E-15
0.941057  3.271810E-15
0.941328  3.204930E-15
0.9416  3.191040E-15
0.941871  3.175090E-15
0.942142  3.164680E-15
0.942414  3.168290E-15
0.942685  3.032050E-15
0.942956  3.100680E-15
0.943228  3.121880E-15
0.943499  3.051270E-15
0.94377  2.989070E-15
0.944041  3.006660E-15
0.944313  3.094140E-15
0.944584  3.136940E-15
0.944855  3.291300E-15
0.945126  2.945730E-15
0.945398  3.191520E-15
0.945669  3.236700E-15
0.94594  3.072360E-15
0.946211  3.225750E-15
0.946483  3.032400E-15
0.946754  3.208200E-15
0.947025  3.215630E-15
0.947296  3.225950E-15
0.947567  3.259850E-15
0.947839  3.186560E-15
0.94811  3.184450E-15
0.948381  3.170450E-15
0.948652  3.245190E-15
0.948923  3.275060E-15
0.949194  3.003970E-15
0.949466  3.037790E-15
0.949737  3.103030E-15
0.950008  3.273120E-15
0.950279  3.284160E-15
0.95055  3.269740E-15
0.950821  3.221950E-15
0.951092  3.145050E-15
0.951363  2.986010E-15
0.951634  3.302630E-15
0.951906  3.189010E-15
0.952177  3.143470E-15
0.952448  3.456920E-15
0.952719  3.182480E-15
0.95299  3.309790E-15
0.953261  3.311790E-15
0.953532  3.367630E-15
0.953803  3.272030E-15
0.954074  3.153440E-15
0.954345  3.426090E-15
0.954616  3.315540E-15
0.954887  3.211460E-15
0.955158  3.282380E-15
0.955429  3.398030E-15
0.9557  3.242430E-15
0.955971  3.345490E-15
0.956242  3.365140E-15
0.956513  3.446170E-15
0.956784  3.439030E-15
0.957055  3.407990E-15
0.957326  3.707100E-15
0.957597  3.588490E-15
0.957868  3.603370E-15
0.958139  3.603760E-15
0.95841  3.669990E-15
0.958681  3.652610E-15
0.958952  3.736220E-15
0.959223  3.621240E-15
0.959494  3.651410E-15
0.959764  3.711240E-15
0.960035  3.846270E-15
0.960306  4.280820E-15
0.960577  5.025010E-15
0.960848  5.475150E-15
0.961119  5.721950E-15
0.96139  5.519750E-15
0.961661  5.070770E-15
0.961932  4.441600E-15
0.962202  3.986210E-15
0.962473  3.849720E-15
0.962744  3.893170E-15
0.963015  3.695510E-15
0.963286  3.715450E-15
0.963557  3.800040E-15
0.963827  3.668480E-15
0.964098  3.865910E-15
0.964369  3.787440E-15
0.96464  3.865740E-15
0.964911  3.786510E-15
0.965181  3.742930E-15
0.965452  3.725330E-15
0.965723  3.768350E-15
0.965994  3.699890E-15
0.966265  3.743500E-15
0.966535  3.704160E-15
0.966806  3.712380E-15
0.967077  3.588460E-15
0.967348  3.543690E-15
0.967618  3.619270E-15
0.967889  3.593800E-15
0.96816  3.532210E-15
0.96843  3.540280E-15
0.968701  3.462700E-15
0.968972  3.480580E-15
0.969243  3.448090E-15
0.969513  3.430290E-15
0.969784  3.359140E-15
0.970055  3.329290E-15
0.970325  3.429070E-15
0.970596  3.412720E-15
0.970867  3.206930E-15
0.971137  3.254590E-15
0.971408  3.229740E-15
0.971679  3.192670E-15
0.971949  3.140340E-15
0.97222  3.130930E-15
0.972491  3.034350E-15
0.972761  3.186090E-15
0.973032  3.128370E-15
0.973302  3.114410E-15
0.973573  2.906140E-15
0.973844  2.905850E-15
0.974114  3.027870E-15
0.974385  3.064010E-15
0.974656  2.978680E-15
0.974926  3.093420E-15
0.975197  2.920100E-15
0.975467  3.090500E-15
0.975738  3.075410E-15
0.976008  3.042350E-15
0.976279  2.997680E-15
0.97655  2.971840E-15
0.97682  2.964340E-15
0.977091  3.058950E-15
0.977361  2.921990E-15
0.977632  3.038100E-15
0.977902  3.013440E-15
0.978173  2.996950E-15
0.978443  2.880160E-15
0.978714  2.838870E-15
0.978984  2.931640E-15
0.979255  2.945960E-15
0.979525  3.011240E-15
0.979796  2.856690E-15
0.980066  2.966720E-15
0.980337  2.846800E-15
0.980607  2.947340E-15
0.980878  2.934600E-15
0.981148  2.990540E-15
0.981419  2.975560E-15
0.981689  2.908740E-15
0.981959  2.996170E-15
0.98223  3.103230E-15
0.9825  2.943850E-15
0.982771  2.887700E-15
0.983041  3.036780E-15
0.983312  3.041270E-15
0.983582  2.982730E-15
0.983852  3.046590E-15
0.984123  2.890040E-15
0.984393  2.893190E-15
0.984664  2.932780E-15
0.984934  2.980600E-15
0.985204  2.907220E-15
0.985475  2.982370E-15
0.985745  2.968270E-15
0.986015  3.002180E-15
0.986286  2.921600E-15
0.986556  2.947020E-15
0.986826  3.130810E-15
0.987097  2.970730E-15
0.987367  2.990540E-15
0.987638  2.864950E-15
0.987908  2.862930E-15
0.988178  3.096420E-15
0.988448  3.020270E-15
0.988719  2.968620E-15
0.988989  2.963680E-15
0.989259  2.924900E-15
0.98953  2.952000E-15
0.9898  3.060790E-15
0.99007  3.094170E-15
0.990341  3.002980E-15
0.990611  3.006540E-15
0.990881  2.942920E-15
0.991151  2.979620E-15
0.991422  3.029590E-15
0.991692  3.057310E-15
0.991962  3.078380E-15
0.992232  3.107450E-15
0.992503  3.037320E-15
0.992773  3.131260E-15
0.993043  3.187060E-15
0.993313  3.126790E-15
0.993584  3.217550E-15
0.993854  3.073200E-15
0.994124  3.118040E-15
0.994394  3.205880E-15
0.994664  3.136100E-15
0.994934  3.053260E-15
0.995205  3.042920E-15
0.995475  3.095530E-15
0.995745  3.150440E-15
0.996015  3.062670E-15
0.996285  3.161130E-15
0.996556  3.213060E-15
0.996826  3.222560E-15
0.997096  3.256410E-15
0.997366  3.279290E-15
0.997636  3.299800E-15
0.997906  3.319670E-15
0.998176  3.379770E-15
0.998447  3.373270E-15
0.998717  3.478680E-15
0.998987  3.549980E-15
0.999257  3.493850E-15
0.999527  3.577410E-15
0.999797  3.496380E-15
1.00007  3.501750E-15
1.00034  3.535750E-15
1.00061  3.422430E-15
1.00088  3.365420E-15
1.00115  3.348210E-15
1.00142  3.428530E-15
1.00169  3.428860E-15
1.00196  3.466340E-15
1.00223  3.473650E-15
1.0025  3.374920E-15
1.00277  3.429630E-15
1.00304  3.493490E-15
1.00331  3.663200E-15
1.00358  3.548520E-15
1.00385  3.580770E-15
1.00412  3.552270E-15
1.00439  3.633940E-15
1.00466  3.640320E-15
1.00493  3.669230E-15
1.0052  3.708810E-15
1.00547  3.788620E-15
1.00574  3.780290E-15
1.00601  3.699140E-15
1.00628  3.824330E-15
1.00655  3.821100E-15
1.00682  3.831770E-15
1.00709  3.907400E-15
1.00736  3.934710E-15
1.00763  4.008690E-15
1.0079  4.038880E-15
1.00817  4.179010E-15
1.00844  4.087110E-15
1.00871  4.188500E-15
1.00898  4.178520E-15
1.00925  4.308560E-15
1.00952  4.150510E-15
1.00979  4.181800E-15
1.01006  4.190380E-15
1.01033  4.077190E-15
1.0106  4.074930E-15
1.01087  4.226370E-15
1.01114  4.092440E-15
1.01141  4.182580E-15
1.01168  4.090110E-15
1.01195  4.154400E-15
1.01222  4.045430E-15
1.01249  4.178720E-15
1.01276  4.243730E-15
1.01303  4.136110E-15
1.0133  4.187590E-15
1.01357  4.259130E-15
1.01384  4.167370E-15
1.01411  4.114250E-15
1.01438  4.148870E-15
1.01465  4.174440E-15
1.01492  4.230500E-15
1.01519  4.090150E-15
1.01546  4.076780E-15
1.01572  4.089320E-15
1.01599  4.254370E-15
1.01626  4.094550E-15
1.01653  4.133160E-15
1.0168  4.045460E-15
1.01707  4.123050E-15
1.01734  4.060040E-15
1.01761  4.107330E-15
1.01788  4.140890E-15
1.01815  4.097000E-15
1.01842  4.025240E-15
1.01869  4.019520E-15
1.01896  4.055350E-15
1.01923  3.939050E-15
1.0195  4.003260E-15
1.01977  3.981570E-15
1.02004  3.871840E-15
1.02031  3.873810E-15
1.02058  3.891010E-15
1.02085  3.888640E-15
1.02112  3.843440E-15
1.02139  3.910320E-15
1.02166  3.770400E-15
1.02193  3.613090E-15
1.0222  3.541170E-15
1.02247  3.425450E-15
1.02274  3.538640E-15
1.02301  3.446990E-15
1.02328  3.437390E-15
1.02355  3.384760E-15
1.02382  3.254320E-15
1.02409  3.414020E-15
1.02436  3.301400E-15
1.02463  3.351670E-15
1.0249  3.275360E-15
1.02517  3.250910E-15
1.02544  3.350520E-15
1.02571  3.330310E-15
1.02597  3.373230E-15
1.02624  3.208090E-15
1.02651  3.233080E-15
1.02678  3.307600E-15
1.02705  3.347050E-15
1.02732  3.194260E-15
1.02759  3.290730E-15
1.02786  3.129620E-15
1.02813  3.261580E-15
1.0284  3.111310E-15
1.02867  3.228700E-15
1.02894  3.174990E-15
1.02921  3.033030E-15
1.02948  3.046750E-15
1.02975  3.157780E-15
1.03002  3.126780E-15
1.03029  3.115020E-15
1.03056  3.120920E-15
1.03083  3.172610E-15
1.0311  3.211480E-15
1.03137  3.062950E-15
1.03164  3.212480E-15
1.03191  3.112370E-15
1.03218  3.139160E-15
1.03245  3.087900E-15
1.03272  3.132430E-15
1.03298  3.171130E-15
1.03325  3.149470E-15
1.03352  3.186280E-15
1.03379  3.169410E-15
1.03406  3.064860E-15
1.03433  2.990450E-15
1.0346  3.095030E-15
1.03487  3.146240E-15
1.03514  3.020000E-15
1.03541  3.126430E-15
1.03568  3.157350E-15
1.03595  3.049860E-15
1.03622  3.124750E-15
1.03649  3.075530E-15
1.03676  3.189140E-15
1.03703  3.163330E-15
1.0373  3.160790E-15
1.03757  3.042970E-15
1.03784  3.117230E-15
1.03811  3.083830E-15
1.03838  3.091900E-15
1.03864  3.183530E-15
1.03891  3.047240E-15
1.03918  2.990180E-15
1.03945  3.034930E-15
1.03972  3.187120E-15
1.03999  3.130530E-15
1.04026  3.155410E-15
1.04053  3.223590E-15
1.0408  3.191020E-15
1.04107  3.221970E-15
1.04134  3.086550E-15
1.04161  3.109620E-15
1.04188  3.149100E-15
1.04215  3.179710E-15
1.04242  3.209130E-15
1.04269  3.082020E-15
1.04296  3.114560E-15
1.04322  3.082560E-15
1.04349  3.115120E-15
1.04376  3.081290E-15
1.04403  3.087510E-15
1.0443  3.137590E-15
1.04457  3.049800E-15
1.04484  3.019210E-15
1.04511  3.031230E-15
1.04538  3.147030E-15
1.04565  3.117190E-15
1.04592  3.127470E-15
1.04619  3.163590E-15
1.04646  3.088210E-15
1.04673  3.027760E-15
1.047  2.946350E-15
1.04727  3.017120E-15
1.04754  3.059100E-15
1.0478  3.115360E-15
1.04807  3.122830E-15
1.04834  3.095210E-15
1.04861  3.213700E-15
1.04888  3.217140E-15
1.04915  3.225040E-15
1.04942  3.129090E-15
1.04969  3.183780E-15
1.04996  3.124530E-15
1.05023  3.160210E-15
1.0505  3.241010E-15
1.05077  3.077090E-15
1.05104  3.217360E-15
1.05131  3.145410E-15
1.05157  3.196050E-15
1.05184  3.124590E-15
1.05211  3.071930E-15
1.05238  3.236490E-15
1.05265  3.256370E-15
1.05292  3.240200E-15
1.05319  3.154130E-15
1.05346  3.159270E-15
1.05373  3.195470E-15
1.054  3.341490E-15
1.05427  3.225610E-15
1.05454  3.266400E-15
1.05481  3.290130E-15
1.05508  3.281220E-15
1.05534  3.191980E-15
1.05561  3.300350E-15
1.05588  3.198210E-15
1.05615  3.184500E-15
1.05642  3.207660E-15
1.05669  3.208400E-15
1.05696  3.257650E-15
1.05723  3.218950E-15
1.0575  3.207560E-15
1.05777  3.190140E-15
1.05804  3.139760E-15
1.05831  3.150750E-15
1.05858  3.078680E-15
1.05884  3.268900E-15
1.05911  3.314530E-15
1.05938  3.150360E-15
1.05965  3.214240E-15
1.05992  3.183560E-15
1.06019  3.281890E-15
1.06046  3.293950E-15
1.06073  3.236890E-15
1.061  3.231010E-15
1.06127  3.278100E-15
1.06154  3.184520E-15
1.06181  3.248600E-15
1.06207  3.233010E-15
1.06234  3.267460E-15
1.06261  3.321180E-15
1.06288  3.197870E-15
1.06315  3.213200E-15
1.06342  3.302870E-15
1.06369  3.220790E-15
1.06396  3.318000E-15
1.06423  3.239420E-15
1.0645  3.214720E-15
1.06477  3.204700E-15
1.06504  3.176430E-15
1.0653  3.210420E-15
1.06557  3.164770E-15
1.06584  3.231450E-15
1.06611  3.043880E-15
1.06638  3.267420E-15
1.06665  3.151800E-15
1.06692  3.174240E-15
1.06719  3.180850E-15
1.06746  3.116320E-15
1.06773  3.129560E-15
1.068  3.194190E-15
1.06826  3.100170E-15
1.06853  3.223320E-15
1.0688  3.169740E-15
1.06907  3.062090E-15
1.06934  3.095050E-15
1.06961  2.972380E-15
1.06988  3.115160E-15
1.07015  3.258240E-15
1.07042  3.199670E-15
1.07069  3.088660E-15
1.07096  3.162240E-15
1.07122  3.202650E-15
1.07149  3.208310E-15
1.07176  3.177360E-15
1.07203  3.268710E-15
1.0723  3.165790E-15
1.07257  3.258290E-15
1.07284  3.381750E-15
1.07311  3.362600E-15
1.07338  3.300360E-15
1.07365  3.324940E-15
1.07392  3.202640E-15
1.07418  3.182620E-15
1.07445  3.244730E-15
1.07472  3.303720E-15
1.07499  3.260150E-15
1.07526  3.281620E-15
1.07553  3.256920E-15
1.0758  3.288430E-15
1.07607  3.364480E-15
1.07634  3.349200E-15
1.07661  3.297980E-15
1.07687  3.379730E-15
1.07714  3.395380E-15
1.07741  3.399720E-15
1.07768  3.497590E-15
1.07795  3.484480E-15
1.07822  3.384840E-15
1.07849  3.513100E-15
1.07876  3.544740E-15
1.07903  3.477650E-15
1.0793  3.502730E-15
1.07956  3.490730E-15
1.07983  3.564280E-15
1.0801  3.535690E-15
1.08037  3.711600E-15
1.08064  3.688720E-15
1.08091  3.822080E-15
1.08118  3.705920E-15
1.08145  3.923210E-15
1.08172  3.829700E-15
1.08198  3.907000E-15
1.08225  3.951300E-15
1.08252  3.976230E-15
1.08279  4.115640E-15
1.08306  4.218990E-15
1.08333  4.254280E-15
1.0836  4.143860E-15
1.08387  4.275790E-15
1.08414  4.395020E-15
1.08441  4.469350E-15
1.08467  4.550210E-15
1.08494  4.715480E-15
1.08521  4.736170E-15
1.08548  4.882140E-15
1.08575  5.101740E-15
1.08602  5.173350E-15
1.08629  5.346880E-15
1.08656  5.405560E-15
1.08683  5.452740E-15
1.08709  5.534660E-15
1.08736  5.657190E-15
1.08763  5.749600E-15
1.0879  5.904680E-15
1.08817  6.086950E-15
1.08844  6.113320E-15
1.08871  6.169130E-15
1.08898  6.418650E-15
1.08925  6.457270E-15
1.08951  6.604850E-15
1.08978  6.547400E-15
1.09005  6.811990E-15
1.09032  7.031580E-15
1.09059  7.362080E-15
1.09086  7.708500E-15
1.09113  8.245090E-15
1.0914  8.857540E-15
1.09167  9.469290E-15
1.09193  9.980610E-15
1.0922  1.023830E-14
1.09247  9.775370E-15
1.09274  9.448470E-15
1.09301  8.542130E-15
1.09328  8.242270E-15
1.09355  7.742350E-15
1.09382  7.598100E-15
1.09408  7.432440E-15
1.09435  7.363080E-15
1.09462  7.248890E-15
1.09489  7.281280E-15
1.09516  7.370000E-15
1.09543  7.100020E-15
1.0957  6.988630E-15
1.09597  6.824920E-15
1.09624  6.572180E-15
1.0965  6.368340E-15
1.09677  6.314060E-15
1.09704  6.325890E-15
1.09731  5.921950E-15
1.09758  5.982110E-15
1.09785  5.972420E-15
1.09812  5.741090E-15
1.09839  5.774510E-15
1.09865  5.736240E-15
1.09892  5.471800E-15
1.09919  5.566970E-15
1.09946  5.359170E-15
1.09973  5.244200E-15
1.1  5.256250E-15
1.10027  5.134570E-15
1.10054  4.993590E-15
1.10081  5.087010E-15
1.10107  4.973330E-15
1.10134  4.953790E-15
1.10161  4.895850E-15
1.10188  4.888090E-15
1.10215  4.754770E-15
1.10242  4.789890E-15
1.10269  4.781460E-15
1.10296  4.837430E-15
1.10322  4.810660E-15
1.10349  4.760920E-15
1.10376  4.695020E-15
1.10403  4.574480E-15
1.1043  4.628390E-15
1.10457  4.568380E-15
1.10484  4.490230E-15
1.10511  4.561980E-15
1.10537  4.488690E-15
1.10564  4.515450E-15
1.10591  4.441050E-15
1.10618  4.374660E-15
1.10645  4.401260E-15
1.10672  4.392840E-15
1.10699  4.260250E-15
1.10726  4.273400E-15
1.10752  4.283160E-15
1.10779  4.160660E-15
1.10806  4.157800E-15
1.10833  4.156570E-15
1.1086  4.044690E-15
1.10887  4.141130E-15
1.10914  3.806960E-15
1.10941  3.856060E-15
1.10967  3.824340E-15
1.10994  3.654680E-15
1.11021  3.614260E-15
1.11048  3.821520E-15
1.11075  3.624460E-15
1.11102  3.530540E-15
1.11129  3.540420E-15
1.11155  3.492850E-15
1.11182  3.359290E-15
1.11209  3.351260E-15
1.11236  3.370410E-15
1.11263  3.392630E-15
1.1129  3.291740E-15
1.11317  3.283990E-15
1.11344  3.274980E-15
1.1137  3.185970E-15
1.11397  3.258440E-15
1.11424  3.323540E-15
1.11451  3.316530E-15
1.11478  3.229460E-15
1.11505  3.012920E-15
1.11532  3.196560E-15
1.11559  3.189910E-15
1.11585  3.277870E-15
1.11612  3.080670E-15
1.11639  3.204170E-15
1.11666  3.163150E-15
1.11693  3.023530E-15
1.1172  3.147760E-15
1.11747  3.322170E-15
1.11773  3.315840E-15
1.118  3.062010E-15
1.11827  3.029660E-15
1.11854  3.014770E-15
1.11881  3.043880E-15
1.11908  3.094910E-15
1.11935  3.280540E-15
1.11962  3.240090E-15
1.11988  3.165880E-15
1.12015  3.075580E-15
1.12042  3.094270E-15
1.12069  3.156110E-15
1.12096  3.175160E-15
1.12123  3.131210E-15
1.1215  3.121750E-15
1.12176  2.945120E-15
1.12203  3.285280E-15
1.1223  3.207530E-15
1.12257  3.213120E-15
1.12284  3.141930E-15
1.12311  3.221380E-15
1.12338  3.253770E-15
1.12364  3.152240E-15
1.12391  3.252550E-15
1.12418  3.050880E-15
1.12445  3.095970E-15
1.12472  3.194600E-15
1.12499  2.954650E-15
1.12526  3.027800E-15
1.12553  3.258460E-15
1.12579  3.256790E-15
1.12606  3.307960E-15
1.12633  3.095820E-15
1.1266  3.137730E-15
1.12687  3.145020E-15
1.12714  3.114200E-15
1.12741  3.123440E-15
1.12767  2.998820E-15
1.12774  3.128490E-15
1.12807  3.174160E-15
1.12839  3.206010E-15
1.12872  3.161180E-15
1.12904  3.130050E-15
1.12937  3.062800E-15
1.12969  3.164280E-15
1.13002  3.246380E-15
1.13034  3.313220E-15
1.13067  3.321300E-15
1.13099  3.244370E-15
1.13132  3.305020E-15
1.13165  3.342360E-15
1.13197  3.306540E-15
1.1323  3.370700E-15
1.13262  3.472570E-15
1.13295  3.381730E-15
1.13327  3.464840E-15
1.1336  3.492720E-15
1.13392  3.446610E-15
1.13425  3.351940E-15
1.13457  3.267870E-15
1.1349  3.434150E-15
1.13522  3.567620E-15
1.13555  3.536340E-15
1.13587  3.450510E-15
1.1362  3.448930E-15
1.13652  3.529590E-15
1.13685  3.451210E-15
1.13718  3.453900E-15
1.1375  3.473690E-15
1.13783  3.537530E-15
1.13815  3.536080E-15
1.13848  3.556900E-15
1.1388  3.571450E-15
1.13913  3.585490E-15
1.13945  3.629650E-15
1.13978  3.568990E-15
1.1401  3.682750E-15
1.14043  3.599940E-15
1.14075  3.563260E-15
1.14108  3.589430E-15
1.1414  3.593840E-15
1.14173  3.625800E-15
1.14205  3.624640E-15
1.14238  3.662710E-15
1.1427  3.634820E-15
1.14303  3.604910E-15
1.14335  3.450980E-15
1.14368  3.476710E-15
1.144  3.435610E-15
1.14433  3.492100E-15
1.14465  3.391690E-15
1.14498  3.325140E-15
1.1453  3.236700E-15
1.14563  3.338600E-15
1.14595  3.252590E-15
1.14628  3.278210E-15
1.1466  3.136270E-15
1.14693  3.130190E-15
1.14725  3.170290E-15
1.14758  3.199910E-15
1.1479  3.151190E-15
1.14823  3.107050E-15
1.14855  3.091680E-15
1.14888  3.070780E-15
1.1492  3.147360E-15
1.14953  2.984780E-15
1.14985  3.067200E-15
1.15018  3.117610E-15
1.1505  3.126440E-15
1.15083  3.119250E-15
1.15115  3.074060E-15
1.15148  3.105470E-15
1.1518  3.078080E-15
1.15213  3.092600E-15
1.15245  3.098940E-15
1.15278  3.143260E-15
1.1531  3.081590E-15
1.15343  3.093470E-15
1.15375  3.060100E-15
1.15407  3.089790E-15
1.1544  3.089950E-15
1.15472  3.123040E-15
1.15505  3.074440E-15
1.15537  3.123150E-15
1.1557  3.123130E-15
1.15602  3.168110E-15
1.15635  3.113620E-15
1.15667  3.048780E-15
1.157  3.123610E-15
1.15732  3.154770E-15
1.15765  3.103600E-15
1.15797  3.103710E-15
1.1583  2.953200E-15
1.15862  3.112170E-15
1.15895  3.051600E-15
1.15927  3.077050E-15
1.1596  3.102620E-15
1.15992  3.085110E-15
1.16024  3.099060E-15
1.16057  3.120300E-15
1.16089  3.119220E-15
1.16122  3.075140E-15
1.16154  3.103340E-15
1.16187  3.079270E-15
1.16219  3.074440E-15
1.16252  3.111440E-15
1.16284  3.052870E-15
1.16317  3.036030E-15
1.16349  3.072150E-15
1.16382  3.116210E-15
1.16414  3.033810E-15
1.16446  3.024960E-15
1.16479  3.055300E-15
1.16511  3.128230E-15
1.16544  3.107150E-15
1.16576  3.169230E-15
1.16609  3.144540E-15
1.16641  3.181140E-15
1.16674  3.160690E-15
1.16706  3.152880E-15
1.16739  3.140480E-15
1.16771  3.159050E-15
1.16803  3.163640E-15
1.16836  3.140060E-15
1.16868  3.120090E-15
1.16901  3.143100E-15
1.16933  3.151600E-15
1.16966  3.183320E-15
1.16998  3.043200E-15
1.17031  3.154690E-15
1.17063  3.138920E-15
1.17095  3.134680E-15
1.17128  3.178370E-15
1.1716  3.171840E-15
1.17193  3.206080E-15
1.17225  3.197340E-15
1.17258  3.159870E-15
1.1729  3.215500E-15
1.17323  3.169120E-15
1.17355  3.147080E-15
1.17387  3.212520E-15
1.1742  3.206550E-15
1.17452  3.178180E-15
1.17485  3.205430E-15
1.17517  3.172660E-15
1.1755  3.237630E-15
1.17582  3.198160E-15
1.17614  3.235630E-15
1.17647  3.173430E-15
1.17679  3.184820E-15
1.17712  3.160900E-15
1.17744  3.158600E-15
1.17777  3.214290E-15
1.17809  3.234500E-15
1.17841  3.154010E-15
1.17874  3.167250E-15
1.17906  3.159760E-15
1.17939  3.162630E-15
1.17971  3.194830E-15
1.18004  3.219460E-15
1.18036  3.210620E-15
1.18068  3.185820E-15
1.18101  3.148010E-15
1.18133  3.135940E-15
1.18166  3.164110E-15
1.18198  3.171840E-15
1.1823  3.187730E-15
1.18263  3.212560E-15
1.18295  3.192410E-15
1.18328  3.220820E-15
1.1836  3.208760E-15
1.18393  3.174070E-15
1.18425  3.064180E-15
1.18457  3.162060E-15
1.1849  3.140750E-15
1.18522  3.130900E-15
1.18555  3.241010E-15
1.18587  3.179960E-15
1.18619  3.151870E-15
1.18652  3.227440E-15
1.18684  3.162530E-15
1.18717  3.197210E-15
1.18749  3.174590E-15
1.18781  3.206650E-15
1.18814  3.127600E-15
1.18846  3.206940E-15
1.18879  3.185680E-15
1.18911  3.201000E-15
1.18943  3.155930E-15
1.18976  3.198020E-15
1.19008  3.156150E-15
1.19041  3.137360E-15
1.19073  3.158440E-15
1.19105  3.251050E-15
1.19138  3.197950E-15
1.1917  3.126820E-15
1.19203  3.110910E-15
1.19235  3.133480E-15
1.19267  3.118320E-15
1.193  3.143680E-15
1.19332  3.085480E-15
1.19365  3.163000E-15
1.19397  3.128560E-15
1.19429  3.191360E-15
1.19462  3.193890E-15
1.19494  3.199500E-15
1.19527  3.109830E-15
1.19559  3.225300E-15
1.19591  3.134300E-15
1.19624  3.264980E-15
1.19656  3.190080E-15
1.19689  3.178180E-15
1.19721  3.172110E-15
1.19753  3.172650E-15
1.19786  3.150250E-15
1.19818  3.187210E-15
1.1985  3.121900E-15
1.19883  3.217760E-15
1.19915  3.153560E-15
1.19948  3.221720E-15
1.1998  3.133640E-15
1.20012  3.152870E-15
1.20045  3.123530E-15
1.20077  3.186330E-15
1.2011  3.154590E-15
1.20142  3.199260E-15
1.20174  3.156240E-15
1.20207  3.184360E-15
1.20239  3.186570E-15
1.20271  3.225810E-15
1.20304  3.160560E-15
1.20336  3.169080E-15
1.20369  3.198800E-15
1.20401  3.234000E-15
1.20433  3.219520E-15
1.20466  3.182300E-15
1.20498  3.139470E-15
1.2053  3.115050E-15
1.20563  3.148890E-15
1.20595  3.152680E-15
1.20628  3.175650E-15
1.2066  3.184510E-15
1.20692  3.165670E-15
1.20725  3.168780E-15
1.20757  3.153170E-15
1.20789  3.203310E-15
1.20822  3.166550E-15
1.20854  3.234230E-15
1.20886  3.180700E-15
1.20919  3.148120E-15
1.20951  3.144420E-15
1.20984  3.239970E-15
1.21016  3.244860E-15
1.21048  3.283120E-15
1.21081  3.219920E-15
1.21113  3.151370E-15
1.21145  3.178230E-15
1.21178  3.202910E-15
1.2121  3.154310E-15
1.21242  3.287270E-15
1.21275  3.166440E-15
1.21307  3.245760E-15
1.2134  3.202500E-15
1.21372  3.252750E-15
1.21404  3.206030E-15
1.21437  3.221680E-15
1.21469  3.169320E-15
1.21501  3.298650E-15
1.21534  3.219480E-15
1.21566  3.224000E-15
1.21598  3.192550E-15
1.21631  3.228690E-15
1.21663  3.212190E-15
1.21695  3.260940E-15
1.21728  3.146170E-15
1.2176  3.194770E-15
1.21792  3.147570E-15
1.21825  3.212380E-15
1.21857  3.176760E-15
1.2189  3.189080E-15
1.21922  3.156370E-15
1.21954  3.203290E-15
1.21987  3.181070E-15
1.22019  3.212430E-15
1.22051  3.163230E-15
1.22084  3.174180E-15
1.22116  3.135930E-15
1.22148  3.274570E-15
1.22181  3.183520E-15
1.22213  3.162140E-15
1.22245  3.159920E-15
1.22278  3.213990E-15
1.2231  3.186990E-15
1.22342  3.224930E-15
1.22375  3.187780E-15
1.22407  3.201350E-15
1.22439  3.189340E-15
1.22472  3.266740E-15
1.22504  3.184450E-15
1.22536  3.254860E-15
1.22569  3.143670E-15
1.22601  3.232190E-15
1.22633  3.202590E-15
1.22666  3.212930E-15
1.22698  3.196600E-15
1.2273  3.253410E-15
1.22763  3.152130E-15
1.22795  3.205010E-15
1.22827  3.233680E-15
1.2286  3.221300E-15
1.22892  3.244720E-15
1.22924  3.215460E-15
1.22957  3.230220E-15
1.22989  3.244240E-15
1.23021  3.195170E-15
1.23054  3.246420E-15
1.23086  3.225200E-15
1.23118  3.239150E-15
1.23151  3.205210E-15
1.23183  3.247290E-15
1.23215  3.238250E-15
1.23248  3.250300E-15
1.2328  3.195610E-15
1.23312  3.231060E-15
1.23345  3.236600E-15
1.23377  3.242410E-15
1.23409  3.207410E-15
1.23442  3.193250E-15
1.23474  3.216430E-15
1.23506  3.261410E-15
1.23539  3.204540E-15
1.23571  3.204950E-15
1.23603  3.190340E-15
1.23635  3.242490E-15
1.23668  3.173670E-15
1.237  3.241010E-15
1.23732  3.194270E-15
1.23765  3.211450E-15
1.23797  3.125730E-15
1.23829  3.215650E-15
1.23862  3.185760E-15
1.23894  3.220660E-15
1.23926  3.177980E-15
1.23959  3.199240E-15
1.23991  3.145250E-15
1.24023  3.195740E-15
1.24056  3.195720E-15
1.24088  3.148000E-15
1.2412  3.187880E-15
1.24153  3.161520E-15
1.24185  3.177400E-15
1.24217  3.143360E-15
1.24249  3.174370E-15
1.24282  3.219880E-15
1.24314  3.152420E-15
1.24346  3.214740E-15
1.24379  3.205790E-15
1.24411  3.247290E-15
1.24443  3.167770E-15
1.24476  3.266930E-15
1.24508  3.170390E-15
1.2454  3.204560E-15
1.24572  3.149190E-15
1.24605  3.273850E-15
1.24637  3.169020E-15
1.24669  3.214790E-15
1.24702  3.303340E-15
1.24734  3.249330E-15
1.24766  3.184100E-15
1.24799  3.228080E-15
1.24831  3.217010E-15
1.24863  3.244230E-15
1.24896  3.194380E-15
1.24928  3.207930E-15
1.2496  3.204380E-15
1.24992  3.232300E-15
1.25025  3.209970E-15
1.25057  3.230500E-15
1.25089  3.220190E-15
1.25122  3.220620E-15
1.25154  3.193640E-15
1.25186  3.298550E-15
1.25218  3.206280E-15
1.25251  3.221390E-15
1.25283  3.162640E-15
1.25315  3.224980E-15
1.25348  3.174680E-15
1.2538  3.248380E-15
1.25412  3.244030E-15
1.25445  3.253210E-15
1.25477  3.161990E-15
1.25509  3.210390E-15
1.25541  3.218990E-15
1.25574  3.255470E-15
1.25606  3.217790E-15
1.25638  3.247530E-15
1.25671  3.322570E-15
1.25703  3.321690E-15
1.25735  3.275890E-15
1.25767  3.270880E-15
1.258  3.264880E-15
1.25832  3.229980E-15
1.25864  3.257650E-15
1.25897  3.311180E-15
1.25929  3.286970E-15
1.25961  3.331290E-15
1.25993  3.368130E-15
1.26026  3.361590E-15
1.26058  3.344500E-15
1.2609  3.366820E-15
1.26123  3.361890E-15
1.26155  3.466600E-15
1.26187  3.442890E-15
1.26219  3.473880E-15
1.26252  3.508990E-15
1.26284  3.446360E-15
1.26316  3.424120E-15
1.26349  3.428570E-15
1.26381  3.290930E-15
1.26413  3.329080E-15
1.26445  3.272250E-15
1.26478  3.248760E-15
1.2651  3.360430E-15
1.26542  3.279230E-15
1.26574  3.232510E-15
1.26607  3.284980E-15
1.26639  3.283320E-15
1.26671  3.335900E-15
1.26704  3.303770E-15
1.26736  3.397570E-15
1.26768  3.297100E-15
1.268  3.331930E-15
1.26833  3.232400E-15
1.26865  3.285250E-15
1.26897  3.210450E-15
1.26929  3.229050E-15
1.26962  3.292320E-15
1.26994  3.261890E-15
1.27026  3.197450E-15
1.27059  3.291290E-15
1.27091  3.189830E-15
1.27123  3.282540E-15
1.27155  3.231990E-15
1.27188  3.320550E-15
1.2722  3.265280E-15
1.27252  3.231470E-15
1.27284  3.263040E-15
1.27317  3.260440E-15
1.27349  3.292400E-15
1.27381  3.376390E-15
1.27414  3.237470E-15
1.27446  3.326510E-15
1.27478  3.324420E-15
1.2751  3.352800E-15
1.27543  3.232610E-15
1.27575  3.374610E-15
1.27607  3.338650E-15
1.27639  3.407230E-15
1.27672  3.374140E-15
1.27704  3.343440E-15
1.27736  3.346770E-15
1.27768  3.398610E-15
1.27801  3.425510E-15
1.27833  3.494100E-15
1.27865  3.386840E-15
1.27897  3.409770E-15
1.2793  3.409870E-15
1.27962  3.427820E-15
1.27994  3.442400E-15
1.28027  3.503040E-15
1.28059  3.405710E-15
1.28091  3.598050E-15
1.28123  3.517260E-15
1.28156  3.570540E-15
1.28188  3.561230E-15
1.2822  3.644320E-15
1.28252  3.609410E-15
1.28285  3.731910E-15
1.28317  3.700840E-15
1.28349  3.856720E-15
1.28381  3.826640E-15
1.28414  3.954740E-15
1.28446  3.935230E-15
1.28478  4.044070E-15
1.2851  4.140740E-15
1.28543  4.203390E-15
1.28575  4.291270E-15
1.28607  4.285370E-15
1.28639  4.374410E-15
1.28672  4.524280E-15
1.28704  4.475150E-15
1.28736  4.569380E-15
1.28768  4.554830E-15
1.28801  4.551160E-15
1.28833  4.464200E-15
1.28865  4.523360E-15
1.28897  4.475950E-15
1.2893  4.542170E-15
1.28962  4.490830E-15
1.28994  4.569150E-15
1.29026  4.553040E-15
1.29059  4.481450E-15
1.29091  4.478800E-15
1.29123  4.572620E-15
1.29155  4.568050E-15
1.29188  4.694950E-15
1.2922  4.690380E-15
1.29252  4.786160E-15
1.29284  4.677360E-15
1.29317  4.804360E-15
1.29349  4.646000E-15
1.29381  4.669840E-15
1.29413  4.672440E-15
1.29446  4.657550E-15
1.29478  4.603680E-15
1.2951  4.633380E-15
1.29542  4.663400E-15
1.29575  4.732000E-15
1.29607  4.583680E-15
1.29639  4.643470E-15
1.29671  4.540690E-15
1.29703  4.621960E-15
1.29736  4.584830E-15
1.29768  4.602690E-15
1.298  4.504870E-15
1.29832  4.590880E-15
1.29865  4.382740E-15
1.29897  4.391220E-15
1.29929  4.278890E-15
1.29961  4.257970E-15
1.29994  4.135580E-15
1.30026  4.067750E-15
1.30058  3.928620E-15
1.3009  3.885390E-15
1.30123  3.884330E-15
1.30155  3.754940E-15
1.30187  3.737870E-15
1.30219  3.775410E-15
1.30252  3.613990E-15
1.30284  3.659800E-15
1.30316  3.580620E-15
1.30348  3.588770E-15
1.3038  3.543700E-15
1.30413  3.561080E-15
1.30445  3.523150E-15
1.30477  3.473710E-15
1.30509  3.420510E-15
1.30542  3.470190E-15
1.30574  3.428230E-15
1.30606  3.463160E-15
1.30638  3.328820E-15
1.30671  3.390150E-15
1.30703  3.379150E-15
1.30735  3.417800E-15
1.30767  3.293470E-15
1.30799  3.335620E-15
1.30832  3.307010E-15
1.30864  3.244580E-15
1.30896  3.344730E-15
1.30928  3.346270E-15
1.30961  3.330200E-15
1.30993  3.345990E-15
1.31025  3.329480E-15
1.31057  3.283480E-15
1.3109  3.241500E-15
1.31122  3.302740E-15
1.31154  3.258910E-15
1.31186  3.248120E-15
1.31218  3.230530E-15
1.31251  3.297530E-15
1.31283  3.180720E-15
1.31315  3.282050E-15
1.31347  3.248870E-15
1.3138  3.334670E-15
1.31412  3.300920E-15
1.31444  3.267380E-15
1.31476  3.251980E-15
1.31508  3.248930E-15
1.31541  3.252880E-15
1.31573  3.295180E-15
1.31605  3.274360E-15
1.31637  3.219480E-15
1.3167  3.239770E-15
1.31702  3.288250E-15
1.31734  3.286760E-15
1.31766  3.264820E-15
1.31799  3.252710E-15
1.31831  3.293090E-15
1.31863  3.133600E-15
1.31895  3.241550E-15
1.31927  3.198440E-15
1.3196  3.275060E-15
1.31992  3.261920E-15
1.32024  3.213490E-15
1.32056  3.241880E-15
1.32088  3.287930E-15
1.32121  3.257670E-15
1.32153  3.215150E-15
1.32185  3.245250E-15
1.32217  3.238520E-15
1.3225  3.233040E-15
1.32282  3.334730E-15
1.32314  3.268510E-15
1.32346  3.315430E-15
1.32378  3.172650E-15
1.32411  3.266530E-15
1.32443  3.193500E-15
1.32475  3.233210E-15
1.32507  3.261110E-15
1.3254  3.241660E-15
1.32572  3.273980E-15
1.32604  3.237730E-15
1.32636  3.259270E-15
1.32668  3.243870E-15
1.32701  3.189400E-15
1.32733  3.268870E-15
1.32765  3.247560E-15
1.32797  3.207900E-15
1.32829  3.208380E-15
1.32862  3.211130E-15
1.32894  3.275770E-15
1.32926  3.195300E-15
1.32958  3.205120E-15
1.32991  3.247740E-15
1.33023  3.271260E-15
1.33055  3.196560E-15
1.33087  3.226720E-15
1.33119  3.284640E-15
1.33152  3.253030E-15
1.33184  3.306980E-15
1.33216  3.203600E-15
1.33248  3.278430E-15
1.3328  3.208600E-15
1.33313  3.218520E-15
1.33345  3.137080E-15
1.33377  3.280930E-15
1.33409  3.284350E-15
1.33442  3.292250E-15
1.33474  3.298960E-15
1.33506  3.282680E-15
1.33538  3.275530E-15
1.3357  3.222490E-15
1.33603  3.219570E-15
1.33635  3.276280E-15
1.33667  3.201290E-15
1.33699  3.247580E-15
1.33731  3.286220E-15
1.33764  3.187610E-15
1.33796  3.237330E-15
1.33828  3.175640E-15
1.3386  3.145720E-15
1.33892  3.157530E-15
1.33925  3.191720E-15
1.33957  3.242040E-15
1.33989  3.106580E-15
1.34021  3.130000E-15
1.34054  3.183670E-15
1.34086  3.298870E-15
1.34118  3.128860E-15
1.3415  3.230450E-15
1.34182  3.176240E-15
1.34215  3.209680E-15
1.34247  3.227030E-15
1.34279  3.185410E-15
1.34311  3.244430E-15
1.34343  3.211200E-15
1.34376  3.128510E-15
1.34408  3.115440E-15
1.3444  3.264210E-15
1.34472  3.319810E-15
1.34504  3.237600E-15
1.34537  3.219780E-15
1.34569  3.130370E-15
1.34601  3.290410E-15
1.34633  3.235690E-15
1.34665  3.184150E-15
1.34698  3.309700E-15
1.3473  3.138340E-15
1.34762  3.149960E-15
1.34794  3.211830E-15
1.41081  3.310900E-15
1.41121  3.285010E-15
1.41162  3.301560E-15
1.41203  3.315210E-15
1.41243  3.310580E-15
1.41284  3.343620E-15
1.41325  3.250530E-15
1.41365  3.185670E-15
1.41406  3.184750E-15
1.41447  3.229580E-15
1.41487  3.295270E-15
1.41528  3.366010E-15
1.41569  3.372930E-15
1.41609  3.336090E-15
1.4165  3.332770E-15
1.41691  3.337560E-15
1.41731  3.300820E-15
1.41772  3.382680E-15
1.41812  3.437890E-15
1.41853  3.186500E-15
1.41894  3.264460E-15
1.41934  3.288310E-15
1.41975  3.329260E-15
1.42016  3.336550E-15
1.42056  3.307040E-15
1.42097  3.307620E-15
1.42138  3.327730E-15
1.42178  3.414390E-15
1.42219  3.342660E-15
1.42259  3.309340E-15
1.423  3.285950E-15
1.42341  3.233140E-15
1.42381  3.293680E-15
1.42422  3.356350E-15
1.42463  3.367790E-15
1.42503  3.255390E-15
1.42544  3.264980E-15
1.42584  3.294400E-15
1.42625  3.385090E-15
1.42666  3.311220E-15
1.42706  3.303080E-15
1.42747  3.276330E-15
1.42787  3.254740E-15
1.42828  3.245000E-15
1.42869  3.369130E-15
1.42909  3.326450E-15
1.4295  3.339010E-15
1.42991  3.334300E-15
1.43031  3.384250E-15
1.43072  3.309030E-15
1.43112  3.177210E-15
1.43153  3.311810E-15
1.43194  3.308850E-15
1.43234  3.298520E-15
1.43275  3.373680E-15
1.43315  3.392280E-15
1.43356  3.311120E-15
1.43397  3.272320E-15
1.43437  3.310400E-15
1.43478  3.290720E-15
1.43518  3.382350E-15
1.43559  3.274070E-15
1.43599  3.322360E-15
1.4364  3.387220E-15
1.43681  3.328990E-15
1.43721  3.277260E-15
1.43762  3.317280E-15
1.43802  3.487960E-15
1.43843  3.514600E-15
1.43884  3.505590E-15
1.43924  3.553630E-15
1.43965  3.550200E-15
1.44005  3.662180E-15
1.44046  3.621960E-15
1.44087  3.689470E-15
1.44127  3.656700E-15
1.44168  3.743250E-15
1.44208  3.649450E-15
1.44249  3.541410E-15
1.44289  3.474570E-15
1.4433  3.447190E-15
1.44371  3.425130E-15
1.44411  3.435080E-15
1.44452  3.458070E-15
1.44492  3.347180E-15
1.44533  3.198980E-15
1.44573  3.369230E-15
1.44614  3.338800E-15
1.44655  3.332800E-15
1.44695  3.359250E-15
1.44736  3.419730E-15
1.44776  3.364320E-15
1.44817  3.338690E-15
1.44857  3.373930E-15
1.44898  3.367920E-15
1.44938  3.357820E-15
1.44979  3.342330E-15
1.4502  3.211220E-15
1.4506  3.248790E-15
1.45101  3.229210E-15
1.45141  3.379830E-15
1.45182  3.352490E-15
1.45222  3.306310E-15
1.45263  3.336900E-15
1.45303  3.335500E-15
1.45344  3.322100E-15
1.45385  3.360710E-15
1.45425  3.332810E-15
1.45466  3.333790E-15
1.45506  3.282780E-15
1.45547  3.318920E-15
1.45587  3.363990E-15
1.45628  3.366960E-15
1.45668  3.302400E-15
1.45709  3.325140E-15
1.45749  3.326170E-15
1.4579  3.372260E-15
1.45831  3.355620E-15
1.45871  3.369820E-15
1.45912  3.346470E-15
1.45952  3.333230E-15
1.45993  3.333830E-15
1.46033  3.297950E-15
1.46074  3.290480E-15
1.46114  3.348890E-15
1.46155  3.395310E-15
1.46195  3.398060E-15
1.46236  3.338530E-15
1.46276  3.295860E-15
1.46317  3.289670E-15
1.46357  3.392360E-15
1.46398  3.354580E-15
1.46439  3.395710E-15
1.46479  3.300330E-15
1.4652  3.341260E-15
1.4656  3.361080E-15
1.46601  3.362280E-15
1.46641  3.289690E-15
1.46682  3.349350E-15
1.46722  3.295760E-15
1.46763  3.315800E-15
1.46803  3.366650E-15
1.46844  3.401330E-15
1.46884  3.285750E-15
1.46925  3.301120E-15
1.46965  3.378370E-15
1.47006  3.325200E-15
1.47046  3.280140E-15
1.47087  3.301340E-15
1.47127  3.353860E-15
1.47168  3.323300E-15
1.47208  3.297540E-15
1.47249  3.312610E-15
1.47289  3.297050E-15
1.4733  3.355460E-15
1.4737  3.326320E-15
1.47411  3.326260E-15
1.47451  3.324430E-15
1.47492  3.359890E-15
1.47532  3.287590E-15
1.47573  3.296510E-15
1.47613  3.306410E-15
1.47654  3.361120E-15
1.47694  3.304580E-15
1.47735  3.267340E-15
1.47775  3.279140E-15
1.47816  3.364640E-15
1.47856  3.299530E-15
1.47897  3.351760E-15
1.47937  3.339990E-15
1.47978  3.308640E-15
1.48018  3.280740E-15
1.48059  3.359950E-15
1.48099  3.303530E-15
1.4814  3.341360E-15
1.4818  3.279220E-15
1.48221  3.343580E-15
1.48261  3.298520E-15
1.48302  3.367880E-15
1.48342  3.318640E-15
1.48383  3.328210E-15
1.48423  3.304080E-15
1.48464  3.377290E-15
1.48504  3.328450E-15
1.48545  3.411770E-15
1.48585  3.377870E-15
1.48625  3.309990E-15
1.48666  3.350380E-15
1.48706  3.370680E-15
1.48747  3.369730E-15
1.48787  3.370240E-15
1.48828  3.389190E-15
1.48868  3.363250E-15
1.48909  3.292170E-15
1.48949  3.350260E-15
1.4899  3.305660E-15
1.4903  3.409720E-15
1.49071  3.338430E-15
1.49111  3.340810E-15
1.49152  3.333180E-15
1.49192  3.320160E-15
1.49233  3.287530E-15
1.49273  3.326650E-15
1.49313  3.336430E-15
1.49354  3.364310E-15
1.49394  3.325910E-15
1.49435  3.368720E-15
1.49475  3.350130E-15
1.49516  3.353780E-15
1.49556  3.357540E-15
1.49597  3.348410E-15
1.49637  3.343600E-15
1.49678  3.362960E-15
1.49718  3.310300E-15
1.49758  3.317820E-15
1.49799  3.295290E-15
1.49839  3.367500E-15
1.4988  3.309550E-15
1.4992  3.348270E-15
1.49961  3.288130E-15
1.50001  3.344300E-15
1.50042  3.316170E-15
1.50082  3.335150E-15
1.50123  3.311390E-15
1.50163  3.353160E-15
1.50203  3.323960E-15
1.50244  3.344620E-15
1.50284  3.327480E-15
1.50325  3.387480E-15
1.50365  3.338430E-15
1.50406  3.321670E-15
1.50446  3.330640E-15
1.50487  3.367210E-15
1.50527  3.281210E-15
1.50567  3.270580E-15
1.50608  3.367440E-15
1.50648  3.438560E-15
1.50689  3.388010E-15
1.50729  3.368170E-15
1.5077  3.362310E-15
1.5081  3.338090E-15
1.5085  3.310060E-15
1.50891  3.393180E-15
1.50931  3.403250E-15
1.50972  3.393370E-15
1.51012  3.373070E-15
1.51053  3.384920E-15
1.51093  3.389040E-15
1.51133  3.431440E-15
1.51174  3.348220E-15
1.51214  3.386540E-15
1.51255  3.371490E-15
1.51295  3.421610E-15
1.51336  3.378880E-15
1.51376  3.373660E-15
1.51416  3.325040E-15
1.51457  3.371530E-15
1.51497  3.310000E-15
1.51538  3.360860E-15
1.51578  3.278480E-15
1.51619  3.330220E-15
1.51659  3.322890E-15
1.51699  3.283380E-15
1.5174  3.319930E-15
1.5178  3.334250E-15
1.51821  3.331750E-15
1.51861  3.391620E-15
1.51901  3.361440E-15
1.51942  3.353260E-15
1.51982  3.374700E-15
1.52023  3.400330E-15
1.52063  3.363810E-15
1.52103  3.391870E-15
1.52144  3.349630E-15
1.52184  3.349000E-15
1.52225  3.325620E-15
1.52265  3.375440E-15
1.52306  3.305280E-15
1.52346  3.360560E-15
1.52386  3.263430E-15
1.52427  3.328710E-15
1.52467  3.286210E-15
1.52508  3.293080E-15
1.52548  3.311090E-15
1.52588  3.341310E-15
1.52629  3.299260E-15
1.52669  3.315420E-15
1.5271  3.308590E-15
1.5275  3.309100E-15
1.5279  3.284410E-15
1.52831  3.330040E-15
1.52871  3.269190E-15
1.52912  3.330320E-15
1.52952  3.314430E-15
1.52992  3.330080E-15
1.53033  3.319170E-15
1.53073  3.337980E-15
1.53113  3.317330E-15
1.53154  3.364500E-15
1.53194  3.308730E-15
1.53235  3.356900E-15
1.53275  3.304840E-15
1.53315  3.345690E-15
1.53356  3.353810E-15
1.53396  3.357520E-15
1.53437  3.328760E-15
1.53477  3.370990E-15
1.53517  3.327830E-15
1.53558  3.394440E-15
1.53598  3.324250E-15
1.53639  3.358600E-15
1.53679  3.328750E-15
1.53719  3.374940E-15
1.5376  3.340460E-15
1.538  3.388200E-15
1.5384  3.358870E-15
1.53881  3.353670E-15
1.53921  3.322500E-15
1.53962  3.355780E-15
1.54002  3.356840E-15
1.54042  3.364880E-15
1.54083  3.337950E-15
1.54123  3.397170E-15
1.54163  3.309550E-15
1.54204  3.333180E-15
1.54244  3.346290E-15
1.54285  3.383490E-15
1.54325  3.391220E-15
1.54365  3.449490E-15
1.54406  3.375030E-15
1.54446  3.397640E-15
1.54486  3.365080E-15
1.54527  3.395820E-15
1.54567  3.380900E-15
1.54608  3.431590E-15
1.54648  3.358350E-15
1.54688  3.406810E-15
1.54729  3.375470E-15
1.54769  3.419620E-15
1.54809  3.355330E-15
1.5485  3.419860E-15
1.5489  3.372620E-15
1.5493  3.381880E-15
1.54971  3.358330E-15
1.55011  3.425650E-15
1.55052  3.383730E-15
1.55092  3.430450E-15
1.55132  3.379470E-15
1.55173  3.381660E-15
1.55213  3.372430E-15
1.55253  3.403060E-15
1.55294  3.368810E-15
1.55334  3.431670E-15
1.55374  3.371500E-15
1.55415  3.415840E-15
1.55455  3.376600E-15
1.55495  3.369260E-15
1.55536  3.381920E-15
1.55576  3.427600E-15
1.55617  3.382250E-15
1.55657  3.435830E-15
1.55697  3.358220E-15
1.55738  3.397570E-15
1.55778  3.405210E-15
1.55818  3.429420E-15
1.55859  3.374230E-15
1.55899  3.428590E-15
1.55939  3.400760E-15
1.5598  3.363040E-15
1.5602  3.430770E-15
1.5606  3.428990E-15
1.56101  3.450750E-15
1.56141  3.414350E-15
1.56181  3.417350E-15
1.56222  3.440520E-15
1.56262  3.385660E-15
1.56302  3.419130E-15
1.56343  3.413980E-15
1.56383  3.405430E-15
1.56423  3.392330E-15
1.56464  3.454240E-15
1.56504  3.369250E-15
1.56544  3.431190E-15
1.56585  3.412200E-15
1.56625  3.454740E-15
1.56665  3.374550E-15
1.56706  3.432520E-15
1.56746  3.414000E-15
1.56786  3.443520E-15
1.56827  3.418680E-15
1.56867  3.443370E-15
1.56907  3.401910E-15
1.56948  3.423480E-15
1.56988  3.395510E-15
1.57028  3.439120E-15
1.57069  3.390260E-15
1.57109  3.449820E-15
1.57149  3.405880E-15
1.5719  3.426460E-15
1.5723  3.379010E-15
1.5727  3.451520E-15
1.57311  3.397020E-15
1.57351  3.430940E-15
1.57391  3.373410E-15
1.57432  3.440030E-15
1.57472  3.421950E-15
1.57512  3.459640E-15
1.57553  3.399610E-15
1.57593  3.432710E-15
1.57633  3.397120E-15
1.57674  3.423190E-15
1.57714  3.387450E-15
1.57754  3.436350E-15
1.57795  3.391870E-15
1.57835  3.421250E-15
1.57875  3.384020E-15
1.57916  3.432890E-15
1.57956  3.427860E-15
1.57996  3.468430E-15
1.58037  3.422700E-15
1.58077  3.395730E-15
1.58117  3.394010E-15
1.58158  3.391400E-15
1.58198  3.389820E-15
1.58238  3.350410E-15
1.58279  3.442700E-15
1.58319  3.470430E-15
1.58359  3.399770E-15
1.58399  3.484390E-15
1.5844  3.386790E-15
1.5848  3.486910E-15
1.5852  3.381920E-15
1.58561  3.469340E-15
1.58601  3.396090E-15
1.58641  3.480450E-15
1.58682  3.464220E-15
1.58722  3.499770E-15
1.58762  3.417860E-15
1.58803  3.467380E-15
1.58843  3.409170E-15
1.58883  3.472080E-15
1.58924  3.431340E-15
1.58964  3.460220E-15
1.59004  3.446120E-15
1.59044  3.452720E-15
1.59085  3.395730E-15
1.59125  3.460070E-15
1.59165  3.455380E-15
1.59206  3.457090E-15
1.59246  3.380590E-15
1.59286  3.451910E-15
1.59327  3.383640E-15
1.59367  3.466180E-15
1.59407  3.403130E-15
1.59447  3.449760E-15
1.59488  3.393590E-15
1.59528  3.436240E-15
1.59568  3.389770E-15
1.59609  3.420940E-15
1.59649  3.375750E-15
1.59689  3.444330E-15
1.5973  3.401440E-15
1.5977  3.389050E-15
1.5981  3.357260E-15
1.5985  3.403290E-15
1.59891  3.378960E-15
1.59931  3.431410E-15
1.59971  3.378220E-15
1.60012  3.403910E-15
1.60052  3.341320E-15
1.60092  3.435780E-15
1.60133  3.353840E-15
1.60173  3.395600E-15
1.60213  3.357360E-15
1.60253  3.351580E-15
1.60294  3.358410E-15
1.60334  3.451220E-15
1.60374  3.355590E-15
1.60415  3.434810E-15
1.60455  3.354330E-15
1.60495  3.388340E-15
1.60535  3.411760E-15
1.60576  3.447590E-15
1.60616  3.407400E-15
1.60656  3.424480E-15
1.60697  3.407120E-15
1.60737  3.468480E-15
1.60777  3.469360E-15
1.60817  3.499800E-15
1.60858  3.433530E-15
1.60898  3.496020E-15
1.60938  3.460380E-15
1.60979  3.462660E-15
1.61019  3.433910E-15
1.61059  3.456510E-15
1.61099  3.388890E-15
1.6114  3.455960E-15
1.6118  3.340930E-15
1.6122  3.487160E-15
1.61261  3.425020E-15
1.61301  3.452280E-15
1.61341  3.460910E-15
1.61381  3.459740E-15
1.61422  3.454270E-15
1.61462  3.442700E-15
1.61502  3.407310E-15
1.61543  3.469300E-15
1.61583  3.440500E-15
1.61623  3.461150E-15
1.61663  3.442660E-15
1.61704  3.460980E-15
1.61744  3.410630E-15
1.61784  3.453460E-15
1.61825  3.460540E-15
1.61865  3.422710E-15
1.61905  3.433780E-15
1.61945  3.398790E-15
1.61986  3.409860E-15
1.62026  3.417580E-15
1.62066  3.388070E-15
1.62106  3.393810E-15
1.62147  3.369550E-15
1.62187  3.438490E-15
1.62227  3.385690E-15
1.62268  3.457770E-15
1.62308  3.403870E-15
1.62348  3.376440E-15
1.62388  3.332180E-15
1.62429  3.431630E-15
1.62469  3.369320E-15
1.62509  3.411050E-15
1.62549  3.368120E-15
1.6259  3.387440E-15
1.6263  3.396600E-15
1.6267  3.427320E-15
1.62711  3.384690E-15
1.62751  3.416700E-15
1.62791  3.371380E-15
1.62831  3.429190E-15
1.62872  3.418590E-15
1.62912  3.425970E-15
1.62952  3.416830E-15
1.62992  3.383040E-15
1.63033  3.375240E-15
1.63073  3.419280E-15
1.63113  3.370110E-15
1.63154  3.441840E-15
1.63194  3.366450E-15
1.63234  3.393370E-15
1.63274  3.349580E-15
1.63315  3.388860E-15
1.63355  3.358480E-15
1.63395  3.387770E-15
1.63435  3.385610E-15
1.63476  3.381690E-15
1.63516  3.318750E-15
1.63556  3.428510E-15
1.63596  3.368780E-15
1.63637  3.415250E-15
1.63677  3.405920E-15
1.63717  3.412920E-15
1.63757  3.373600E-15
1.63798  3.386170E-15
1.63838  3.379420E-15
1.63878  3.412360E-15
1.63918  3.435860E-15
1.63959  3.417170E-15
1.63999  3.373800E-15
1.64039  3.404080E-15
1.6408  3.437460E-15
1.6412  3.465970E-15
1.6416  3.448220E-15
1.642  3.424480E-15
1.64241  3.427440E-15
1.64281  3.424950E-15
1.64321  3.395360E-15
1.64361  3.469720E-15
1.64402  3.407630E-15
1.64442  3.428250E-15
1.64482  3.425370E-15
1.64522  3.424130E-15
1.64563  3.447120E-15
1.64603  3.507780E-15
1.64643  3.458970E-15
1.64683  3.412420E-15
1.64724  3.426210E-15
1.64764  3.409480E-15
1.64804  3.463630E-15
1.64844  3.481290E-15
1.64885  3.466550E-15
1.64925  3.427510E-15
1.64965  3.415710E-15
1.65005  3.453030E-15
1.65046  3.365850E-15
1.65086  3.441700E-15
1.65126  3.411050E-15
1.65166  3.477890E-15
1.65207  3.396110E-15
1.65247  3.435040E-15
1.65287  3.388670E-15
1.65327  3.416830E-15
1.65368  3.385920E-15
1.65408  3.446050E-15
1.65448  3.384870E-15
1.65488  3.403240E-15
1.65529  3.392950E-15
1.65569  3.455450E-15
1.65609  3.409510E-15
1.65649  3.482650E-15
1.6569  3.471750E-15
1.6573  3.453340E-15
1.6577  3.473300E-15
1.6581  3.512660E-15
1.65851  3.470020E-15
1.65891  3.453800E-15
1.65931  3.449810E-15
1.65971  3.443000E-15
1.66012  3.379280E-15
1.66052  3.470320E-15
1.66092  3.409620E-15
1.66132  3.464640E-15
1.66173  3.383900E-15
1.66213  3.455890E-15
1.66253  3.403190E-15
1.66293  3.441280E-15
1.66334  3.452330E-15
1.66374  3.479140E-15
1.66414  3.412250E-15
1.66454  3.422310E-15
1.66495  3.412410E-15
1.66535  3.383240E-15
1.66575  3.337010E-15
1.66615  3.388360E-15
1.66656  3.430160E-15
1.66696  3.416810E-15
1.66736  3.368640E-15
1.66776  3.393320E-15
1.66817  3.368060E-15
1.66857  3.428170E-15
1.66897  3.444980E-15
1.66937  3.484160E-15
1.66977  3.356200E-15
1.67018  3.381260E-15
1.67058  3.369250E-15
1.67098  3.395420E-15
1.67138  3.406600E-15
1.67179  3.431650E-15
1.67219  3.407480E-15
1.67259  3.419720E-15
1.67299  3.387870E-15
1.6734  3.435670E-15
1.6738  3.397250E-15
1.6742  3.408310E-15
1.6746  3.428010E-15
1.67501  3.409690E-15
1.67541  3.368300E-15
1.67581  3.417160E-15
1.67621  3.376300E-15
1.67662  3.442460E-15
1.67702  3.394520E-15
1.67742  3.440340E-15
1.67782  3.380240E-15
1.67822  3.395830E-15
1.67863  3.436320E-15
1.67903  3.412340E-15
1.67943  3.384980E-15
1.67983  3.383460E-15
1.68024  3.386340E-15
1.68064  3.387370E-15
1.68104  3.404770E-15
1.68144  3.415720E-15
1.68185  3.426520E-15
1.68225  3.464930E-15
1.68265  3.473780E-15
1.68305  3.455010E-15
1.68346  3.453050E-15
1.68386  3.462590E-15
1.68426  3.488770E-15
1.68466  3.482560E-15
1.68507  3.479530E-15
1.68547  3.495920E-15
1.68587  3.490030E-15
1.68627  3.478080E-15
1.68667  3.510950E-15
1.68708  3.547700E-15
1.68748  3.525190E-15
1.68788  3.504800E-15
1.68828  3.524900E-15
1.68869  3.514010E-15
1.68909  3.468570E-15
1.68949  3.509230E-15
1.68989  3.414990E-15
1.6903  3.418650E-15
1.6907  3.484630E-15
1.6911  3.540200E-15
1.6915  3.486850E-15
1.6919  3.542160E-15
1.69231  3.524810E-15
1.69271  3.539240E-15
1.69311  3.517690E-15
1.69351  3.553990E-15
1.69392  3.484450E-15
1.69432  3.556630E-15
1.69472  3.490430E-15
1.69512  3.568830E-15
1.69553  3.515930E-15
1.69593  3.548330E-15
1.69633  3.482180E-15
1.69673  3.517380E-15
1.69713  3.487880E-15
1.69754  3.507070E-15
1.69794  3.494130E-15
1.69834  3.513480E-15
1.69874  3.508800E-15
1.69915  3.535690E-15
1.69955  3.536820E-15
1.69995  3.525050E-15
1.70035  3.464900E-15
1.70076  3.564940E-15
1.70116  3.460400E-15
1.70156  3.529190E-15
1.70196  3.521290E-15
1.70236  3.522350E-15
1.70277  3.566830E-15
1.70317  3.521480E-15
1.70357  3.510380E-15
1.70397  3.583490E-15
1.70438  3.481810E-15
1.70478  3.531830E-15
1.70518  3.469220E-15
1.70558  3.547580E-15
1.70599  3.530060E-15
1.70639  3.539740E-15
1.70679  3.529190E-15
1.70719  3.568040E-15
1.70759  3.509710E-15
1.708  3.533490E-15
1.7084  3.502220E-15
1.7088  3.465390E-15
1.7092  3.464180E-15
1.70961  3.528010E-15
1.71001  3.501230E-15
1.71041  3.498850E-15
1.71081  3.489900E-15
1.71122  3.488860E-15
1.71162  3.507210E-15
1.71202  3.446390E-15
1.71242  3.444110E-15
1.71282  3.537470E-15
1.71323  3.497590E-15
1.71363  3.499020E-15
1.71403  3.471990E-15
1.71443  3.464870E-15
1.71484  3.454370E-15
1.71524  3.481150E-15
1.71564  3.469180E-15
1.71604  3.468890E-15
1.71644  3.475380E-15
1.71685  3.502010E-15
1.71725  3.458430E-15
1.71765  3.471800E-15
1.71805  3.474420E-15
1.71846  3.495740E-15
1.71886  3.496360E-15
1.71926  3.507740E-15
1.71966  3.503340E-15
1.72007  3.490480E-15
1.72047  3.456190E-15
1.72087  3.446540E-15
1.72127  3.464010E-15
1.72167  3.480740E-15
1.72208  3.477690E-15
1.72248  3.454730E-15
1.72288  3.451830E-15
1.72328  3.482290E-15
1.72369  3.470960E-15
1.72409  3.492250E-15
1.72449  3.464070E-15
1.72489  3.434500E-15
1.7253  3.447480E-15
1.7257  3.465890E-15
1.7261  3.431680E-15
1.7265  3.471410E-15
1.7269  3.510320E-15
1.72731  3.511490E-15
1.72771  3.500750E-15
1.72811  3.555200E-15
1.72851  3.515430E-15
1.72892  3.527680E-15
1.72932  3.493510E-15
1.72972  3.510700E-15
1.73012  3.522330E-15
1.73052  3.520430E-15
1.73093  3.531620E-15
1.73133  3.536210E-15
1.73173  3.559960E-15
1.73213  3.544710E-15
1.73254  3.533020E-15
1.73294  3.545960E-15
1.73334  3.550980E-15
1.73374  3.536500E-15
1.73415  3.583890E-15
1.73455  3.619090E-15
1.73495  3.474890E-15
1.73535  3.555210E-15
1.73575  3.537400E-15
1.73616  3.544350E-15
1.73656  3.546670E-15
1.73696  3.555100E-15
1.73736  3.593390E-15
1.73777  3.644760E-15
1.73817  3.571210E-15
1.73857  3.610150E-15
1.73897  3.572090E-15
1.73937  3.601420E-15
1.73978  3.615400E-15
1.74018  3.566270E-15
1.74058  3.605600E-15
1.74098  3.566410E-15
1.74139  3.563640E-15
1.74179  3.625690E-15
1.74219  3.616490E-15
1.74259  3.634140E-15
1.743  3.605410E-15
1.7434  3.602530E-15
1.7438  3.590390E-15
1.7442  3.629360E-15
1.7446  3.561640E-15
1.74501  3.614760E-15
1.74541  3.585730E-15
1.74581  3.616850E-15
1.74621  3.595940E-15
1.74662  3.542180E-15
1.74702  3.559230E-15
1.74742  3.577200E-15
1.74782  3.564800E-15
1.74823  3.625270E-15
1.74863  3.529030E-15
1.74903  3.601080E-15
1.74943  3.632990E-15
1.74983  3.653970E-15
1.75024  3.563570E-15
1.75064  3.581290E-15
1.75104  3.544750E-15
1.75144  3.585140E-15
1.75185  3.599440E-15
1.75225  3.622550E-15
1.75265  3.562910E-15
1.75305  3.649910E-15
1.75346  3.629550E-15
1.75386  3.606670E-15
1.75426  3.629830E-15
1.75466  3.536970E-15
1.75506  3.554510E-15
1.75547  3.629300E-15
1.75587  3.599600E-15
1.75627  3.586200E-15
1.75667  3.561110E-15
1.75708  3.551060E-15
1.75748  3.604300E-15
1.75788  3.578840E-15
1.75828  3.578500E-15
1.75869  3.652210E-15
1.75909  3.546980E-15
1.75949  3.594170E-15
1.75989  3.532700E-15
1.76029  3.542730E-15
1.7607  3.546750E-15
1.7611  3.599440E-15
1.7615  3.604860E-15
1.7619  3.552300E-15
1.76231  3.560390E-15
1.76271  3.557660E-15
1.76311  3.522860E-15
1.76351  3.524250E-15
1.76392  3.517570E-15
1.76432  3.503260E-15
1.76472  3.608620E-15
1.76512  3.524160E-15
1.76553  3.513770E-15
1.76593  3.510110E-15
1.76633  3.516070E-15
1.76673  3.489910E-15
1.76713  3.603270E-15
1.76754  3.691370E-15
1.76794  3.670100E-15
1.76834  3.749490E-15
1.76874  3.763000E-15
1.76915  3.791250E-15
1.76955  3.757430E-15
1.76995  3.820000E-15
1.77035  3.773120E-15
1.77076  3.697700E-15
1.77116  3.710770E-15
1.77156  3.726720E-15
1.77196  3.695750E-15
1.77237  3.734870E-15
1.77277  3.740930E-15
1.77317  3.717470E-15
1.77357  3.684530E-15
1.77398  3.672000E-15
1.77438  3.694770E-15
1.77478  3.671090E-15
1.77518  3.707330E-15
1.77558  3.699760E-15
1.77599  3.651250E-15
1.77639  3.641890E-15
1.77679  3.646950E-15
1.77719  3.646870E-15
1.7776  3.720650E-15
1.778  3.681420E-15
1.7784  3.616790E-15
1.7788  3.574450E-15
1.77921  3.582940E-15
1.77961  3.657650E-15
1.78001  3.610530E-15
1.78041  3.622050E-15
1.78082  3.519870E-15
1.78122  3.594450E-15
1.78162  3.497690E-15
1.78202  3.539340E-15
1.78243  3.559000E-15
1.78283  3.618940E-15
1.78323  3.561570E-15
1.78363  3.636620E-15
1.78404  3.516180E-15
1.78444  3.510090E-15
1.78484  3.501100E-15
1.78524  3.469640E-15
1.78565  3.469290E-15
1.78605  3.489880E-15
1.78645  3.464930E-15
1.78685  3.516880E-15
1.78726  3.430900E-15
1.78766  3.592600E-15
1.78806  3.499020E-15
1.78846  3.483730E-15
1.78886  3.484890E-15
1.78927  3.524410E-15
1.78967  3.522110E-15
1.79007  3.517010E-15
1.79047  3.456660E-15
1.79088  3.457160E-15
1.79128  3.443570E-15
1.79168  3.513650E-15
1.79208  3.465940E-15
1.79249  3.543710E-15
1.79289  3.448320E-15
1.79329  3.472380E-15
1.79369  3.436060E-15
1.7941  3.460470E-15
1.7945  3.513640E-15
1.7949  3.468690E-15
1.7953  3.432860E-15
1.79571  3.477530E-15
1.79611  3.414930E-15
1.79651  3.410430E-15
1.79691  3.376160E-15
1.79732  3.373010E-15
1.79772  3.400920E-15
1.79812  3.426380E-15
1.79852  3.524320E-15
1.79893  3.453280E-15
1.79933  3.485270E-15
1.79973  3.373320E-15
1.80013  3.426070E-15
1.80054  3.326830E-15
1.80094  3.348880E-15
1.80134  3.439290E-15
1.80174  3.455160E-15
1.80215  3.331230E-15
1.80255  3.465400E-15
1.80295  3.397110E-15
1.80336  3.481830E-15
1.80376  3.411170E-15
1.80416  3.402960E-15
1.80456  3.404530E-15
1.80497  3.467550E-15
1.80537  3.441090E-15
1.80577  3.341110E-15
1.80617  3.440860E-15
1.80658  3.332390E-15
1.80698  3.349590E-15
1.80738  3.323280E-15
1.80778  3.420180E-15
1.80819  3.336710E-15
1.80859  3.353180E-15
1.80899  3.422000E-15
1.80939  3.414870E-15
1.8098  3.517780E-15
1.8102  3.428150E-15
1.8106  3.256670E-15
1.811  3.349920E-15
1.81141  3.458370E-15
1.81181  3.380860E-15
1.81221  3.198620E-15
1.81261  3.182710E-15
1.81302  3.143050E-15
1.81342  3.248740E-15
1.81382  3.392440E-15
1.81423  3.500620E-15
1.81463  3.597100E-15
1.81503  3.423880E-15
1.81543  3.157110E-15
1.81584  3.274010E-15
1.81624  3.301460E-15
1.81664  3.329930E-15
1.81704  3.341710E-15
1.81745  3.529050E-15
1.81785  3.413940E-15
1.81825  3.429620E-15
1.88211  4.237960E-15
1.88265  4.247500E-15
1.88319  4.232000E-15
1.88373  4.138750E-15
1.88427  4.154190E-15
1.88481  4.273300E-15
1.88535  4.348840E-15
1.88589  4.352030E-15
1.88643  4.280060E-15
1.88697  4.249310E-15
1.88751  4.378450E-15
1.88805  4.434240E-15
1.88859  4.462590E-15
1.88913  4.448630E-15
1.88967  4.374280E-15
1.89021  4.341590E-15
1.89075  4.816150E-15
1.89129  4.888710E-15
1.89183  4.774770E-15
1.89237  4.579350E-15
1.89291  4.462210E-15
1.89345  4.380850E-15
1.89398  4.410380E-15
1.89452  4.478930E-15
1.89506  4.528740E-15
1.8956  4.481100E-15
1.89614  4.423940E-15
1.89668  4.443620E-15
1.89722  4.428360E-15
1.89776  4.303180E-15
1.8983  4.355650E-15
1.89884  4.211830E-15
1.89938  3.946170E-15
1.89992  3.623940E-15
1.90046  3.735340E-15
1.901  3.909960E-15
1.90154  4.024910E-15
1.90208  3.926140E-15
1.90262  3.682880E-15
1.90316  3.612680E-15
1.9037  3.743930E-15
1.90423  3.789520E-15
1.90477  3.574320E-15
1.90531  3.385190E-15
1.90585  3.119230E-15
1.90639  3.287670E-15
1.90693  3.468340E-15
1.90747  3.531210E-15
1.90801  3.558800E-15
1.90855  3.431410E-15
1.90909  3.442250E-15
1.90963  3.467680E-15
1.91017  3.447220E-15
1.91071  3.354790E-15
1.91125  3.233100E-15
1.91179  3.339030E-15
1.91233  3.488830E-15
1.91286  3.338000E-15
1.9134  3.221440E-15
1.91394  3.066510E-15
1.91448  3.284530E-15
1.91502  3.445640E-15
1.91556  3.397790E-15
1.9161  3.161460E-15
1.91664  3.189860E-15
1.91718  3.264100E-15
1.91772  3.387800E-15
1.91826  3.418900E-15
1.9188  3.383240E-15
1.91934  3.329250E-15
1.91987  3.107500E-15
1.92041  3.016350E-15
1.92095  3.178270E-15
1.92149  3.294750E-15
1.92203  3.393310E-15
1.92257  3.368260E-15
1.92311  3.266520E-15
1.92365  3.123410E-15
1.92419  3.057090E-15
1.92473  3.251290E-15
1.92527  3.384360E-15
1.92581  3.408240E-15
1.92634  3.295110E-15
1.92688  3.226110E-15
1.92742  3.288600E-15
1.92796  3.247920E-15
1.9285  3.284350E-15
1.92904  3.370500E-15
1.92958  3.398680E-15
1.93012  3.289200E-15
1.93066  3.187990E-15
1.9312  3.251270E-15
1.93174  3.355490E-15
1.93227  3.385400E-15
1.93281  3.392880E-15
1.93335  3.344900E-15
1.93389  3.287850E-15
1.93443  3.336200E-15
1.93497  3.491370E-15
1.93551  3.407790E-15
1.93605  3.336540E-15
1.93659  3.324280E-15
1.93713  3.420820E-15
1.93767  3.361490E-15
1.9382  3.339760E-15
1.93874  3.308210E-15
1.93928  3.270290E-15
1.93982  3.274450E-15
1.94036  3.355050E-15
1.9409  3.263390E-15
1.94144  3.313290E-15
1.94198  3.333950E-15
1.94252  3.337980E-15
1.94306  3.290890E-15
1.94359  3.247450E-15
1.94413  3.250600E-15
1.94467  3.285670E-15
1.94521  3.379000E-15
1.94575  3.418910E-15
1.94629  3.388900E-15
1.94683  3.401330E-15
1.94737  3.367140E-15
1.94791  3.397060E-15
1.94844  3.343040E-15
1.94898  3.417740E-15
1.94952  3.394600E-15
1.95006  3.397580E-15
1.9506  3.423380E-15
1.95114  3.426100E-15
1.95168  3.484190E-15
1.95222  3.442740E-15
1.95275  3.400950E-15
1.95329  3.415800E-15
1.95383  3.437340E-15
1.95437  3.447440E-15
1.95491  3.445810E-15
1.95545  3.413890E-15
1.95599  3.371890E-15
1.95653  3.400050E-15
1.95707  3.381830E-15
1.9576  3.422680E-15
1.95814  3.342050E-15
1.95868  3.358550E-15
1.95922  3.355260E-15
1.95976  3.458900E-15
1.9603  3.449770E-15
1.96084  3.444460E-15
1.96138  3.439600E-15
1.96191  3.473330E-15
1.96245  3.393500E-15
1.96299  3.383170E-15
1.96353  3.398060E-15
1.96407  3.412140E-15
1.96461  3.397190E-15
1.96515  3.434530E-15
1.96569  3.402110E-15
1.96622  3.433570E-15
1.96676  3.394720E-15
1.9673  3.458820E-15
1.96784  3.395210E-15
1.96838  3.468650E-15
1.96892  3.420750E-15
1.96946  3.451200E-15
1.96999  3.427700E-15
1.97053  3.463850E-15
1.97107  3.385960E-15
1.97161  3.428200E-15
1.97215  3.429860E-15
1.97269  3.509310E-15
1.97323  3.468010E-15
1.97377  3.499440E-15
1.9743  3.474600E-15
1.97484  3.503640E-15
1.97538  3.472790E-15
1.97592  3.536920E-15
1.97646  3.540470E-15
1.977  3.554870E-15
1.97754  3.594030E-15
1.97807  3.702900E-15
1.97861  3.675130E-15
1.97915  3.648740E-15
1.97969  3.561420E-15
1.98023  3.563450E-15
1.98077  3.473960E-15
1.9813  3.477150E-15
1.98184  3.415320E-15
1.98238  3.384010E-15
1.98292  3.398310E-15
1.98346  3.378430E-15
1.984  3.354680E-15
1.98454  3.362890E-15
1.98507  3.335050E-15
1.98561  3.370080E-15
1.98615  3.342910E-15
1.98669  3.321960E-15
1.98723  3.292140E-15
1.98777  3.323250E-15
1.98831  3.329660E-15
1.98884  3.320000E-15
1.98938  3.280950E-15
1.98992  3.268310E-15
1.99046  3.264990E-15
1.991  3.300640E-15
1.99154  3.306080E-15
1.99207  3.317160E-15
1.99261  3.291920E-15
1.99315  3.301410E-15
1.99369  3.262430E-15
1.99423  3.295750E-15
1.99477  3.323380E-15
1.9953  3.294520E-15
1.99584  3.289580E-15
1.99638  3.298630E-15
1.99692  3.276220E-15
1.99746  3.276030E-15
1.998  3.297400E-15
1.99853  3.250520E-15
1.99907  3.261610E-15
1.99961  3.305930E-15
2.00015  3.243860E-15
2.00069  3.264160E-15
2.00123  3.288100E-15
2.00177  3.259860E-15
2.0023  3.193750E-15
2.00284  3.238410E-15
2.00338  3.216590E-15
2.00392  3.303800E-15
2.00446  3.249070E-15
2.00499  3.218020E-15
2.00553  3.166950E-15
2.00607  3.221180E-15
2.00661  3.257990E-15
2.00715  3.234370E-15
2.00769  3.244960E-15
2.00822  3.302200E-15
2.00876  3.302950E-15
2.0093  3.294970E-15
2.00984  3.259610E-15
2.01038  3.261310E-15
2.01092  3.241770E-15
2.01145  3.291960E-15
2.01199  3.244950E-15
2.01253  3.262950E-15
2.01307  3.231120E-15
2.01361  3.269390E-15
2.01414  3.241690E-15
2.01468  3.282100E-15
2.01522  3.249710E-15
2.01576  3.273560E-15
2.0163  3.263030E-15
2.01684  3.263740E-15
2.01737  3.246380E-15
2.01791  3.224000E-15
2.01845  3.231650E-15
2.01899  3.281060E-15
2.01953  3.274470E-15
2.02006  3.270360E-15
2.0206  3.234310E-15
2.02114  3.264370E-15
2.02168  3.254810E-15
2.02222  3.275760E-15
2.02276  3.244240E-15
2.02329  3.300660E-15
2.02383  3.271260E-15
2.02437  3.290250E-15
2.02491  3.290760E-15
2.02545  3.302570E-15
2.02598  3.289440E-15
2.02652  3.300770E-15
2.02706  3.274920E-15
2.0276  3.312890E-15
2.02814  3.259120E-15
2.02867  3.274470E-15
2.02921  3.256060E-15
2.02975  3.306100E-15
2.03029  3.281720E-15
2.03083  3.300660E-15
2.03136  3.299560E-15
2.0319  3.337920E-15
2.03244  3.292350E-15
2.03298  3.267170E-15
2.03352  3.264170E-15
2.03405  3.283930E-15
2.03459  3.278710E-15
2.03513  3.274550E-15
2.03567  3.261990E-15
2.03621  3.302310E-15
2.03674  3.262710E-15
2.03728  3.280520E-15
2.03782  3.265670E-15
2.03836  3.277320E-15
2.0389  3.260660E-15
2.03943  3.302970E-15
2.03997  3.275280E-15
2.04051  3.264730E-15
2.04105  3.271260E-15
2.04159  3.300690E-15
2.04212  3.289890E-15
2.04266  3.294540E-15
2.0432  3.276480E-15
2.04374  3.285070E-15
2.04428  3.272040E-15
2.04481  3.291720E-15
2.04535  3.292360E-15
2.04589  3.306800E-15
2.04643  3.295470E-15
2.04697  3.286570E-15
2.0475  3.282270E-15
2.04804  3.307810E-15
2.04858  3.291960E-15
2.04912  3.302430E-15
2.04966  3.304010E-15
2.05019  3.320180E-15
2.05073  3.324850E-15
2.05127  3.339030E-15
2.05181  3.280640E-15
2.05234  3.310990E-15
2.05288  3.293550E-15
2.05342  3.280580E-15
2.05396  3.260200E-15
2.0545  3.289010E-15
2.05503  3.247330E-15
2.05557  3.280090E-15
2.05611  3.273110E-15
2.05665  3.275860E-15
2.05718  3.308530E-15
2.05772  3.305230E-15
2.05826  3.297420E-15
2.0588  3.289490E-15
2.05934  3.321100E-15
2.05987  3.344450E-15
2.06041  3.327640E-15
2.06095  3.321170E-15
2.06149  3.286440E-15
2.06203  3.206700E-15
2.06256  3.200960E-15
2.0631  3.317100E-15
2.06364  3.304060E-15
2.06418  3.329890E-15
2.06471  3.305450E-15
2.06525  3.340990E-15
2.06579  3.284130E-15
2.06633  3.341470E-15
2.06686  3.291630E-15
2.0674  3.344280E-15
2.06794  3.298130E-15
2.06848  3.322080E-15
2.06902  3.283640E-15
2.06955  3.318670E-15
2.07009  3.276840E-15
2.07063  3.335490E-15
2.07117  3.319610E-15
2.0717  3.325660E-15
2.07224  3.286520E-15
2.07278  3.320540E-15
2.07332  3.296020E-15
2.07385  3.320490E-15
2.07439  3.313560E-15
2.07493  3.342590E-15
2.07547  3.301710E-15
2.07601  3.315900E-15
2.07654  3.282170E-15
2.07708  3.308100E-15
2.07762  3.283960E-15
2.07816  3.316460E-15
2.07869  3.302160E-15
2.07923  3.310270E-15
2.07977  3.221480E-15
2.08031  3.309890E-15
2.08084  3.325670E-15
2.08138  3.341190E-15
2.08192  3.320770E-15
2.08246  3.315790E-15
2.08299  3.325040E-15
2.08353  3.320340E-15
2.08407  3.309560E-15
2.08461  3.337080E-15
2.08515  3.287900E-15
2.08568  3.333840E-15
2.08622  3.297450E-15
2.08676  3.326730E-15
2.0873  3.308240E-15
2.08783  3.307300E-15
2.08837  3.289350E-15
2.08891  3.318860E-15
2.08945  3.281010E-15
2.08998  3.314530E-15
2.09052  3.340140E-15
2.09106  3.315560E-15
2.0916  3.289960E-15
2.09213  3.318760E-15
2.09267  3.280850E-15
2.09321  3.312500E-15
2.09375  3.273150E-15
2.09428  3.300080E-15
2.09482  3.298430E-15
2.09536  3.319960E-15
2.0959  3.300270E-15
2.09643  3.292680E-15
2.09697  3.306490E-15
2.09751  3.320230E-15
2.09805  3.272450E-15
2.09858  3.273150E-15
2.09912  3.265130E-15
2.09966  3.299620E-15
2.1002  3.254410E-15
2.10073  3.267910E-15
2.10127  3.243210E-15
2.10181  3.271690E-15
2.10235  3.242750E-15
2.10288  3.277860E-15
2.10342  3.238340E-15
2.10396  3.304780E-15
2.1045  3.270240E-15
2.10503  3.299850E-15
2.10557  3.258110E-15
2.10611  3.280260E-15
2.10665  3.269520E-15
2.10718  3.304760E-15
2.10772  3.270660E-15
2.10826  3.276340E-15
2.10879  3.247080E-15
2.10933  3.275360E-15
2.10987  3.245250E-15
2.11041  3.274710E-15
2.11094  3.269860E-15
2.11148  3.289870E-15
2.11202  3.229960E-15
2.11256  3.272840E-15
2.11309  3.251870E-15
2.11363  3.288130E-15
2.11417  3.280860E-15
2.11471  3.259330E-15
2.11524  3.270680E-15
2.11578  3.270420E-15
2.11632  3.265120E-15
2.11686  3.279960E-15
2.11739  3.262650E-15
2.11793  3.280290E-15
2.11847  3.240300E-15
2.119  3.302340E-15
2.11954  3.264030E-15
2.12008  3.283580E-15
2.12062  3.250620E-15
2.12115  3.295740E-15
2.12169  3.272490E-15
2.12223  3.270640E-15
2.12277  3.257830E-15
2.1233  3.265960E-15
2.12384  3.252760E-15
2.12438  3.289790E-15
2.12492  3.255850E-15
2.12545  3.268990E-15
2.12599  3.245120E-15
2.12653  3.267910E-15
2.12706  3.252000E-15
2.1276  3.301340E-15
2.12814  3.282260E-15
2.12868  3.295230E-15
2.12921  3.273340E-15
2.12975  3.303040E-15
2.13029  3.263770E-15
2.13083  3.275130E-15
2.13136  3.245100E-15
2.1319  3.257890E-15
2.13244  3.249650E-15
2.13297  3.275330E-15
2.13351  3.232850E-15
2.13405  3.274110E-15
2.13459  3.275190E-15
2.13512  3.277330E-15
2.13566  3.258540E-15
2.1362  3.270700E-15
2.13674  3.277890E-15
2.13727  3.273700E-15
2.13781  3.292630E-15
2.13835  3.307180E-15
2.13888  3.317320E-15
2.13942  3.344210E-15
2.13996  3.326680E-15
2.1405  3.348710E-15
2.14103  3.307910E-15
2.14157  3.292110E-15
2.14211  3.269320E-15
2.14264  3.279170E-15
2.14318  3.259020E-15
2.14372  3.281700E-15
2.14426  3.277460E-15
2.14479  3.291810E-15
2.14533  3.210680E-15
2.14587  3.290400E-15
2.1464  3.263270E-15
2.14694  3.292650E-15
2.14748  3.278550E-15
2.14802  3.278150E-15
2.14855  3.249790E-15
2.14909  3.297400E-15
2.14963  3.284180E-15
2.15016  3.317930E-15
2.1507  3.277330E-15
2.15124  3.291150E-15
2.15178  3.281270E-15
2.15231  3.279030E-15
2.15285  3.303540E-15
2.15339  3.294660E-15
2.15392  3.262110E-15
2.15446  3.286080E-15
2.155  3.259330E-15
2.15554  3.299730E-15
2.15607  3.280380E-15
2.15661  3.282050E-15
2.15715  3.294800E-15
2.15768  3.259300E-15
2.15822  3.278280E-15
2.15876  3.283600E-15
2.1593  3.269890E-15
2.15983  3.303000E-15
2.16037  3.286450E-15
2.16091  3.287930E-15
2.16144  3.295080E-15
2.16198  3.329090E-15
2.16252  3.298610E-15
2.16305  3.310790E-15
2.16359  3.274000E-15
2.16413  3.285650E-15
2.16467  3.287950E-15
2.1652  3.275890E-15
2.16574  3.266850E-15
2.16628  3.306040E-15
2.16681  3.311760E-15
2.16735  3.310540E-15
2.16789  3.318500E-15
2.16843  3.357480E-15
2.16896  3.347370E-15
2.1695  3.389800E-15
2.17004  3.368550E-15
2.17057  3.394420E-15
2.17111  3.345670E-15
2.17165  3.390280E-15
2.17218  3.363340E-15
2.17272  3.395420E-15
2.17326  3.357520E-15
2.1738  3.426940E-15
2.17433  3.357460E-15
2.17487  3.389660E-15
2.17541  3.367840E-15
2.17594  3.409070E-15
2.17648  3.387320E-15
2.17702  3.390200E-15
2.17755  3.392440E-15
2.17809  3.409280E-15
2.17863  3.335090E-15
2.17917  3.401760E-15
2.1797  3.370180E-15
2.18024  3.368360E-15
2.18078  3.396440E-15
2.18131  3.418820E-15
2.18185  3.395800E-15
2.18239  3.399660E-15
2.18292  3.389520E-15
2.18346  3.405060E-15
2.184  3.385450E-15
2.18453  3.393010E-15
2.18507  3.370330E-15
2.18561  3.420830E-15
2.18615  3.380750E-15
2.18668  3.395100E-15
2.18722  3.356640E-15
2.18776  3.384850E-15
2.18829  3.380320E-15
2.18883  3.405530E-15
2.18937  3.368210E-15
2.1899  3.402580E-15
2.19044  3.379500E-15
2.19098  3.392190E-15
2.19151  3.351150E-15
2.19205  3.372450E-15
2.19259  3.361570E-15
2.19313  3.404950E-15
2.19366  3.388380E-15
2.1942  3.348340E-15
2.19474  3.323230E-15
2.19527  3.345480E-15
2.19581  3.327770E-15
2.19635  3.358070E-15
2.19688  3.321340E-15
2.19742  3.299100E-15
2.19796  3.283660E-15
2.19849  3.304160E-15
2.19903  3.265060E-15
2.19957  3.261050E-15
2.2001  3.246540E-15
2.20064  3.269790E-15
2.20118  3.264520E-15
2.20172  3.272580E-15
2.20225  3.252390E-15
2.20279  3.260240E-15
2.20333  3.254720E-15
2.20386  3.249490E-15
2.2044  3.254320E-15
2.20494  3.267510E-15
2.20547  3.242000E-15
2.20601  3.270280E-15
2.20655  3.218210E-15
2.20708  3.245750E-15
2.20762  3.220850E-15
2.20816  3.241870E-15
2.20869  3.210050E-15
2.20923  3.232680E-15
2.20977  3.215170E-15
2.2103  3.234950E-15
2.21084  3.211460E-15
2.21138  3.255660E-15
2.21192  3.212700E-15
2.21245  3.230840E-15
2.21299  3.229010E-15
2.21353  3.228300E-15
2.21406  3.229720E-15
2.2146  3.232600E-15
2.21514  3.193000E-15
2.21567  3.210020E-15
2.21621  3.180710E-15
2.21675  3.243930E-15
2.21728  3.196860E-15
2.21782  3.239830E-15
2.21836  3.199270E-15
2.21889  3.211820E-15
2.21943  3.207220E-15
2.21997  3.235930E-15
2.2205  3.198980E-15
2.22104  3.237180E-15
2.22158  3.197570E-15
2.22211  3.219170E-15
2.22265  3.196660E-15
2.22319  3.217950E-15
2.22372  3.190220E-15
2.22426  3.195950E-15
2.2248  3.195200E-15
2.22533  3.197400E-15
2.22587  3.174860E-15
2.22641  3.205800E-15
2.22695  3.169550E-15
2.22748  3.187020E-15
2.22802  3.209210E-15
2.22856  3.229570E-15
2.22909  3.223310E-15
2.22963  3.229930E-15
2.23017  3.185910E-15
2.2307  3.224420E-15
2.23124  3.205240E-15
2.23178  3.203380E-15
2.23231  3.195060E-15
2.23285  3.191920E-15
2.23339  3.203820E-15
2.23392  3.235820E-15
2.23446  3.178160E-15
2.235  3.208720E-15
2.23553  3.181020E-15
2.23607  3.255250E-15
2.23661  3.190810E-15
2.23714  3.218980E-15
2.23768  3.204560E-15
2.23822  3.183130E-15
2.23875  3.198530E-15
2.23929  3.185030E-15
2.23983  3.235120E-15
2.24036  3.206720E-15
2.2409  3.179460E-15
2.24144  3.237250E-15
2.24197  3.215330E-15
2.24251  3.226810E-15
2.24305  3.194150E-15
2.24358  3.189790E-15
2.24412  3.145270E-15
2.24466  3.179740E-15
2.24519  3.170830E-15
2.24573  3.195830E-15
2.24627  3.157250E-15
2.2468  3.178710E-15
2.24734  3.191250E-15
2.24788  3.173640E-15
2.24841  3.197220E-15
2.24895  3.192840E-15
2.24949  3.165800E-15
2.25002  3.147520E-15
2.25056  3.191810E-15
2.2511  3.184570E-15
2.25163  3.167790E-15
2.25217  3.198800E-15
2.25271  3.182260E-15
2.25324  3.182310E-15
2.25378  3.189970E-15
2.25432  3.168780E-15
2.25485  3.166560E-15
2.25539  3.186110E-15
2.25593  3.167140E-15
2.25646  3.168190E-15
2.257  3.131670E-15
2.25754  3.130200E-15
2.25807  3.140530E-15
2.25861  3.175260E-15
2.25915  3.177820E-15
2.25968  3.188470E-15
2.26022  3.149590E-15
2.26076  3.163070E-15
2.26129  3.122790E-15
2.26183  3.160400E-15
2.26237  3.157110E-15
2.2629  3.190600E-15
2.26344  3.188550E-15
2.26398  3.165810E-15
2.26451  3.110750E-15
2.26505  3.141740E-15
2.26559  3.147700E-15
2.26612  3.178830E-15
2.26666  3.157660E-15
2.2672  3.183610E-15
2.26773  3.156260E-15
2.26827  3.123530E-15
2.26881  3.144100E-15
2.26934  3.152820E-15
2.26988  3.148620E-15
2.27041  3.177410E-15
2.27095  3.155660E-15
2.27149  3.182820E-15
2.27202  3.162430E-15
2.27256  3.158410E-15
2.2731  3.123330E-15
2.27363  3.164860E-15
2.27417  3.157590E-15
2.27471  3.141530E-15
2.27524  3.130870E-15
2.27578  3.111900E-15
2.27632  3.122440E-15
2.27685  3.164050E-15
2.27739  3.129540E-15
2.27793  3.152150E-15
2.27846  3.152030E-15
2.279  3.151970E-15
2.27954  3.119520E-15
2.28007  3.136530E-15
2.28061  3.120910E-15
2.28115  3.135790E-15
2.28168  3.130010E-15
2.28222  3.156600E-15
2.28276  3.124860E-15
2.28329  3.130160E-15
2.28383  3.100240E-15
2.28437  3.148480E-15
2.2849  3.118790E-15
2.28544  3.117140E-15
2.28598  3.122550E-15
2.28651  3.125310E-15
2.28705  3.134140E-15
2.28759  3.146210E-15
2.28812  3.152150E-15
2.28866  3.153940E-15
2.28919  3.121490E-15
2.28973  3.111910E-15
2.29027  3.128750E-15
2.2908  3.139540E-15
2.29134  3.128870E-15
2.29188  3.125790E-15
2.29241  3.132180E-15
2.29295  3.133310E-15
2.29349  3.119070E-15
2.29402  3.140560E-15
2.29456  3.109720E-15
2.2951  3.137780E-15
2.29563  3.110050E-15
2.29617  3.121030E-15
2.29671  3.128550E-15
2.29724  3.163130E-15
2.29778  3.142470E-15
2.29832  3.127160E-15
2.29885  3.109730E-15
2.29939  3.131690E-15
2.29993  3.082340E-15
2.30046  3.128480E-15
2.301  3.087380E-15
2.30153  3.118950E-15
2.30207  3.128770E-15
2.30261  3.122590E-15
2.30314  3.125100E-15
2.30368  3.100670E-15
2.30422  3.104850E-15
2.30475  3.140240E-15
2.30529  3.116470E-15
2.30583  3.119810E-15
2.30636  3.108610E-15
2.3069  3.101810E-15
2.30744  3.099530E-15
2.30797  3.120280E-15
2.30851  3.108540E-15
2.30905  3.101690E-15
2.30958  3.103690E-15
2.31012  3.113730E-15
2.31066  3.112860E-15
2.31119  3.111350E-15
2.31173  3.086560E-15
2.31226  3.090040E-15
2.3128  3.100080E-15
2.31334  3.097060E-15
2.31387  3.078980E-15
2.31441  3.122060E-15
2.31495  3.089080E-15
2.31548  3.152570E-15
2.31602  3.078340E-15
2.31656  3.089520E-15
2.31709  3.052620E-15
2.31763  3.071350E-15
2.31817  3.070160E-15
2.3187  3.088980E-15
2.31924  3.098730E-15
2.31978  3.107960E-15
2.32031  3.094640E-15
2.32085  3.124620E-15
2.32138  3.066420E-15
2.32192  3.127730E-15
2.32246  3.079210E-15
2.32299  3.061210E-15
2.32353  3.051120E-15
2.32407  3.089590E-15
2.3246  3.079980E-15
2.32514  3.090830E-15
2.32568  3.086500E-15
2.32621  3.094000E-15
2.32675  3.083590E-15
2.32729  3.099970E-15
2.32782  3.082210E-15
2.32836  3.073750E-15
2.3289  3.097350E-15
2.32943  3.068730E-15
2.32997  3.090770E-15
2.3305  3.107520E-15
2.33104  3.078440E-15
2.33158  3.086440E-15
2.33211  3.071340E-15
2.33265  3.089000E-15
2.33319  3.068830E-15
2.33372  3.066730E-15
2.33426  3.055510E-15
2.3348  3.102890E-15
2.33533  3.106520E-15
2.33587  3.084110E-15
2.33641  3.099010E-15
2.33694  3.114660E-15
2.33748  3.102850E-15
2.33802  3.103970E-15
2.33855  3.100730E-15
2.33909  3.142350E-15
2.33962  3.110820E-15
2.34016  3.108420E-15
2.3407  3.076410E-15
2.34123  3.091030E-15
2.34177  3.055360E-15
2.34231  3.108410E-15
2.34284  3.054350E-15
2.34338  3.080770E-15
2.34392  3.053750E-15
2.34445  3.082920E-15
2.34499  3.035690E-15
2.34553  3.073590E-15
2.34606  3.039450E-15
2.3466  3.085280E-15
2.34713  3.037850E-15
2.34767  3.063320E-15
2.34821  3.065140E-15
2.34874  3.088520E-15
2.34928  3.080840E-15
2.34982  3.070320E-15
2.35035  3.041780E-15
2.35089  3.111820E-15
2.35143  3.042370E-15
2.35196  3.053670E-15
2.3525  3.018130E-15
2.35304  3.052160E-15
2.35357  3.034930E-15
2.35411  3.071710E-15
2.35465  3.067580E-15
2.35518  3.041290E-15
2.35572  3.039040E-15
2.35625  3.074300E-15
2.35679  3.054580E-15
2.35733  3.085210E-15
2.35786  3.045210E-15
2.3584  3.038120E-15
2.35894  3.042350E-15
2.35947  3.041420E-15
2.36001  3.057650E-15
2.36055  3.062600E-15
2.36108  3.043210E-15
2.36162  3.063730E-15
2.36215  3.077250E-15
2.36269  3.104090E-15
2.36323  3.048890E-15
2.36376  3.054170E-15
2.3643  3.035470E-15
2.36484  3.065210E-15
2.36537  3.035460E-15
2.36591  3.062140E-15
2.36645  3.028020E-15
2.36698  3.049160E-15
2.36752  3.046180E-15
2.36806  3.053310E-15
2.36859  3.073570E-15
2.36913  3.125410E-15
2.36966  3.130710E-15
2.3702  3.010750E-15
2.37074  3.032310E-15
2.37127  2.969830E-15
2.37181  2.966130E-15
2.37235  3.014620E-15
2.37288  3.009100E-15
2.37342  2.995810E-15
2.37396  2.999130E-15
2.37449  3.028000E-15
2.37503  3.020330E-15
2.37557  3.007260E-15
2.3761  2.987400E-15
2.37664  3.033670E-15
2.37717  2.997710E-15
2.37771  3.003620E-15
2.37825  3.010010E-15
2.37878  3.008820E-15
2.37932  3.039540E-15
2.37986  3.032010E-15
2.38039  3.011520E-15
2.38093  3.032280E-15
2.38147  3.054030E-15
2.382  3.075150E-15
2.38254  3.040480E-15
2.38308  3.030760E-15
2.38361  2.965030E-15
2.38415  3.014700E-15
2.38468  3.036440E-15
2.38522  3.054110E-15
2.38576  3.007940E-15
2.38629  3.014850E-15
2.38683  3.018040E-15
2.38737  3.037890E-15
2.3879  2.998880E-15
2.38844  2.982630E-15
2.38898  3.035150E-15
2.38951  3.048450E-15
2.39005  3.065510E-15
2.39059  3.011530E-15
2.39112  2.984350E-15
2.39166  2.972200E-15
2.39219  3.018890E-15
2.39273  3.035110E-15
2.39327  3.008380E-15
2.3938  3.016610E-15
2.39434  3.004260E-15
2.39488  3.018660E-15
2.39541  3.018380E-15
2.39595  2.996610E-15
2.39649  2.962540E-15
2.39702  2.966070E-15
2.39756  2.973160E-15
2.3981  2.993490E-15
2.39863  2.996100E-15
2.39917  3.015410E-15
2.3997  3.002070E-15
2.40024  2.998500E-15
2.40078  2.956980E-15
2.40131  2.995220E-15
2.40185  2.993260E-15
2.40239  3.038790E-15
2.40292  3.010250E-15
2.40346  2.958640E-15
2.404  2.967480E-15
2.40453  2.966970E-15
2.40507  3.008050E-15
2.40561  3.035000E-15
2.40614  3.037740E-15
2.40668  3.016940E-15
2.40721  2.972010E-15
2.40775  2.982440E-15
2.40829  2.961390E-15
2.40882  3.006650E-15
2.40936  3.027750E-15
2.4099  2.952770E-15
2.41043  2.979790E-15
2.41097  3.021640E-15
2.41151  2.935090E-15
2.41204  2.989000E-15
2.41258  3.012330E-15
2.41312  3.006230E-15
2.41365  3.009320E-15
2.41419  3.028830E-15
2.41472  3.014430E-15
2.41526  3.008490E-15
2.4158  2.957270E-15
2.41633  2.919470E-15
2.41687  2.979640E-15
2.41741  3.100410E-15
2.41794  3.049260E-15
2.41848  2.984410E-15
2.41902  2.917580E-15
2.41955  2.926510E-15
2.42009  2.975920E-15
2.42063  3.010290E-15
2.42116  2.980690E-15
2.4217  2.977000E-15
2.42223  2.995210E-15
2.42277  2.993000E-15
2.42331  3.008940E-15
2.42384  2.964890E-15
2.42438  2.984560E-15
2.42492  3.018600E-15
2.42545  3.045190E-15
