0.805292  1.280600E-14
0.805494  1.300050E-14
0.805696  1.261810E-14
0.805898  1.290760E-14
0.8061  1.296360E-14
0.806302  1.264340E-14
0.806504  1.298250E-14
0.806706  1.324380E-14
0.806908  1.300990E-14
0.80711  1.308650E-14
0.807312  1.300860E-14
0.807514  1.280470E-14
0.807716  1.293990E-14
0.807918  1.267530E-14
0.80812  1.299750E-14
0.808322  1.299050E-14
0.808524  1.266220E-14
0.808726  1.237610E-14
0.808928  1.264920E-14
0.80913  1.277470E-14
0.809191  1.255010E-14
0.809424  1.238520E-14
0.809657  1.246700E-14
0.80989  1.242140E-14
0.810123  1.225890E-14
0.810356  1.250940E-14
0.810589  1.239850E-14
0.810822  1.236360E-14
0.811055  1.213970E-14
0.811288  1.224600E-14
0.811521  1.254980E-14
0.811754  1.260140E-14
0.811987  1.242020E-14
0.812219  1.233220E-14
0.812452  1.223880E-14
0.812685  1.218350E-14
0.812918  1.219130E-14
0.813151  1.245260E-14
0.813384  1.253230E-14
0.813617  1.239690E-14
0.81385  1.226110E-14
0.814083  1.231620E-14
0.814315  1.237510E-14
0.814548  1.258470E-14
0.814781  1.247070E-14
0.815014  1.269240E-14
0.815247  1.273520E-14
0.81548  1.273650E-14
0.815712  1.271340E-14
0.815945  1.291850E-14
0.816178  1.270240E-14
0.816411  1.299540E-14
0.816644  1.270670E-14
0.816876  1.267790E-14
0.817109  1.247470E-14
0.817342  1.238570E-14
0.817575  1.233100E-14
0.817807  1.248900E-14
0.81804  1.272850E-14
0.818273  1.246100E-14
0.818506  1.255510E-14
0.818738  1.257630E-14
0.818971  1.263940E-14
0.819204  1.248890E-14
0.819437  1.252760E-14
0.819669  1.245670E-14
0.819902  1.250250E-14
0.820135  1.273150E-14
0.820367  1.263720E-14
0.8206  1.259440E-14
0.820833  1.261300E-14
0.821065  1.258630E-14
0.821298  1.224260E-14
0.821531  1.230500E-14
0.821763  1.259530E-14
0.821996  1.249050E-14
0.822229  1.249690E-14
0.822461  1.243550E-14
0.822694  1.245020E-14
0.822927  1.236700E-14
0.823159  1.230390E-14
0.823392  1.243330E-14
0.823624  1.225450E-14
0.823857  1.255650E-14
0.82409  1.223000E-14
0.824322  1.250050E-14
0.824555  1.258510E-14
0.824787  1.277850E-14
0.82502  1.261940E-14
0.825253  1.274780E-14
0.825485  1.280500E-14
0.825718  1.291110E-14
0.82595  1.313990E-14
0.826183  1.318670E-14
0.826415  1.319470E-14
0.826648  1.309530E-14
0.82688  1.309290E-14
0.827113  1.292140E-14
0.827345  1.261930E-14
0.827578  1.260770E-14
0.82781  1.259110E-14
0.828043  1.247490E-14
0.828275  1.282320E-14
0.828508  1.282140E-14
0.82874  1.266980E-14
0.828973  1.291360E-14
0.829205  1.289220E-14
0.829438  1.283520E-14
0.82967  1.270220E-14
0.829903  1.267760E-14
0.830135  1.252880E-14
0.830368  1.244460E-14
0.8306  1.270220E-14
0.830832  1.251610E-14
0.831065  1.270770E-14
0.831297  1.251990E-14
0.83153  1.263150E-14
0.831762  1.271170E-14
0.831994  1.258800E-14
0.832227  1.263790E-14
0.832459  1.250990E-14
0.832692  1.247270E-14
0.832924  1.248300E-14
0.833156  1.258730E-14
0.833389  1.269710E-14
0.833621  1.255760E-14
0.833853  1.250970E-14
0.834086  1.237860E-14
0.834318  1.283070E-14
0.83455  1.232940E-14
0.834783  1.241790E-14
0.835015  1.237000E-14
0.835247  1.258540E-14
0.83548  1.265510E-14
0.835712  1.239160E-14
0.835944  1.246690E-14
0.836177  1.248300E-14
0.836409  1.233690E-14
0.836641  1.245080E-14
0.836873  1.250860E-14
0.837106  1.255790E-14
0.837338  1.256120E-14
0.83757  1.255140E-14
0.837803  1.233420E-14
0.838035  1.237840E-14
0.838267  1.257480E-14
0.838499  1.262320E-14
0.838731  1.243790E-14
0.838964  1.278490E-14
0.839196  1.237650E-14
0.839428  1.275700E-14
0.83966  1.267060E-14
0.839893  1.251580E-14
0.840125  1.274190E-14
0.840357  1.268580E-14
0.840589  1.247510E-14
0.840821  1.244840E-14
0.841054  1.257980E-14
0.841286  1.284560E-14
0.841518  1.273860E-14
0.84175  1.249560E-14
0.841982  1.272340E-14
0.842214  1.292330E-14
0.842447  1.301680E-14
0.842679  1.308280E-14
0.842911  1.316010E-14
0.843143  1.331760E-14
0.843375  1.328340E-14
0.843607  1.315830E-14
0.843839  1.333270E-14
0.844071  1.341560E-14
0.844304  1.345680E-14
0.844536  1.369600E-14
0.844768  1.353920E-14
0.845  1.332010E-14
0.845232  1.341490E-14
0.845464  1.340360E-14
0.845696  1.343710E-14
0.845928  1.363570E-14
0.84616  1.378400E-14
0.846392  1.371440E-14
0.846624  1.394480E-14
0.846856  1.424150E-14
0.847088  1.394180E-14
0.84732  1.443650E-14
0.847552  1.447030E-14
0.847785  1.475450E-14
0.848017  1.458300E-14
0.848249  1.457230E-14
0.848481  1.456500E-14
0.848713  1.446780E-14
0.848945  1.433390E-14
0.849177  1.439820E-14
0.849409  1.455150E-14
0.849641  1.404540E-14
0.849873  1.393310E-14
0.850105  1.380240E-14
0.850336  1.367200E-14
0.850568  1.404720E-14
0.8508  1.401440E-14
0.851032  1.387040E-14
0.851264  1.379830E-14
0.851496  1.383550E-14
0.851728  1.385270E-14
0.85196  1.389700E-14
0.852192  1.376180E-14
0.852424  1.364650E-14
0.852656  1.367740E-14
0.852888  1.372890E-14
0.85312  1.372720E-14
0.853352  1.382850E-14
0.853584  1.375960E-14
0.853815  1.393220E-14
0.854047  1.376480E-14
0.854279  1.331990E-14
0.854511  1.336710E-14
0.854743  1.319390E-14
0.854975  1.331950E-14
0.855207  1.324730E-14
0.855439  1.331930E-14
0.855671  1.342900E-14
0.855902  1.300730E-14
0.856134  1.289100E-14
0.856366  1.256770E-14
0.856598  1.239750E-14
0.85683  1.204430E-14
0.857062  1.209480E-14
0.857293  1.203830E-14
0.857525  1.197550E-14
0.857757  1.211200E-14
0.857989  1.200440E-14
0.858221  1.206350E-14
0.858452  1.201040E-14
0.858684  1.221340E-14
0.858916  1.222060E-14
0.859148  1.220820E-14
0.85938  1.201010E-14
0.859611  1.208620E-14
0.859843  1.196900E-14
0.860075  1.204670E-14
0.860307  1.228980E-14
0.860539  1.246450E-14
0.86077  1.233730E-14
0.861002  1.228200E-14
0.861234  1.220180E-14
0.861466  1.231520E-14
0.861697  1.207280E-14
0.861929  1.203740E-14
0.862161  1.203460E-14
0.862392  1.225080E-14
0.862624  1.233550E-14
0.862856  1.233180E-14
0.863088  1.233890E-14
0.863319  1.243630E-14
0.863551  1.287180E-14
0.863783  1.293100E-14
0.864014  1.294530E-14
0.864246  1.344510E-14
0.864478  1.361800E-14
0.864709  1.366120E-14
0.864941  1.367600E-14
0.865173  1.323200E-14
0.865404  1.310280E-14
0.865636  1.286420E-14
0.865868  1.246850E-14
0.866099  1.232640E-14
0.866331  1.207700E-14
0.866563  1.192600E-14
0.866794  1.199160E-14
0.867026  1.173620E-14
0.867258  1.182580E-14
0.867489  1.177680E-14
0.867721  1.188790E-14
0.867953  1.161880E-14
0.868184  1.172300E-14
0.868416  1.164770E-14
0.868647  1.168490E-14
0.868879  1.145320E-14
0.869111  1.158830E-14
0.869342  1.132130E-14
0.869574  1.148420E-14
0.869805  1.153950E-14
0.870037  1.151650E-14
0.870269  1.172650E-14
0.8705  1.160530E-14
0.870732  1.149800E-14
0.870963  1.146900E-14
0.871195  1.142770E-14
0.871426  1.136220E-14
0.871658  1.133760E-14
0.871889  1.131160E-14
0.872121  1.155720E-14
0.872353  1.157540E-14
0.872584  1.155820E-14
0.872816  1.172390E-14
0.873047  1.179910E-14
0.873279  1.180510E-14
0.87351  1.174560E-14
0.873742  1.149530E-14
0.873973  1.175880E-14
0.874205  1.153220E-14
0.874436  1.145630E-14
0.874668  1.147770E-14
0.874899  1.153090E-14
0.875131  1.152740E-14
0.875362  1.144310E-14
0.875594  1.162550E-14
0.875825  1.180630E-14
0.876057  1.180440E-14
0.876288  1.169210E-14
0.87652  1.179500E-14
0.876751  1.180430E-14
0.876982  1.176150E-14
0.877214  1.189460E-14
0.877445  1.192720E-14
0.877677  1.221960E-14
0.877908  1.210840E-14
0.87814  1.221990E-14
0.878371  1.201720E-14
0.878603  1.162590E-14
0.878834  1.150880E-14
0.879065  1.146800E-14
0.879297  1.127900E-14
0.879528  1.134580E-14
0.87976  1.128010E-14
0.879991  1.142030E-14
0.880222  1.110850E-14
0.880454  1.130010E-14
0.880685  1.109670E-14
0.880917  1.135140E-14
0.881148  1.115080E-14
0.881379  1.094560E-14
0.881611  1.113810E-14
0.881842  1.132320E-14
0.882074  1.133860E-14
0.882305  1.119660E-14
0.882536  1.110090E-14
0.882768  1.102700E-14
0.882999  1.110120E-14
0.88323  1.112450E-14
0.883462  1.130900E-14
0.883693  1.125490E-14
0.883924  1.105950E-14
0.884156  1.130830E-14
0.884387  1.143910E-14
0.884618  1.147440E-14
0.88485  1.139850E-14
0.885081  1.151110E-14
0.885312  1.115920E-14
0.885544  1.130700E-14
0.885775  1.139900E-14
0.886006  1.145260E-14
0.886238  1.137430E-14
0.886469  1.112110E-14
0.8867  1.138970E-14
0.886932  1.151050E-14
0.887163  1.161080E-14
0.887394  1.159080E-14
0.887625  1.162660E-14
0.887857  1.142790E-14
0.888088  1.182460E-14
0.888319  1.201720E-14
0.888551  1.180050E-14
0.888782  1.187910E-14
0.889013  1.196840E-14
0.889244  1.195670E-14
0.889476  1.190800E-14
0.889707  1.173770E-14
0.889938  1.161390E-14
0.890169  1.155770E-14
0.890401  1.160700E-14
0.890632  1.138030E-14
0.890863  1.152530E-14
0.891094  1.143460E-14
0.891325  1.129410E-14
0.891557  1.164800E-14
0.891788  1.186290E-14
0.892019  1.166160E-14
0.89225  1.174390E-14
0.892482  1.183890E-14
0.892713  1.148430E-14
0.892944  1.143190E-14
0.893175  1.139570E-14
0.893406  1.148960E-14
0.893638  1.131120E-14
0.893869  1.110790E-14
0.8941  1.118880E-14
0.894331  1.130740E-14
0.894562  1.107690E-14
0.894794  1.126560E-14
0.895025  1.103490E-14
0.895256  1.141630E-14
0.895487  1.113100E-14
0.895718  1.119530E-14
0.895949  1.121250E-14
0.896181  1.130830E-14
0.896412  1.119270E-14
0.896643  1.097530E-14
0.896874  1.126130E-14
0.897105  1.112220E-14
0.897336  1.103280E-14
0.897567  1.111630E-14
0.897799  1.086970E-14
0.89803  1.084380E-14
0.898261  1.068280E-14
0.898492  1.067430E-14
0.898723  1.094960E-14
0.898954  1.107540E-14
0.899185  1.097050E-14
0.899416  1.105150E-14
0.899648  1.074040E-14
0.899879  1.089230E-14
0.90011  1.064170E-14
0.900341  1.070150E-14
0.900572  1.069570E-14
0.900803  1.066230E-14
0.901034  1.068740E-14
0.901265  1.061490E-14
0.901496  1.039600E-14
0.901727  1.046410E-14
0.901959  1.058030E-14
0.90219  1.048480E-14
0.902421  1.085470E-14
0.902652  1.095700E-14
0.902883  1.113010E-14
0.903114  1.125760E-14
0.903345  1.124390E-14
0.903576  1.133740E-14
0.903807  1.168950E-14
0.904038  1.167340E-14
0.904269  1.183220E-14
0.9045  1.169210E-14
0.904731  1.189690E-14
0.904962  1.193980E-14
0.905193  1.173490E-14
0.905424  1.158910E-14
0.905655  1.165090E-14
0.905886  1.179920E-14
0.906117  1.194160E-14
0.906349  1.208300E-14
0.90658  1.206220E-14
0.906811  1.216220E-14
0.907042  1.243280E-14
0.907273  1.291870E-14
0.907504  1.293960E-14
0.907735  1.311160E-14
0.907966  1.380600E-14
0.908197  1.437730E-14
0.908428  1.550140E-14
0.908659  1.720560E-14
0.90889  1.948390E-14
0.909121  2.278270E-14
0.909352  2.732800E-14
0.909583  3.342110E-14
0.909814  3.478960E-14
0.910045  3.508680E-14
0.910276  3.255720E-14
0.910507  2.806270E-14
0.910738  2.305070E-14
0.910968  1.913650E-14
0.911199  1.667450E-14
0.91143  1.561300E-14
0.911661  1.421740E-14
0.911892  1.334010E-14
0.912123  1.252940E-14
0.912354  1.238890E-14
0.912585  1.205520E-14
0.912816  1.174780E-14
0.913047  1.190550E-14
0.913278  1.161660E-14
0.913509  1.173020E-14
0.91374  1.148730E-14
0.913971  1.172600E-14
0.914202  1.158120E-14
0.914433  1.163810E-14
0.914664  1.147670E-14
0.914895  1.141270E-14
0.915126  1.141010E-14
0.915356  1.141940E-14
0.915587  1.151470E-14
0.915818  1.186570E-14
0.916049  1.148080E-14
0.91628  1.143560E-14
0.916511  1.156710E-14
0.916742  1.132610E-14
0.916973  1.131810E-14
0.917204  1.118170E-14
0.917435  1.137630E-14
0.917666  1.157240E-14
0.917896  1.127510E-14
0.918127  1.118280E-14
0.918358  1.164750E-14
0.918589  1.148380E-14
0.91882  1.169360E-14
0.919051  1.174100E-14
0.919282  1.173230E-14
0.919513  1.123540E-14
0.919744  1.154100E-14
0.919974  1.146110E-14
0.920205  1.150750E-14
0.920436  1.171910E-14
0.920667  1.170130E-14
0.920898  1.175620E-14
0.921129  1.198200E-14
0.92136  1.183930E-14
0.921591  1.207010E-14
0.921821  1.182780E-14
0.922052  1.187690E-14
0.922283  1.189860E-14
0.922514  1.209620E-14
0.922745  1.182320E-14
0.922976  1.189980E-14
0.923206  1.173560E-14
0.923437  1.169360E-14
0.923668  1.194080E-14
0.923899  1.220720E-14
0.92413  1.209020E-14
0.924361  1.216250E-14
0.924591  1.188240E-14
0.924822  1.222340E-14
0.925053  1.234510E-14
0.925284  1.266770E-14
0.925515  1.303530E-14
0.925746  1.329500E-14
0.925976  1.327010E-14
0.926207  1.304500E-14
0.926438  1.281710E-14
0.926669  1.272040E-14
0.9269  1.212090E-14
0.92713  1.215220E-14
0.927361  1.199020E-14
0.927592  1.158970E-14
0.927823  1.148050E-14
0.928054  1.143470E-14
0.928284  1.121620E-14
0.928515  1.139340E-14
0.928746  1.143290E-14
0.928977  1.149460E-14
0.929208  1.137660E-14
0.929438  1.129840E-14
0.929669  1.159640E-14
0.9299  1.114120E-14
0.930131  1.119050E-14
0.930362  1.142670E-14
0.930592  1.124620E-14
0.930823  1.132230E-14
0.931054  1.127850E-14
0.931285  1.110170E-14
0.931515  1.090130E-14
0.931746  1.097080E-14
0.931977  1.090570E-14
0.932208  1.042610E-14
0.932439  1.073380E-14
0.932669  1.098350E-14
0.9329  1.084780E-14
0.933131  1.052880E-14
0.933362  1.084870E-14
0.933592  1.092820E-14
0.933823  1.055280E-14
0.934054  1.081860E-14
0.934285  1.049010E-14
0.934515  1.098670E-14
0.934746  1.085010E-14
0.934977  1.027550E-14
0.935208  1.056670E-14
0.935438  1.033720E-14
0.935669  1.034410E-14
0.9359  1.039520E-14
0.936131  1.023900E-14
0.936361  1.049580E-14
0.936592  1.023680E-14
0.936823  1.033970E-14
0.937053  1.031960E-14
0.937284  1.040820E-14
0.937515  1.037730E-14
0.937746  1.017730E-14
0.937976  1.022450E-14
0.938207  1.008530E-14
0.938438  9.991820E-15
0.938669  9.808140E-15
0.938899  9.900260E-15
0.93913  9.956390E-15
0.939361  1.010420E-14
0.939591  1.013120E-14
0.939745  1.014400E-14
0.940016  9.756760E-15
0.940287  9.826590E-15
0.940558  1.006140E-14
0.940829  1.006230E-14
0.941099  9.991620E-15
0.94137  9.939900E-15
0.941641  9.955760E-15
0.941912  9.899500E-15
0.942182  9.889210E-15
0.942453  9.888210E-15
0.942724  9.966540E-15
0.942995  9.941100E-15
0.943266  1.008640E-14
0.943536  1.009240E-14
0.943807  9.966470E-15
0.944078  9.954200E-15
0.944349  9.779310E-15
0.944619  9.747290E-15
0.94489  9.993540E-15
0.945161  9.802480E-15
0.945432  9.918110E-15
0.945702  9.844810E-15
0.945973  9.902190E-15
0.946244  9.931240E-15
0.946514  1.014700E-14
0.946785  9.789290E-15
0.947056  9.872100E-15
0.947327  9.805450E-15
0.947597  9.853350E-15
0.947868  9.826290E-15
0.948139  9.872110E-15
0.948409  9.948900E-15
0.94868  9.951050E-15
0.948951  9.909660E-15
0.949221  1.007800E-14
0.949492  1.017330E-14
0.949763  1.020980E-14
0.950033  1.027300E-14
0.950304  1.043830E-14
0.950575  1.015650E-14
0.950845  1.041670E-14
0.951116  1.035030E-14
0.951387  1.033790E-14
0.951657  1.048280E-14
0.951928  1.061410E-14
0.952198  1.083270E-14
0.952469  1.092530E-14
0.95274  1.132180E-14
0.95301  1.168850E-14
0.953281  1.207150E-14
0.953551  1.260380E-14
0.953822  1.311500E-14
0.954093  1.409970E-14
0.954363  1.524300E-14
0.954634  1.771850E-14
0.954904  2.183440E-14
0.955175  2.724490E-14
0.955446  3.602520E-14
0.955716  4.972160E-14
0.955987  6.290770E-14
0.956257  6.795580E-14
0.956528  6.576250E-14
0.956798  5.725540E-14
0.957069  4.323940E-14
0.957339  3.181740E-14
0.95761  2.547840E-14
0.95788  2.149400E-14
0.958151  1.836240E-14
0.958422  1.596860E-14
0.958692  1.416300E-14
0.958963  1.286210E-14
0.959233  1.226770E-14
0.959504  1.174980E-14
0.959774  1.146450E-14
0.960045  1.132310E-14
0.960315  1.080620E-14
0.960586  1.083480E-14
0.960856  1.097190E-14
0.961127  1.098730E-14
0.961397  1.082730E-14
0.961668  1.072610E-14
0.961938  1.068480E-14
0.962209  1.064470E-14
0.962479  1.058900E-14
0.962749  1.059360E-14
0.96302  1.068460E-14
0.96329  1.066370E-14
0.963561  1.050040E-14
0.963831  1.063810E-14
0.964102  1.051490E-14
0.964372  1.051420E-14
0.964643  1.049320E-14
0.964913  1.053600E-14
0.965183  1.034190E-14
0.965454  1.053920E-14
0.965724  1.034820E-14
0.965995  1.055600E-14
0.966265  1.036570E-14
0.966536  1.030760E-14
0.966806  1.030790E-14
0.967076  1.018320E-14
0.967347  1.016890E-14
0.967617  9.981930E-15
0.967887  9.944020E-15
0.968158  9.722240E-15
0.968428  9.980920E-15
0.968699  9.799210E-15
0.968969  9.754020E-15
0.969239  9.752990E-15
0.96951  9.636370E-15
0.96978  9.514700E-15
0.97005  9.522750E-15
0.970321  9.367720E-15
0.970591  9.445580E-15
0.970861  9.451230E-15
0.971132  9.143310E-15
0.971402  9.327180E-15
0.971672  9.307990E-15
0.971943  9.195680E-15
0.972213  9.299910E-15
0.972483  9.397750E-15
0.972754  9.234620E-15
0.973024  9.309560E-15
0.973294  9.329450E-15
0.973565  9.556660E-15
0.973835  9.352420E-15
0.974105  9.318170E-15
0.974376  9.376730E-15
0.974646  9.364560E-15
0.974916  9.457950E-15
0.975186  9.388140E-15
0.975457  9.351740E-15
0.975727  9.199840E-15
0.975997  9.194140E-15
0.976267  9.080000E-15
0.976538  9.040950E-15
0.976808  9.094640E-15
0.977078  8.996240E-15
0.977348  9.086020E-15
0.977619  9.027460E-15
0.977889  9.011050E-15
0.978159  9.092470E-15
0.978429  9.010020E-15
0.9787  9.043710E-15
0.97897  9.210760E-15
0.97924  9.107720E-15
0.97951  9.016280E-15
0.97978  9.107580E-15
0.980051  9.093800E-15
0.980321  9.078020E-15
0.980591  9.009540E-15
0.980861  9.142000E-15
0.981132  8.979790E-15
0.981402  9.056790E-15
0.981672  9.001820E-15
0.981942  8.911620E-15
0.982212  9.097520E-15
0.982482  9.221150E-15
0.982753  9.265920E-15
0.983023  9.368810E-15
0.983293  9.337920E-15
0.983563  9.405020E-15
0.983833  9.404750E-15
0.984103  9.421190E-15
0.984374  9.456300E-15
0.984644  9.518530E-15
0.984914  9.528720E-15
0.985184  9.628410E-15
0.985454  9.822150E-15
0.985724  9.806790E-15
0.985994  9.817670E-15
0.986265  9.826470E-15
0.986535  9.655870E-15
0.986805  9.783990E-15
0.987075  9.663790E-15
0.987345  9.956360E-15
0.987615  1.007040E-14
0.987885  1.055860E-14
0.988155  1.076590E-14
0.988425  1.088160E-14
0.988695  1.075050E-14
0.988966  1.036640E-14
0.989236  1.037280E-14
0.989506  1.006760E-14
0.989776  1.001090E-14
0.990046  9.958880E-15
0.990316  9.891350E-15
0.990586  9.936120E-15
0.990856  9.966820E-15
0.991126  1.003700E-14
0.991396  1.010730E-14
0.991666  1.016860E-14
0.991936  1.004660E-14
0.992206  1.027240E-14
0.992476  1.034680E-14
0.992746  1.022300E-14
0.993016  1.049780E-14
0.993286  1.066330E-14
0.993556  1.082270E-14
0.993826  1.132190E-14
0.994096  1.215600E-14
0.994366  1.259730E-14
0.994636  1.252490E-14
0.994906  1.227950E-14
0.995176  1.166220E-14
0.995447  1.113110E-14
0.995716  1.071720E-14
0.995986  1.051630E-14
0.996256  1.050270E-14
0.996526  1.037270E-14
0.996796  1.044710E-14
0.997066  1.052240E-14
0.997336  1.046980E-14
0.997606  1.043990E-14
0.997876  1.039400E-14
0.998146  1.050290E-14
0.998416  1.048160E-14
0.998686  1.057600E-14
0.998956  1.054470E-14
0.999226  1.057180E-14
0.999496  1.057660E-14
0.999766  1.064810E-14
1.00004  1.073760E-14
1.00031  1.070500E-14
1.00058  1.075800E-14
1.00085  1.064950E-14
1.00112  1.081460E-14
1.00139  1.077830E-14
1.00166  1.089450E-14
1.00193  1.085740E-14
1.0022  1.101430E-14
1.00247  1.122810E-14
1.00274  1.095900E-14
1.00301  1.098310E-14
1.00327  1.110180E-14
1.00354  1.113780E-14
1.00381  1.124970E-14
1.00408  1.134400E-14
1.00435  1.128420E-14
1.00462  1.137940E-14
1.00489  1.134830E-14
1.00516  1.141640E-14
1.00543  1.148440E-14
1.0057  1.147170E-14
1.00597  1.136260E-14
1.00624  1.155090E-14
1.00651  1.170350E-14
1.00678  1.179350E-14
1.00705  1.203130E-14
1.00732  1.239690E-14
1.00759  1.299890E-14
1.00786  1.352720E-14
1.00813  1.379980E-14
1.0084  1.391120E-14
1.00867  1.378330E-14
1.00894  1.332180E-14
1.00921  1.271140E-14
1.00948  1.237180E-14
1.00975  1.209400E-14
1.01002  1.188910E-14
1.01029  1.187820E-14
1.01056  1.188220E-14
1.01083  1.187850E-14
1.0111  1.180480E-14
1.01137  1.177410E-14
1.01164  1.164060E-14
1.01191  1.166380E-14
1.01218  1.171450E-14
1.01245  1.165870E-14
1.01272  1.163780E-14
1.01299  1.176200E-14
1.01326  1.182580E-14
1.01353  1.180350E-14
1.0138  1.176560E-14
1.01407  1.190010E-14
1.01434  1.212950E-14
1.01461  1.240930E-14
1.01488  1.291530E-14
1.01515  1.366120E-14
1.01542  1.417460E-14
1.01569  1.447480E-14
1.01596  1.423550E-14
1.01623  1.376930E-14
1.0165  1.315710E-14
1.01677  1.238840E-14
1.01704  1.216150E-14
1.0173  1.171720E-14
1.01757  1.150290E-14
1.01784  1.129410E-14
1.01811  1.108860E-14
1.01838  1.096540E-14
1.01865  1.080240E-14
1.01892  1.077990E-14
1.01919  1.052830E-14
1.01946  1.056510E-14
1.01973  1.035750E-14
1.02  1.042730E-14
1.02027  1.023110E-14
1.02054  1.028350E-14
1.02081  1.004090E-14
1.02108  1.002250E-14
1.02135  9.998510E-15
1.02162  9.936270E-15
1.02189  1.002110E-14
1.02216  9.876980E-15
1.02243  9.766770E-15
1.0227  9.862580E-15
1.02297  9.709690E-15
1.02324  9.888580E-15
1.02351  9.957700E-15
1.02378  9.923670E-15
1.02405  9.846590E-15
1.02432  9.857200E-15
1.02459  9.763040E-15
1.02486  9.643620E-15
1.02513  9.786430E-15
1.02539  9.654250E-15
1.02566  9.629790E-15
1.02593  9.641760E-15
1.0262  9.719660E-15
1.02647  9.524480E-15
1.02674  9.500490E-15
1.02701  9.605110E-15
1.02728  9.627930E-15
1.02755  9.666530E-15
1.02782  9.709920E-15
1.02809  9.595730E-15
1.02836  9.622460E-15
1.02863  9.594920E-15
1.0289  9.744780E-15
1.02917  9.617360E-15
1.02944  9.590180E-15
1.02971  9.549770E-15
1.02998  9.730340E-15
1.03025  9.704470E-15
1.03052  9.920760E-15
1.03079  1.020490E-14
1.03106  1.041610E-14
1.03133  1.083720E-14
1.0316  1.146450E-14
1.03186  1.181730E-14
1.03213  1.196080E-14
1.0324  1.177450E-14
1.03267  1.148810E-14
1.03294  1.100860E-14
1.03321  1.058560E-14
1.03348  1.039490E-14
1.03375  1.042020E-14
1.03402  1.048360E-14
1.03429  1.079080E-14
1.03456  1.118400E-14
1.03483  1.190360E-14
1.0351  1.253940E-14
1.03537  1.282680E-14
1.03564  1.293910E-14
1.03591  1.265570E-14
1.03618  1.251800E-14
1.03645  1.234410E-14
1.03672  1.231550E-14
1.03699  1.222500E-14
1.03726  1.194270E-14
1.03752  1.150590E-14
1.03779  1.091970E-14
1.03806  1.035220E-14
1.03833  1.010180E-14
1.0386  9.913400E-15
1.03887  9.943180E-15
1.03914  9.944010E-15
1.03941  9.980790E-15
1.03968  1.000430E-14
1.03995  1.023410E-14
1.04022  1.038080E-14
1.04049  1.050730E-14
1.04076  1.035610E-14
1.04103  1.039480E-14
1.0413  1.007170E-14
1.04157  1.000560E-14
1.04184  9.791950E-15
1.04211  9.890890E-15
1.04237  9.920480E-15
1.04264  1.014510E-14
1.04291  1.033900E-14
1.04318  1.049330E-14
1.04345  1.050650E-14
1.04372  1.043820E-14
1.04399  1.043930E-14
1.04426  1.040000E-14
1.04453  1.022690E-14
1.0448  1.009240E-14
1.04507  9.964200E-15
1.04534  9.986250E-15
1.04561  9.778260E-15
1.04588  9.577300E-15
1.04615  9.663360E-15
1.04642  9.441760E-15
1.04669  9.493060E-15
1.04695  9.400110E-15
1.04722  9.347210E-15
1.04749  9.350380E-15
1.04776  9.473280E-15
1.04803  9.427380E-15
1.0483  9.517430E-15
1.04857  9.453080E-15
1.04884  9.419960E-15
1.04911  9.493960E-15
1.04938  9.387730E-15
1.04965  9.506330E-15
1.04992  9.610190E-15
1.05019  9.380510E-15
1.05046  9.477760E-15
1.05073  9.629910E-15
1.05099  9.422120E-15
1.05126  9.350560E-15
1.05153  9.545700E-15
1.0518  9.431530E-15
1.05207  9.521400E-15
1.05234  9.557590E-15
1.05261  9.553960E-15
1.05288  9.440800E-15
1.05315  9.426110E-15
1.05342  9.497480E-15
1.05369  9.469600E-15
1.05396  9.561060E-15
1.05423  9.637400E-15
1.0545  9.605850E-15
1.05477  9.601930E-15
1.05503  9.522610E-15
1.0553  9.593130E-15
1.05557  9.666540E-15
1.05584  9.669550E-15
1.05611  9.619210E-15
1.05638  9.643850E-15
1.05665  9.481590E-15
1.05692  9.635390E-15
1.05719  9.440870E-15
1.05746  9.456890E-15
1.05773  9.556050E-15
1.058  9.639400E-15
1.05827  9.720730E-15
1.05854  9.831670E-15
1.0588  9.845160E-15
1.05907  9.631060E-15
1.05934  9.844490E-15
1.05961  9.886190E-15
1.05988  9.739210E-15
1.06015  9.770310E-15
1.06042  9.753790E-15
1.06069  9.875880E-15
1.06096  9.915160E-15
1.06123  9.905610E-15
1.0615  9.971020E-15
1.06177  9.979880E-15
1.06204  1.001410E-14
1.0623  1.005410E-14
1.06257  1.016440E-14
1.06284  1.026060E-14
1.06311  1.019580E-14
1.06338  1.027780E-14
1.06365  1.056300E-14
1.06392  1.046980E-14
1.06419  1.048640E-14
1.06446  1.051040E-14
1.06473  1.066430E-14
1.065  1.057500E-14
1.06527  1.066970E-14
1.06554  1.079230E-14
1.0658  1.091970E-14
1.06607  1.092510E-14
1.06634  1.111730E-14
1.06661  1.112570E-14
1.06688  1.129810E-14
1.06715  1.141110E-14
1.06742  1.154660E-14
1.06769  1.163270E-14
1.06796  1.167050E-14
1.06823  1.160510E-14
1.0685  1.179760E-14
1.06877  1.176020E-14
1.06903  1.201770E-14
1.0693  1.193990E-14
1.06957  1.184540E-14
1.06984  1.221550E-14
1.07011  1.202000E-14
1.07038  1.221980E-14
1.07065  1.221650E-14
1.07092  1.230460E-14
1.07119  1.239020E-14
1.07146  1.252840E-14
1.07173  1.242970E-14
1.072  1.254800E-14
1.07226  1.247830E-14
1.07253  1.256110E-14
1.0728  1.274510E-14
1.07307  1.279840E-14
1.07334  1.288070E-14
1.07361  1.300540E-14
1.07388  1.319840E-14
1.07415  1.327180E-14
1.07442  1.345580E-14
1.07469  1.351780E-14
1.07496  1.374790E-14
1.07522  1.372160E-14
1.07549  1.380020E-14
1.07576  1.384350E-14
1.07603  1.397490E-14
1.0763  1.393480E-14
1.07657  1.410990E-14
1.07684  1.440670E-14
1.07711  1.438170E-14
1.07738  1.447660E-14
1.07765  1.491380E-14
1.07792  1.497910E-14
1.07818  1.521490E-14
1.07845  1.519070E-14
1.07872  1.522720E-14
1.07899  1.548180E-14
1.07926  1.555290E-14
1.07953  1.554190E-14
1.0798  1.561230E-14
1.08007  1.581920E-14
1.08034  1.591680E-14
1.08061  1.597610E-14
1.08088  1.598480E-14
1.08114  1.602670E-14
1.08141  1.599730E-14
1.08168  1.625160E-14
1.08195  1.612840E-14
1.08222  1.575140E-14
1.08249  1.546270E-14
1.08276  1.503790E-14
1.08303  1.462410E-14
1.0833  1.452530E-14
1.08357  1.394970E-14
1.08383  1.336480E-14
1.0841  1.272000E-14
1.08437  1.245950E-14
1.08464  1.273330E-14
1.08491  1.396520E-14
1.08518  1.640670E-14
1.08545  2.050060E-14
1.08572  2.873640E-14
1.08599  4.239970E-14
1.08626  5.666300E-14
1.08652  6.641360E-14
1.08679  6.861820E-14
1.08706  6.508530E-14
1.08733  5.634880E-14
1.0876  4.611210E-14
1.08787  3.858680E-14
1.08814  3.382600E-14
1.08841  3.080080E-14
1.08868  2.822620E-14
1.08895  2.615370E-14
1.08921  2.420560E-14
1.08948  2.310660E-14
1.08975  2.206260E-14
1.09002  2.126480E-14
1.09029  2.063290E-14
1.09056  2.013670E-14
1.09083  1.975960E-14
1.0911  1.976380E-14
1.09137  1.917070E-14
1.09164  1.895060E-14
1.0919  1.877870E-14
1.09217  1.867440E-14
1.09244  1.819730E-14
1.09271  1.810130E-14
1.09298  1.764390E-14
1.09325  1.761750E-14
1.09352  1.757710E-14
1.09379  1.775970E-14
1.09406  1.764220E-14
1.09432  1.791460E-14
1.09459  1.789200E-14
1.09486  1.783160E-14
1.09513  1.784600E-14
1.0954  1.808930E-14
1.09567  1.821320E-14
1.09594  1.845080E-14
1.09621  1.854140E-14
1.09648  1.902200E-14
1.09675  1.949240E-14
1.09701  2.035010E-14
1.09728  2.052840E-14
1.09755  2.072280E-14
1.09782  2.013920E-14
1.09809  1.916710E-14
1.09836  1.790530E-14
1.09863  1.696820E-14
1.0989  1.652560E-14
1.09917  1.606180E-14
1.09943  1.540210E-14
1.0997  1.508410E-14
1.09997  1.456560E-14
1.10024  1.429480E-14
1.10051  1.390900E-14
1.10078  1.347140E-14
1.10105  1.324530E-14
1.10132  1.326230E-14
1.10159  1.311120E-14
1.10185  1.290950E-14
1.10212  1.292430E-14
1.10239  1.284920E-14
1.10266  1.262260E-14
1.10293  1.244280E-14
1.1032  1.236060E-14
1.10347  1.245260E-14
1.10374  1.228950E-14
1.104  1.220020E-14
1.10427  1.211160E-14
1.10454  1.208950E-14
1.10481  1.188420E-14
1.10508  1.194310E-14
1.10535  1.186890E-14
1.10562  1.171150E-14
1.10589  1.179270E-14
1.10616  1.180660E-14
1.10642  1.159450E-14
1.10669  1.182900E-14
1.10696  1.163590E-14
1.10723  1.166500E-14
1.1075  1.149800E-14
1.10777  1.132470E-14
1.10804  1.106350E-14
1.10831  1.098540E-14
1.10858  1.090070E-14
1.10884  1.075330E-14
1.10911  1.059690E-14
1.10938  1.055140E-14
1.10965  1.039670E-14
1.10992  1.030590E-14
1.11019  1.021290E-14
1.11046  1.025530E-14
1.11073  9.992900E-15
1.11099  1.000380E-14
1.11126  9.917070E-15
1.11153  9.923020E-15
1.1118  9.664490E-15
1.11207  9.571550E-15
1.11234  9.769750E-15
1.11261  9.648600E-15
1.11288  9.526370E-15
1.11314  9.614680E-15
1.11341  9.633830E-15
1.11368  9.442440E-15
1.11395  9.491260E-15
1.11422  9.656390E-15
1.11449  9.516780E-15
1.11476  9.467970E-15
1.11503  9.262660E-15
1.1153  9.315520E-15
1.11556  9.261980E-15
1.11583  9.468890E-15
1.1161  9.427040E-15
1.11637  9.322710E-15
1.11664  9.491000E-15
1.11691  9.368950E-15
1.11718  9.612020E-15
1.11745  9.565860E-15
1.11771  9.472700E-15
1.11798  9.427860E-15
1.11825  9.397950E-15
1.11852  9.366360E-15
1.11879  9.357350E-15
1.11906  9.256610E-15
1.11933  9.474000E-15
1.1196  9.337010E-15
1.11986  9.402580E-15
1.12013  9.259250E-15
1.1204  9.506390E-15
1.12067  9.365830E-15
1.12094  9.304980E-15
1.12121  9.275260E-15
1.12148  9.317790E-15
1.12175  9.305240E-15
1.12201  9.389150E-15
1.12228  9.388460E-15
1.12255  9.077590E-15
1.12282  9.223510E-15
1.12309  9.401790E-15
1.12336  9.354440E-15
1.12363  9.116170E-15
1.1239  9.405510E-15
1.12416  9.276490E-15
1.12443  9.441330E-15
1.1247  9.392630E-15
1.12497  9.475400E-15
1.12524  9.222830E-15
1.12551  9.380030E-15
1.12578  9.279220E-15
1.12604  9.521920E-15
1.12631  9.452960E-15
1.12658  9.263620E-15
1.12685  9.434110E-15
1.12712  9.504790E-15
1.12739  9.255090E-15
1.12766  9.285740E-15
1.12793  9.221960E-15
1.12819  9.311210E-15
1.12834  9.482650E-15
1.12866  9.449340E-15
1.12899  9.451040E-15
1.12931  9.493180E-15
1.12964  9.505070E-15
1.12996  9.569850E-15
1.13029  9.514910E-15
1.13061  9.595140E-15
1.13094  9.740440E-15
1.13126  9.628970E-15
1.13159  9.662920E-15
1.13191  9.749890E-15
1.13224  9.631030E-15
1.13256  9.786170E-15
1.13289  9.704650E-15
1.13321  9.694960E-15
1.13354  9.712580E-15
1.13386  9.875790E-15
1.13419  9.899000E-15
1.13452  9.964060E-15
1.13484  9.862730E-15
1.13517  9.912890E-15
1.13549  9.994160E-15
1.13582  9.848810E-15
1.13614  9.887790E-15
1.13647  9.847510E-15
1.13679  9.717660E-15
1.13712  9.722300E-15
1.13744  9.722710E-15
1.13777  9.687310E-15
1.13809  9.786760E-15
1.13842  9.677530E-15
1.13874  9.666620E-15
1.13907  9.722740E-15
1.13939  9.657090E-15
1.13972  9.678920E-15
1.14004  9.777200E-15
1.14037  9.767010E-15
1.14069  9.646720E-15
1.14102  9.605980E-15
1.14134  9.553000E-15
1.14167  9.531560E-15
1.14199  9.586860E-15
1.14232  9.507550E-15
1.14264  9.532740E-15
1.14297  9.417560E-15
1.14329  9.319600E-15
1.14362  9.320160E-15
1.14394  9.208040E-15
1.14427  9.056170E-15
1.14459  8.915850E-15
1.14492  8.947430E-15
1.14524  8.917880E-15
1.14557  8.928420E-15
1.14589  8.986040E-15
1.14621  8.905030E-15
1.14654  8.995200E-15
1.14686  8.988510E-15
1.14719  8.842410E-15
1.14751  8.848330E-15
1.14784  8.870960E-15
1.14816  8.919570E-15
1.14849  8.940660E-15
1.14881  8.939680E-15
1.14914  8.982270E-15
1.14946  9.012350E-15
1.14979  9.189000E-15
1.15011  9.305490E-15
1.15044  9.437680E-15
1.15076  9.350010E-15
1.15109  9.273330E-15
1.15141  9.213230E-15
1.15174  9.068900E-15
1.15206  8.901190E-15
1.15239  8.915070E-15
1.15271  8.826920E-15
1.15304  8.817550E-15
1.15336  8.871000E-15
1.15368  8.860390E-15
1.15401  8.801470E-15
1.15433  8.800630E-15
1.15466  8.841340E-15
1.15498  8.829610E-15
1.15531  8.810780E-15
1.15563  8.841360E-15
1.15596  8.888920E-15
1.15628  8.794350E-15
1.15661  8.841510E-15
1.15693  8.828950E-15
1.15726  8.831390E-15
1.15758  8.904420E-15
1.15791  8.848340E-15
1.15823  8.853880E-15
1.15855  8.755510E-15
1.15888  8.791690E-15
1.1592  8.915020E-15
1.15953  8.849700E-15
1.15985  8.775500E-15
1.16018  8.854160E-15
1.1605  8.898180E-15
1.16083  8.852140E-15
1.16115  8.892810E-15
1.16148  8.845210E-15
1.1618  8.830230E-15
1.16212  8.844430E-15
1.16245  8.830820E-15
1.16277  8.874590E-15
1.1631  8.731560E-15
1.16342  8.783450E-15
1.16375  8.799760E-15
1.16407  8.845500E-15
1.1644  8.741730E-15
1.16472  8.756790E-15
1.16505  8.781950E-15
1.16537  8.981690E-15
1.16569  9.098450E-15
1.16602  9.374410E-15
1.16634  9.499150E-15
1.16667  9.391080E-15
1.16699  9.361320E-15
1.16732  9.183030E-15
1.16764  9.066400E-15
1.16796  8.966680E-15
1.16829  8.936010E-15
1.16861  8.931270E-15
1.16894  8.921600E-15
1.16926  8.866850E-15
1.16959  8.952700E-15
1.16991  8.932320E-15
1.17024  8.945850E-15
1.17056  8.927190E-15
1.17088  8.986110E-15
1.17121  9.002910E-15
1.17153  8.939260E-15
1.17186  8.909080E-15
1.17218  8.977050E-15
1.17251  8.855640E-15
1.17283  8.811050E-15
1.17315  8.797640E-15
1.17348  8.831560E-15
1.1738  8.899500E-15
1.17413  8.866670E-15
1.17445  8.861140E-15
1.17478  8.890950E-15
1.1751  8.921630E-15
1.17542  8.825380E-15
1.17575  8.820070E-15
1.17607  8.858860E-15
1.1764  8.881490E-15
1.17672  8.897660E-15
1.17705  8.912100E-15
1.17737  8.884550E-15
1.17769  8.918570E-15
1.17802  8.950260E-15
1.17834  8.946700E-15
1.17867  8.899700E-15
1.17899  8.860030E-15
1.17932  8.903360E-15
1.17964  8.833430E-15
1.17996  8.835110E-15
1.18029  8.851840E-15
1.18061  8.785580E-15
1.18094  8.776670E-15
1.18126  8.737680E-15
1.18158  8.733850E-15
1.18191  8.797720E-15
1.18223  8.780400E-15
1.18256  8.839010E-15
1.18288  8.839040E-15
1.18321  8.806430E-15
1.18353  8.830630E-15
1.18385  8.809150E-15
1.18418  8.862890E-15
1.1845  8.852650E-15
1.18483  8.881290E-15
1.18515  8.821740E-15
1.18547  8.856340E-15
1.1858  8.775500E-15
1.18612  8.847690E-15
1.18645  8.702930E-15
1.18677  8.700420E-15
1.18709  8.566420E-15
1.18742  8.665620E-15
1.18774  8.753960E-15
1.18807  8.845880E-15
1.18839  8.839910E-15
1.18871  8.875080E-15
1.18904  8.999060E-15
1.18936  8.966020E-15
1.18969  8.967410E-15
1.19001  9.038210E-15
1.19033  9.149510E-15
1.19066  9.192540E-15
1.19098  9.291570E-15
1.19131  9.579190E-15
1.19163  9.917620E-15
1.19195  1.011090E-14
1.19228  1.005580E-14
1.1926  1.001350E-14
1.19293  9.804190E-15
1.19325  9.447160E-15
1.19357  9.260720E-15
1.1939  9.129720E-15
1.19422  9.113310E-15
1.19455  9.114720E-15
1.19487  9.060290E-15
1.19519  9.001430E-15
1.19552  8.988880E-15
1.19584  9.000590E-15
1.19616  8.894680E-15
1.19649  8.822770E-15
1.19681  8.862730E-15
1.19714  8.877910E-15
1.19746  8.793140E-15
1.19778  8.837550E-15
1.19811  8.751770E-15
1.19843  8.678520E-15
1.19876  8.755310E-15
1.19908  8.754870E-15
1.1994  8.801300E-15
1.19973  8.746430E-15
1.20005  8.790430E-15
1.20037  8.805460E-15
1.2007  8.737040E-15
1.20102  8.661850E-15
1.20135  8.667790E-15
1.20167  8.660880E-15
1.20199  8.686140E-15
1.20232  8.566240E-15
1.20264  8.658440E-15
1.20296  8.584690E-15
1.20329  8.799680E-15
1.20361  8.632130E-15
1.20394  8.694780E-15
1.20426  8.712520E-15
1.20458  8.787400E-15
1.20491  8.797260E-15
1.20523  8.769770E-15
1.20555  8.829120E-15
1.20588  8.825230E-15
1.2062  8.890830E-15
1.20653  8.830230E-15
1.20685  8.800750E-15
1.20717  8.788690E-15
1.2075  8.747230E-15
1.20782  8.791050E-15
1.20814  8.814320E-15
1.20847  8.749680E-15
1.20879  8.852490E-15
1.20911  8.810570E-15
1.20944  8.860410E-15
1.20976  8.807100E-15
1.21009  8.947060E-15
1.21041  8.913550E-15
1.21073  8.941170E-15
1.21106  8.872610E-15
1.21138  8.723820E-15
1.2117  8.834980E-15
1.21203  8.765980E-15
1.21235  8.843680E-15
1.21267  8.783360E-15
1.213  8.765610E-15
1.21332  8.824540E-15
1.21365  8.790790E-15
1.21397  8.830230E-15
1.21429  8.838550E-15
1.21462  8.891580E-15
1.21494  8.832990E-15
1.21526  8.694040E-15
1.21559  8.740120E-15
1.21591  8.732080E-15
1.21623  8.787230E-15
1.21656  8.839750E-15
1.21688  8.764360E-15
1.2172  8.838690E-15
1.21753  8.789960E-15
1.21785  8.793170E-15
1.21817  8.829520E-15
1.2185  8.809190E-15
1.21882  8.884880E-15
1.21915  8.770280E-15
1.21947  8.798490E-15
1.21979  8.786070E-15
1.22012  8.838080E-15
1.22044  8.807390E-15
1.22076  8.803700E-15
1.22109  8.795200E-15
1.22141  8.789200E-15
1.22173  8.720560E-15
1.22206  8.825570E-15
1.22238  8.702900E-15
1.2227  8.653090E-15
1.22303  8.698020E-15
1.22335  8.696450E-15
1.22367  8.855860E-15
1.224  8.805670E-15
1.22432  8.816120E-15
1.22464  8.782270E-15
1.22497  8.786950E-15
1.22529  8.696230E-15
1.22561  8.784190E-15
1.22594  8.753570E-15
1.22626  8.760490E-15
1.22658  8.831410E-15
1.22691  8.775850E-15
1.22723  8.843620E-15
1.22755  8.813140E-15
1.22788  8.748020E-15
1.2282  8.757240E-15
1.22852  8.744470E-15
1.22885  8.713870E-15
1.22917  8.794600E-15
1.22949  8.764130E-15
1.22982  8.837230E-15
1.23014  8.795200E-15
1.23046  8.769360E-15
1.23079  8.795890E-15
1.23111  8.726430E-15
1.23143  8.726830E-15
1.23176  8.705860E-15
1.23208  8.757230E-15
1.2324  8.773590E-15
1.23273  8.736770E-15
1.23305  8.757620E-15
1.23337  8.785040E-15
1.2337  8.862680E-15
1.23402  8.798550E-15
1.23434  8.764170E-15
1.23467  8.767220E-15
1.23499  8.737700E-15
1.23531  8.713350E-15
1.23564  8.697100E-15
1.23596  8.707580E-15
1.23628  8.838680E-15
1.23661  8.919100E-15
1.23693  8.947150E-15
1.23725  8.872590E-15
1.23758  8.897090E-15
1.2379  8.875600E-15
1.23822  8.867680E-15
1.23855  8.809240E-15
1.23887  8.874190E-15
1.23919  8.812620E-15
1.23951  8.860970E-15
1.23984  8.765040E-15
1.24016  8.775960E-15
1.24048  8.811970E-15
1.24081  8.724780E-15
1.24113  8.848050E-15
1.24145  8.858930E-15
1.24178  8.756670E-15
1.2421  8.778740E-15
1.24242  8.862390E-15
1.24275  8.850920E-15
1.24307  8.842190E-15
1.24339  8.865430E-15
1.24372  8.837730E-15
1.24404  8.775550E-15
1.24436  8.888260E-15
1.24469  8.834070E-15
1.24501  8.822900E-15
1.24533  8.814210E-15
1.24565  8.807080E-15
1.24598  8.901490E-15
1.2463  8.779070E-15
1.24662  8.764070E-15
1.24695  8.724820E-15
1.24727  8.733610E-15
1.24759  8.706470E-15
1.24792  8.736090E-15
1.24824  8.758360E-15
1.24856  8.837490E-15
1.24889  8.767250E-15
1.24921  8.874630E-15
1.24953  8.898680E-15
1.24985  8.824120E-15
1.25018  8.893390E-15
1.2505  8.876480E-15
1.25082  8.929130E-15
1.25115  8.994490E-15
1.25147  8.987310E-15
1.25179  8.963290E-15
1.25212  9.006790E-15
1.25244  9.054450E-15
1.25276  9.021910E-15
1.25308  9.091110E-15
1.25341  9.088670E-15
1.25373  9.128570E-15
1.25405  9.167440E-15
1.25438  9.243650E-15
1.2547  9.265840E-15
1.25502  9.322010E-15
1.25534  9.600740E-15
1.25567  1.011020E-14
1.25599  1.069080E-14
1.25631  1.101070E-14
1.25664  1.104390E-14
1.25696  1.079010E-14
1.25728  1.038820E-14
1.25761  1.009010E-14
1.25793  9.932400E-15
1.25825  1.003560E-14
1.25857  1.013770E-14
1.2589  1.045130E-14
1.25922  1.106610E-14
1.25954  1.154340E-14
1.25987  1.232210E-14
1.26019  1.299930E-14
1.26051  1.366100E-14
1.26083  1.396120E-14
1.26116  1.364230E-14
1.26148  1.305000E-14
1.2618  1.234010E-14
1.26213  1.170640E-14
1.26245  1.114920E-14
1.26277  1.077070E-14
1.26309  1.049270E-14
1.26342  1.026510E-14
1.26374  9.972930E-15
1.26406  9.816770E-15
1.26439  9.718530E-15
1.26471  9.668480E-15
1.26503  9.693230E-15
1.26535  9.646680E-15
1.26568  9.724110E-15
1.266  9.621950E-15
1.26632  9.599380E-15
1.26665  9.630000E-15
1.26697  9.647140E-15
1.26729  9.619430E-15
1.26761  9.695830E-15
1.26794  9.738040E-15
1.26826  9.628390E-15
1.26858  9.612040E-15
1.26891  9.607410E-15
1.26923  9.639030E-15
1.26955  9.734370E-15
1.26987  9.729940E-15
1.2702  9.701890E-15
1.27052  9.815090E-15
1.27084  9.901100E-15
1.27116  9.846410E-15
1.27149  9.906630E-15
1.27181  9.852250E-15
1.27213  9.873320E-15
1.27246  9.956630E-15
1.27278  9.947720E-15
1.2731  1.006150E-14
1.27342  1.009280E-14
1.27375  1.022920E-14
1.27407  1.029900E-14
1.27439  1.038230E-14
1.27471  1.031620E-14
1.27504  1.039020E-14
1.27536  1.043420E-14
1.27568  1.045370E-14
1.27601  1.037130E-14
1.27633  1.044730E-14
1.27665  1.050540E-14
1.27697  1.042750E-14
1.2773  1.054300E-14
1.27762  1.048420E-14
1.27794  1.048730E-14
1.27826  1.066680E-14
1.27859  1.071440E-14
1.27891  1.087140E-14
1.27923  1.086190E-14
1.27956  1.106000E-14
1.27988  1.106680E-14
1.2802  1.102860E-14
1.28052  1.109390E-14
1.28085  1.122510E-14
1.28117  1.147590E-14
1.28149  1.159420E-14
1.28181  1.182320E-14
1.28214  1.199320E-14
1.28246  1.224120E-14
1.28278  1.228550E-14
1.2831  1.243310E-14
1.28343  1.249790E-14
1.28375  1.262470E-14
1.28407  1.299880E-14
1.28439  1.353120E-14
1.28472  1.413840E-14
1.28504  1.507120E-14
1.28536  1.667550E-14
1.28568  1.801420E-14
1.28601  1.852920E-14
1.28633  1.840900E-14
1.28665  1.770610E-14
1.28698  1.633630E-14
1.2873  1.502900E-14
1.28762  1.423260E-14
1.28794  1.395170E-14
1.28827  1.357570E-14
1.28859  1.339170E-14
1.28891  1.309600E-14
1.28923  1.302240E-14
1.28956  1.286230E-14
1.28988  1.277030E-14
1.2902  1.265620E-14
1.29052  1.251300E-14
1.29085  1.251000E-14
1.29117  1.239330E-14
1.29149  1.246270E-14
1.29181  1.240890E-14
1.29214  1.229750E-14
1.29246  1.229200E-14
1.29278  1.218740E-14
1.2931  1.218290E-14
1.29343  1.201360E-14
1.29375  1.187630E-14
1.29407  1.182740E-14
1.29439  1.178130E-14
1.29472  1.184080E-14
1.29504  1.183790E-14
1.29536  1.191460E-14
1.29568  1.192080E-14
1.29601  1.192860E-14
1.29633  1.189510E-14
1.29665  1.205070E-14
1.29697  1.202250E-14
1.2973  1.213300E-14
1.29762  1.209570E-14
1.29794  1.194180E-14
1.29826  1.190880E-14
1.29859  1.175460E-14
1.29891  1.148070E-14
1.29923  1.136970E-14
1.29955  1.106130E-14
1.29988  1.088900E-14
1.3002  1.053100E-14
1.30052  1.046770E-14
1.30084  1.037250E-14
1.30117  1.011920E-14
1.30149  1.005230E-14
1.30181  9.898880E-15
1.30213  9.665480E-15
1.30246  9.656630E-15
1.30278  9.577660E-15
1.3031  9.488570E-15
1.30342  9.523920E-15
1.30374  9.386690E-15
1.30407  9.370180E-15
1.30439  9.241540E-15
1.30471  9.219940E-15
1.30503  9.173780E-15
1.30536  9.137220E-15
1.30568  9.067990E-15
1.306  9.160610E-15
1.30632  9.206270E-15
1.30665  9.186180E-15
1.30697  9.123930E-15
1.30729  9.157110E-15
1.30761  9.089970E-15
1.30794  9.092680E-15
1.30826  9.029310E-15
1.30858  9.049300E-15
1.3089  8.997870E-15
1.30923  9.087870E-15
1.30955  9.044090E-15
1.30987  9.061920E-15
1.31019  8.995880E-15
1.31051  9.081400E-15
1.31084  9.014780E-15
1.31116  9.012550E-15
1.31148  8.928750E-15
1.3118  8.993470E-15
1.31213  8.931230E-15
1.31245  8.914580E-15
1.31277  8.988910E-15
1.31309  8.935270E-15
1.31342  8.935100E-15
1.31374  9.023560E-15
1.31406  8.915590E-15
1.31438  8.873870E-15
1.3147  8.931160E-15
1.31503  8.832580E-15
1.31535  8.986020E-15
1.31567  8.871290E-15
1.31599  8.866560E-15
1.31632  8.811140E-15
1.31664  8.842900E-15
1.31696  8.801580E-15
1.31728  8.876060E-15
1.31761  8.933470E-15
1.31793  9.000220E-15
1.31825  8.920650E-15
1.31857  9.008600E-15
1.31889  8.919500E-15
1.31922  9.076040E-15
1.31954  9.032000E-15
1.31986  9.026370E-15
1.32018  9.116450E-15
1.32051  9.168160E-15
1.32083  9.226100E-15
1.32115  9.102180E-15
1.32147  9.217690E-15
1.32179  9.202810E-15
1.32212  9.214530E-15
1.32244  9.243960E-15
1.32276  9.332510E-15
1.32308  9.425560E-15
1.32341  9.481010E-15
1.32373  9.637590E-15
1.32405  9.790050E-15
1.32437  1.004560E-14
1.3247  1.018270E-14
1.32502  1.009220E-14
1.32534  1.010130E-14
1.32566  9.860480E-15
1.32598  9.578100E-15
1.32631  9.507550E-15
1.32663  9.328200E-15
1.32695  9.265030E-15
1.32727  9.143850E-15
1.3276  9.153910E-15
1.32792  9.073470E-15
1.32824  8.939960E-15
1.32856  8.899730E-15
1.32888  8.889300E-15
1.32921  8.906470E-15
1.32953  8.866560E-15
1.32985  8.858570E-15
1.33017  8.774810E-15
1.33049  8.887520E-15
1.33082  8.965360E-15
1.33114  8.933820E-15
1.33146  9.130600E-15
1.33178  8.995120E-15
1.33211  9.017910E-15
1.33243  8.950180E-15
1.33275  8.879110E-15
1.33307  8.830450E-15
1.33339  8.791240E-15
1.33372  8.725410E-15
1.33404  8.824120E-15
1.33436  8.718780E-15
1.33468  8.765330E-15
1.33501  8.599610E-15
1.33533  8.745630E-15
1.33565  8.673230E-15
1.33597  8.667020E-15
1.33629  8.650130E-15
1.33662  8.620200E-15
1.33694  8.648100E-15
1.33726  8.621770E-15
1.33758  8.593700E-15
1.3379  8.657600E-15
1.33823  8.656210E-15
1.33855  8.607000E-15
1.33887  8.624080E-15
1.33919  8.680650E-15
1.33952  8.595690E-15
1.33984  8.694760E-15
1.34016  8.646340E-15
1.34048  8.594750E-15
1.3408  8.696020E-15
1.34113  8.567040E-15
1.34145  8.618620E-15
1.34177  8.577750E-15
1.34209  8.554980E-15
1.34241  8.540410E-15
1.34274  8.594110E-15
1.34306  8.533720E-15
1.34338  8.559860E-15
1.3437  8.622830E-15
1.34402  8.496950E-15
1.34435  8.418010E-15
1.34467  8.519750E-15
1.34499  8.505500E-15
1.34531  8.511040E-15
1.34564  8.544450E-15
1.34596  8.465890E-15
1.34628  8.420730E-15
1.3466  8.413300E-15
1.34692  8.571190E-15
1.34725  8.469450E-15
1.34757  8.555270E-15
1.34789  8.329150E-15
1.34821  8.601670E-15
1.34853  8.522750E-15
1.34886  8.494450E-15
1.34918  8.681710E-15
1.3495  8.602470E-15
1.34982  8.519870E-15
1.35014  8.477170E-15
1.35047  8.468860E-15
1.35079  8.387800E-15
1.35111  8.568660E-15
1.35143  8.532730E-15
1.35175  8.659680E-15
1.35208  8.600500E-15
1.3524  8.724690E-15
1.35272  8.553430E-15
1.35304  8.673370E-15
1.35336  8.870060E-15
1.35369  8.849430E-15
1.35401  8.848670E-15
1.35433  8.630370E-15
1.35465  8.713610E-15
1.35497  8.609070E-15
1.3553  8.760470E-15
1.35562  8.680530E-15
1.35594  8.716670E-15
1.35626  8.680060E-15
1.35658  8.628740E-15
1.35691  8.563320E-15
1.35723  8.504720E-15
1.35755  8.688030E-15
1.35787  8.496410E-15
1.35819  8.574010E-15
1.35852  8.779650E-15
1.35884  8.812150E-15
1.35916  8.524360E-15
1.35948  8.600410E-15
1.3598  8.503150E-15
1.36013  8.773330E-15
1.36045  8.586920E-15
1.36077  8.739960E-15
1.36109  8.594630E-15
1.36142  8.886120E-15
1.36174  8.591240E-15
1.36206  8.333080E-15
1.36238  8.611840E-15
1.3627  8.600670E-15
1.36302  8.659880E-15
1.36335  8.708230E-15
1.36367  8.722720E-15
1.36399  8.626620E-15
1.36431  8.540650E-15
1.36463  8.499210E-15
1.36496  8.248320E-15
1.36528  8.380650E-15
1.3656  8.537370E-15
1.36592  8.713610E-15
1.36624  8.479360E-15
1.36657  8.491000E-15
1.36689  8.690260E-15
1.36721  8.242270E-15
1.36753  8.482920E-15
1.36785  8.715580E-15
1.36818  8.403270E-15
1.3685  8.534230E-15
1.36882  8.868200E-15
1.36914  8.869420E-15
1.36946  8.581140E-15
1.36979  8.629270E-15
1.37011  8.682800E-15
1.37043  8.691390E-15
1.37075  8.775210E-15
1.37107  8.664990E-15
1.3714  8.547950E-15
1.37172  8.506950E-15
1.37204  8.567840E-15
1.37236  8.391920E-15
1.37268  8.630650E-15
1.37301  8.692450E-15
1.37333  8.691300E-15
1.37365  8.649680E-15
1.37397  8.583990E-15
1.37429  8.725260E-15
1.37462  8.754630E-15
1.37494  8.986110E-15
1.37526  9.045720E-15
1.37558  9.014150E-15
1.3759  9.333930E-15
1.37623  9.452800E-15
1.37655  9.192610E-15
1.37687  9.139880E-15
1.37719  9.007590E-15
1.37751  8.954680E-15
1.37784  8.958970E-15
1.37816  8.941040E-15
1.37848  8.786870E-15
1.3788  8.648570E-15
1.37912  8.808010E-15
1.37944  8.806260E-15
1.37977  8.884050E-15
1.38009  8.776130E-15
1.38041  8.770340E-15
1.38073  8.625170E-15
1.38105  8.725750E-15
1.38138  8.520660E-15
1.3817  8.947810E-15
1.38202  8.863940E-15
1.38234  8.472720E-15
1.38266  8.484420E-15
1.38299  8.890820E-15
1.38331  8.573120E-15
1.38363  8.510710E-15
1.38395  8.531690E-15
1.38427  8.616490E-15
1.3846  8.500890E-15
1.38492  8.559580E-15
1.38524  8.409990E-15
1.38556  8.736460E-15
1.38588  8.671720E-15
1.3862  8.500610E-15
1.38653  8.586120E-15
1.38685  8.669990E-15
1.38717  8.576900E-15
1.38749  8.609920E-15
1.38781  8.456320E-15
1.38814  8.413600E-15
1.38846  8.365110E-15
1.38878  8.603750E-15
1.3891  8.452660E-15
1.38942  8.421340E-15
1.38975  8.342050E-15
1.39007  8.419780E-15
1.39039  8.388190E-15
1.39071  8.314900E-15
1.39103  8.476600E-15
1.39136  8.581330E-15
1.39168  8.344510E-15
1.392  8.562230E-15
1.39232  8.337000E-15
1.39264  8.518680E-15
1.39296  8.413360E-15
1.39329  8.447720E-15
1.39361  8.518760E-15
1.39393  8.439940E-15
1.39425  8.305350E-15
1.39457  8.735370E-15
1.3949  8.576040E-15
1.39522  8.211100E-15
1.39554  8.202510E-15
1.39586  8.384290E-15
1.39618  8.536140E-15
1.39651  8.510650E-15
1.39683  8.707160E-15
1.39715  8.720100E-15
1.39747  8.610600E-15
1.39779  8.423150E-15
1.39811  8.441640E-15
1.39844  8.494120E-15
1.39876  8.409500E-15
1.39908  8.363770E-15
1.3994  8.313880E-15
1.39972  8.516830E-15
1.40005  8.626330E-15
1.40037  8.282590E-15
1.40069  8.798570E-15
1.40101  8.349530E-15
1.40133  8.331080E-15
1.40166  8.514710E-15
1.40198  8.492020E-15
1.4023  8.265800E-15
1.40262  8.327450E-15
1.40294  8.320980E-15
1.40326  8.437960E-15
1.40359  8.304920E-15
1.40391  8.401480E-15
1.40423  8.626810E-15
1.40455  8.269840E-15
1.40487  8.411340E-15
1.4052  8.372150E-15
1.40552  8.307880E-15
1.40584  8.497210E-15
1.40616  8.403840E-15
1.40648  8.424430E-15
1.40681  8.274190E-15
1.40713  8.359670E-15
1.40745  8.624520E-15
1.40777  8.403740E-15
1.40809  8.426460E-15
1.40841  8.460180E-15
1.40874  8.273720E-15
1.40906  8.533400E-15
1.40938  8.379450E-15
1.4097  8.532540E-15
1.41002  8.433990E-15
1.41035  8.352300E-15
1.41067  8.363710E-15
1.41099  8.521780E-15
1.41108  8.406410E-15
1.41148  8.404940E-15
1.41189  8.346430E-15
1.4123  8.367210E-15
1.4127  8.358070E-15
1.41311  8.292110E-15
1.41352  8.299820E-15
1.41392  8.492370E-15
1.41433  8.493490E-15
1.41474  8.455800E-15
1.41514  8.354030E-15
1.41555  8.328030E-15
1.41596  8.282100E-15
1.41636  8.363300E-15
1.41677  8.334040E-15
1.41718  8.284700E-15
1.41758  8.273390E-15
1.41799  8.304530E-15
1.4184  8.186980E-15
1.4188  8.252270E-15
1.41921  8.389470E-15
1.41962  8.369710E-15
1.42002  8.392480E-15
1.42043  8.413220E-15
1.42083  8.347030E-15
1.42124  8.412480E-15
1.42165  8.370970E-15
1.42205  8.423810E-15
1.42246  8.382190E-15
1.42287  8.376060E-15
1.42327  8.351310E-15
1.42368  8.324730E-15
1.42409  8.363740E-15
1.42449  8.367090E-15
1.4249  8.393600E-15
1.4253  8.411750E-15
1.42571  8.368850E-15
1.42612  8.379170E-15
1.42652  8.397710E-15
1.42693  8.390610E-15
1.42734  8.420100E-15
1.42774  8.403320E-15
1.42815  8.347690E-15
1.42856  8.390820E-15
1.42896  8.398560E-15
1.42937  8.378340E-15
1.42977  8.402120E-15
1.43018  8.417070E-15
1.43059  8.495270E-15
1.43099  8.498420E-15
1.4314  8.635540E-15
1.4318  8.529490E-15
1.43221  8.557160E-15
1.43262  8.614360E-15
1.43302  8.769550E-15
1.43343  9.114110E-15
1.43384  9.489110E-15
1.43424  1.002560E-14
1.43465  1.013360E-14
1.43505  1.003570E-14
1.43546  9.636750E-15
1.43587  9.260140E-15
1.43627  8.836880E-15
1.43668  8.770170E-15
1.43708  8.654610E-15
1.43749  8.634880E-15
1.4379  8.590130E-15
1.4383  8.581910E-15
1.43871  8.503220E-15
1.43911  8.543900E-15
1.43952  8.525650E-15
1.43993  8.509740E-15
1.44033  8.447550E-15
1.44074  8.493270E-15
1.44114  8.470270E-15
1.44155  8.522360E-15
1.44196  8.480730E-15
1.44236  8.465190E-15
1.44277  8.526890E-15
1.44317  8.586030E-15
1.44358  8.483820E-15
1.44399  8.437300E-15
1.44439  8.548570E-15
1.4448  8.486040E-15
1.4452  8.446360E-15
1.44561  8.532680E-15
1.44601  8.535750E-15
1.44642  8.488820E-15
1.44683  8.414280E-15
1.44723  8.492950E-15
1.44764  8.422530E-15
1.44804  8.422760E-15
1.44845  8.464590E-15
1.44885  8.449920E-15
1.44926  8.531100E-15
1.44967  8.486700E-15
1.45007  8.528680E-15
1.45048  8.433920E-15
1.45088  8.367720E-15
1.45129  8.395690E-15
1.45169  8.353700E-15
1.4521  8.406080E-15
1.45251  8.368480E-15
1.45291  8.412190E-15
1.45332  8.511310E-15
1.45372  8.517650E-15
1.45413  8.559640E-15
1.45453  8.440990E-15
1.45494  8.486570E-15
1.45534  8.419710E-15
1.45575  8.461210E-15
1.45616  8.410860E-15
1.45656  8.494000E-15
1.45697  8.533420E-15
1.45737  8.460390E-15
1.45778  8.487080E-15
1.45818  8.503760E-15
1.45859  8.460090E-15
1.45899  8.451580E-15
1.4594  8.427760E-15
1.45981  8.428520E-15
1.46021  8.453210E-15
1.46062  8.435910E-15
1.46102  8.383420E-15
1.46143  8.440720E-15
1.46183  8.496070E-15
1.46224  8.549710E-15
1.46264  8.495700E-15
1.46305  8.498440E-15
1.46345  8.483730E-15
1.46386  8.496400E-15
1.46427  8.524530E-15
1.46467  8.446280E-15
1.46508  8.381330E-15
1.46548  8.372950E-15
1.46589  8.390320E-15
1.46629  8.317430E-15
1.4667  8.382890E-15
1.4671  8.371000E-15
1.46751  8.413140E-15
1.46791  8.421920E-15
1.46832  8.464650E-15
1.46872  8.462330E-15
1.46913  8.461200E-15
1.46953  8.451810E-15
1.46994  8.480680E-15
1.47034  8.421990E-15
1.47075  8.356080E-15
1.47115  8.436340E-15
1.47156  8.465310E-15
1.47197  8.460550E-15
1.47237  8.450540E-15
1.47278  8.473850E-15
1.47318  8.497760E-15
1.47359  8.483770E-15
1.47399  8.488230E-15
1.4744  8.463700E-15
1.4748  8.459440E-15
1.47521  8.465880E-15
1.47561  8.436880E-15
1.47602  8.489490E-15
1.47642  8.482550E-15
1.47683  8.507520E-15
1.47723  8.551420E-15
1.47764  8.502110E-15
1.47804  8.478000E-15
1.47845  8.544500E-15
1.47885  8.497770E-15
1.47926  8.512360E-15
1.47966  8.504550E-15
1.48007  8.545630E-15
1.48047  8.610680E-15
1.48088  8.590890E-15
1.48128  8.602180E-15
1.48169  8.557180E-15
1.48209  8.556240E-15
1.4825  8.521330E-15
1.4829  8.453330E-15
1.48331  8.531610E-15
1.48371  8.500450E-15
1.48412  8.562320E-15
1.48452  8.580080E-15
1.48493  8.514340E-15
1.48533  8.511190E-15
1.48574  8.525080E-15
1.48614  8.511450E-15
1.48655  8.522600E-15
1.48695  8.592290E-15
1.48736  8.570340E-15
1.48776  8.534950E-15
1.48817  8.465060E-15
1.48857  8.452250E-15
1.48897  8.472260E-15
1.48938  8.531260E-15
1.48978  8.589370E-15
1.49019  8.617480E-15
1.49059  8.578880E-15
1.491  8.610280E-15
1.4914  8.524810E-15
1.49181  8.529120E-15
1.49221  8.450900E-15
1.49262  8.409410E-15
1.49302  8.395330E-15
1.49343  8.438400E-15
1.49383  8.466930E-15
1.49424  8.515240E-15
1.49464  8.579120E-15
1.49505  8.588650E-15
1.49545  8.612980E-15
1.49586  8.607140E-15
1.49626  8.581740E-15
1.49666  8.642550E-15
1.49707  8.691580E-15
1.49747  8.606530E-15
1.49788  8.606920E-15
1.49828  8.659770E-15
1.49869  8.622350E-15
1.49909  8.644170E-15
1.4995  8.598090E-15
1.4999  8.643610E-15
1.50031  8.689540E-15
1.50071  8.669420E-15
1.50112  8.613650E-15
1.50152  8.632810E-15
1.50192  8.657090E-15
1.50233  8.600700E-15
1.50273  8.572310E-15
1.50314  8.579420E-15
1.50354  8.617370E-15
1.50395  8.618870E-15
1.50435  8.550900E-15
1.50476  8.664360E-15
1.50516  8.633550E-15
1.50556  8.609780E-15
1.50597  8.486380E-15
1.50637  8.444730E-15
1.50678  8.482170E-15
1.50718  8.435650E-15
1.50759  8.338420E-15
1.50799  8.379120E-15
1.5084  8.389040E-15
1.5088  8.322690E-15
1.5092  8.341770E-15
1.50961  8.361670E-15
1.51001  8.423760E-15
1.51042  8.428520E-15
1.51082  8.485540E-15
1.51123  8.548140E-15
1.51163  8.643620E-15
1.51204  8.567500E-15
1.51244  8.590590E-15
1.51284  8.644950E-15
1.51325  8.632010E-15
1.51365  8.622490E-15
1.51406  8.613060E-15
1.51446  8.650220E-15
1.51487  8.608400E-15
1.51527  8.559180E-15
1.51567  8.580160E-15
1.51608  8.595450E-15
1.51648  8.594940E-15
1.51689  8.608700E-15
1.51729  8.614330E-15
1.5177  8.579510E-15
1.5181  8.580260E-15
1.5185  8.600730E-15
1.51891  8.570890E-15
1.51931  8.544890E-15
1.51972  8.647640E-15
1.52012  8.654140E-15
1.52052  8.583710E-15
1.52093  8.573250E-15
1.52133  8.562910E-15
1.52174  8.563230E-15
1.52214  8.587850E-15
1.52255  8.610780E-15
1.52295  8.571210E-15
1.52335  8.569940E-15
1.52376  8.558750E-15
1.52416  8.578030E-15
1.52457  8.519860E-15
1.52497  8.588000E-15
1.52537  8.672780E-15
1.52578  8.655810E-15
1.52618  8.633360E-15
1.52659  8.642580E-15
1.52699  8.565080E-15
1.52739  8.564870E-15
1.5278  8.573190E-15
1.5282  8.551260E-15
1.52861  8.587290E-15
1.52901  8.633430E-15
1.52941  8.615970E-15
1.52982  8.599680E-15
1.53022  8.629380E-15
1.53063  8.649050E-15
1.53103  8.665670E-15
1.53143  8.640290E-15
1.53184  8.604030E-15
1.53224  8.701420E-15
1.53265  8.665070E-15
1.53305  8.546730E-15
1.53345  8.480390E-15
1.53386  8.557010E-15
1.53426  8.487770E-15
1.53467  8.600800E-15
1.53507  8.635760E-15
1.53547  8.688460E-15
1.53588  8.796640E-15
1.53628  8.819990E-15
1.53669  8.889560E-15
1.53709  8.877860E-15
1.53749  9.006630E-15
1.5379  9.068850E-15
1.5383  9.105240E-15
1.53871  9.097640E-15
1.53911  9.048800E-15
1.53951  9.033770E-15
1.53992  8.900400E-15
1.54032  8.882490E-15
1.54072  8.824960E-15
1.54113  8.782320E-15
1.54153  8.754880E-15
1.54194  8.734790E-15
1.54234  8.686480E-15
1.54274  8.573290E-15
1.54315  8.579320E-15
1.54355  8.557890E-15
1.54395  8.556650E-15
1.54436  8.561590E-15
1.54476  8.559560E-15
1.54517  8.592010E-15
1.54557  8.648120E-15
1.54597  8.615160E-15
1.54638  8.610620E-15
1.54678  8.617540E-15
1.54718  8.624540E-15
1.54759  8.587320E-15
1.54799  8.617150E-15
1.5484  8.582520E-15
1.5488  8.682990E-15
1.5492  8.773380E-15
1.54961  8.776940E-15
1.55001  8.703190E-15
1.55041  8.725560E-15
1.55082  8.690650E-15
1.55122  8.651860E-15
1.55162  8.657580E-15
1.55203  8.678030E-15
1.55243  8.714340E-15
1.55284  8.709830E-15
1.55324  8.696330E-15
1.55364  8.721730E-15
1.55405  8.648320E-15
1.55445  8.634300E-15
1.55485  8.659720E-15
1.55526  8.563380E-15
1.55566  8.531410E-15
1.55606  8.573340E-15
1.55647  8.596030E-15
1.55687  8.635310E-15
1.55728  8.629620E-15
1.55768  8.681470E-15
1.55808  8.677730E-15
1.55849  8.654660E-15
1.55889  8.589060E-15
1.55929  8.520110E-15
1.5597  8.564250E-15
1.5601  8.505090E-15
1.5605  8.583930E-15
1.56091  8.624660E-15
1.56131  8.629410E-15
1.56171  8.616500E-15
1.56212  8.559330E-15
1.56252  8.510060E-15
1.56292  8.464410E-15
1.56333  8.402100E-15
1.56373  8.401750E-15
1.56413  8.414680E-15
1.56454  8.440200E-15
1.56494  8.432620E-15
1.56535  8.432560E-15
1.56575  8.563740E-15
1.56615  8.557140E-15
1.56656  8.557250E-15
1.56696  8.551950E-15
1.56736  8.589240E-15
1.56777  8.534990E-15
1.56817  8.477490E-15
1.56857  8.520170E-15
1.56898  8.509110E-15
1.56938  8.472320E-15
1.56978  8.371090E-15
1.57019  8.454600E-15
1.57059  8.440200E-15
1.57099  8.478160E-15
1.5714  8.522010E-15
1.5718  8.595670E-15
1.5722  8.589500E-15
1.57261  8.597890E-15
1.57301  8.602530E-15
1.57341  8.653550E-15
1.57382  8.629220E-15
1.57422  8.682600E-15
1.57462  8.685380E-15
1.57503  8.742190E-15
1.57543  8.810920E-15
1.57583  8.751010E-15
1.57624  8.764470E-15
1.57664  8.766180E-15
1.57704  8.716340E-15
1.57745  8.682760E-15
1.57785  8.706680E-15
1.57825  8.638080E-15
1.57866  8.615710E-15
1.57906  8.630530E-15
1.57946  8.629060E-15
1.57986  8.623850E-15
1.58027  8.567520E-15
1.58067  8.545960E-15
1.58107  8.482440E-15
1.58148  8.466290E-15
1.58188  8.381800E-15
1.58228  8.350980E-15
1.58269  8.322230E-15
1.58309  8.376120E-15
1.58349  8.392390E-15
1.5839  8.450440E-15
1.5843  8.423420E-15
1.5847  8.578040E-15
1.58511  8.601080E-15
1.58551  8.681070E-15
1.58591  8.636600E-15
1.58632  8.622760E-15
1.58672  8.649540E-15
1.58712  8.669890E-15
1.58753  8.598250E-15
1.58793  8.623500E-15
1.58833  8.666800E-15
1.58873  8.695610E-15
1.58914  8.646450E-15
1.58954  8.694410E-15
1.58994  8.758840E-15
1.59035  8.799190E-15
1.59075  8.825360E-15
1.59115  8.810120E-15
1.59156  8.822020E-15
1.59196  8.798900E-15
1.59236  8.767030E-15
1.59277  8.776610E-15
1.59317  8.708870E-15
1.59357  8.701170E-15
1.59397  8.600500E-15
1.59438  8.538270E-15
1.59478  8.436370E-15
1.59518  8.478740E-15
1.59559  8.465760E-15
1.59599  8.455530E-15
1.59639  8.459810E-15
1.5968  8.518430E-15
1.5972  8.513830E-15
1.5976  8.572820E-15
1.59801  8.555350E-15
1.59841  8.645480E-15
1.59881  8.684240E-15
1.59921  8.626910E-15
1.59962  8.681160E-15
1.60002  8.684280E-15
1.60042  8.600940E-15
1.60083  8.581050E-15
1.60123  8.548570E-15
1.60163  8.568140E-15
1.60203  8.606360E-15
1.60244  8.589170E-15
1.60284  8.553820E-15
1.60324  8.544900E-15
1.60365  8.559840E-15
1.60405  8.699270E-15
1.60445  8.783630E-15
1.60486  8.826290E-15
1.60526  8.804090E-15
1.60566  8.806380E-15
1.60606  8.771230E-15
1.60647  8.733120E-15
1.60687  8.712510E-15
1.60727  8.668580E-15
1.60768  8.744700E-15
1.60808  8.677250E-15
1.60848  8.667720E-15
1.60888  8.688410E-15
1.60929  8.686060E-15
1.60969  8.727700E-15
1.61009  8.712880E-15
1.6105  8.741720E-15
1.6109  8.712320E-15
1.6113  8.664670E-15
1.6117  8.723450E-15
1.61211  8.655790E-15
1.61251  8.627660E-15
1.61291  8.593010E-15
1.61332  8.614010E-15
1.61372  8.685490E-15
1.61412  8.775040E-15
1.61452  8.747370E-15
1.61493  8.858390E-15
1.61533  8.818010E-15
1.61573  8.871100E-15
1.61614  8.905050E-15
1.61654  8.936360E-15
1.61694  8.817620E-15
1.61734  8.814390E-15
1.61775  8.751570E-15
1.61815  8.659210E-15
1.61855  8.645040E-15
1.61896  8.642240E-15
1.61936  8.679660E-15
1.61976  8.632040E-15
1.62016  8.601230E-15
1.62057  8.637160E-15
1.62097  8.580990E-15
1.62137  8.635340E-15
1.62177  8.633510E-15
1.62218  8.607030E-15
1.62258  8.593980E-15
1.62298  8.471940E-15
1.62339  8.526210E-15
1.62379  8.422370E-15
1.62419  8.335690E-15
1.62459  8.311820E-15
1.625  8.288110E-15
1.6254  8.239160E-15
1.6258  8.302590E-15
1.6262  8.314910E-15
1.62661  8.406300E-15
1.62701  8.412380E-15
1.62741  8.476650E-15
1.62782  8.485380E-15
1.62822  8.549650E-15
1.62862  8.501070E-15
1.62902  8.528780E-15
1.62943  8.494970E-15
1.62983  8.457660E-15
1.63023  8.436270E-15
1.63063  8.430410E-15
1.63104  8.508270E-15
1.63144  8.513520E-15
1.63184  8.548480E-15
1.63224  8.545370E-15
1.63265  8.604610E-15
1.63305  8.672880E-15
1.63345  8.667960E-15
1.63386  8.659120E-15
1.63426  8.580750E-15
1.63466  8.601950E-15
1.63506  8.635100E-15
1.63547  8.669770E-15
1.63587  8.618190E-15
1.63627  8.632560E-15
1.63667  8.674050E-15
1.63708  8.632780E-15
1.63748  8.649720E-15
1.63788  8.645940E-15
1.63828  8.581620E-15
1.63869  8.594630E-15
1.63909  8.638740E-15
1.63949  8.653190E-15
1.63989  8.656650E-15
1.6403  8.539580E-15
1.6407  8.585640E-15
1.6411  8.547280E-15
1.6415  8.564130E-15
1.64191  8.643720E-15
1.64231  8.629950E-15
1.64271  8.599350E-15
1.64311  8.676090E-15
1.64352  8.671160E-15
1.64392  8.616780E-15
1.64432  8.680550E-15
1.64473  8.670620E-15
1.64513  8.750680E-15
1.64553  8.893160E-15
1.64593  9.042410E-15
1.64634  9.275950E-15
1.64674  9.568160E-15
1.64714  9.818420E-15
1.64754  1.018100E-14
1.64795  1.050630E-14
1.64835  1.106590E-14
1.64875  1.142990E-14
1.64915  1.141390E-14
1.64956  1.123010E-14
1.64996  1.081410E-14
1.65036  1.028220E-14
1.65076  9.794560E-15
1.65117  9.509270E-15
1.65157  9.402800E-15
1.65197  9.271340E-15
1.65237  9.037820E-15
1.65278  8.891860E-15
1.65318  8.784050E-15
1.65358  8.649390E-15
1.65398  8.613230E-15
1.65439  8.587590E-15
1.65479  8.527000E-15
1.65519  8.604990E-15
1.65559  8.665100E-15
1.656  8.662520E-15
1.6564  8.635290E-15
1.6568  8.611030E-15
1.6572  8.577160E-15
1.65761  8.577540E-15
1.65801  8.501570E-15
1.65841  8.525200E-15
1.65881  8.475650E-15
1.65922  8.504860E-15
1.65962  8.529300E-15
1.66002  8.524940E-15
1.66042  8.534160E-15
1.66082  8.487970E-15
1.66123  8.543540E-15
1.66163  8.542690E-15
1.66203  8.567930E-15
1.66243  8.567160E-15
1.66284  8.607000E-15
1.66324  8.592090E-15
1.66364  8.568570E-15
1.66404  8.577520E-15
1.66445  8.521100E-15
1.66485  8.560060E-15
1.66525  8.591690E-15
1.66565  8.580200E-15
1.66606  8.507390E-15
1.66646  8.439780E-15
1.66686  8.368770E-15
1.66726  8.391210E-15
1.66767  8.372490E-15
1.66807  8.323510E-15
1.66847  8.354640E-15
1.66887  8.424730E-15
1.66928  8.423350E-15
1.66968  8.442040E-15
1.67008  8.440570E-15
1.67048  8.407800E-15
1.67089  8.436100E-15
1.67129  8.323750E-15
1.67169  8.308280E-15
1.67209  8.347390E-15
1.67249  8.389430E-15
1.6729  8.395850E-15
1.6733  8.341480E-15
1.6737  8.426310E-15
1.6741  8.394400E-15
1.67451  8.393870E-15
1.67491  8.434260E-15
1.67531  8.463510E-15
1.67571  8.489340E-15
1.67612  8.506870E-15
1.67652  8.541590E-15
1.67692  8.571880E-15
1.67732  8.560770E-15
1.67773  8.496910E-15
1.67813  8.551880E-15
1.67853  8.529170E-15
1.67893  8.609460E-15
1.67933  8.605880E-15
1.67974  8.622200E-15
1.68014  8.580680E-15
1.68054  8.650980E-15
1.68094  8.682760E-15
1.68135  8.663780E-15
1.68175  8.771230E-15
1.68215  8.817430E-15
1.68255  8.956060E-15
1.68296  8.959630E-15
1.68336  8.897840E-15
1.68376  8.930290E-15
1.68416  8.845060E-15
1.68456  8.834890E-15
1.68497  8.843830E-15
1.68537  8.915070E-15
1.68577  8.966780E-15
1.68617  9.087860E-15
1.68658  8.940340E-15
1.68698  8.857140E-15
1.68738  8.757210E-15
1.68778  8.673320E-15
1.68819  8.689880E-15
1.68859  8.651820E-15
1.68899  8.535670E-15
1.68939  8.492650E-15
1.6898  8.424590E-15
1.6902  8.453230E-15
1.6906  8.513050E-15
1.691  8.479700E-15
1.6914  8.401010E-15
1.69181  8.543970E-15
1.69221  8.552910E-15
1.69261  8.527140E-15
1.69301  8.613550E-15
1.69342  8.545290E-15
1.69382  8.537090E-15
1.69422  8.507910E-15
1.69462  8.465030E-15
1.69502  8.501940E-15
1.69543  8.462310E-15
1.69583  8.491920E-15
1.69623  8.518680E-15
1.69663  8.489590E-15
1.69704  8.583760E-15
1.69744  8.586410E-15
1.69784  8.624300E-15
1.69824  8.604970E-15
1.69865  8.552180E-15
1.69905  8.582520E-15
1.69945  8.545080E-15
1.69985  8.494020E-15
1.70025  8.479560E-15
1.70066  8.428680E-15
1.70106  8.417240E-15
1.70146  8.375910E-15
1.70186  8.445650E-15
1.70227  8.344290E-15
1.70267  8.421560E-15
1.70307  8.449220E-15
1.70347  8.460230E-15
1.70387  8.485360E-15
1.70428  8.521560E-15
1.70468  8.433510E-15
1.70508  8.403850E-15
1.70548  8.457810E-15
1.70589  8.442500E-15
1.70629  8.403130E-15
1.70669  8.365260E-15
1.70709  8.365160E-15
1.70749  8.341450E-15
1.7079  8.350830E-15
1.7083  8.377470E-15
1.7087  8.374900E-15
1.7091  8.379760E-15
1.70951  8.345260E-15
1.70991  8.396690E-15
1.71031  8.409090E-15
1.71071  8.339770E-15
1.71112  8.279680E-15
1.71152  8.272650E-15
1.71192  8.169780E-15
1.71232  8.223420E-15
1.71272  8.163400E-15
1.71313  8.167440E-15
1.71353  8.217580E-15
1.71393  8.232590E-15
1.71433  8.255230E-15
1.71474  8.277320E-15
1.71514  8.224360E-15
1.71554  8.276570E-15
1.71594  8.237220E-15
1.71634  8.169600E-15
1.71675  8.190020E-15
1.71715  8.219130E-15
1.71755  8.275010E-15
1.71795  8.261870E-15
1.71836  8.358390E-15
1.71876  8.325680E-15
1.71916  8.367960E-15
1.71956  8.426950E-15
1.71996  8.380600E-15
1.72037  8.342690E-15
1.72077  8.404530E-15
1.72117  8.402220E-15
1.72157  8.320650E-15
1.72198  8.359290E-15
1.72238  8.304470E-15
1.72278  8.270430E-15
1.72318  8.226540E-15
1.72358  8.280690E-15
1.72399  8.169140E-15
1.72439  8.216920E-15
1.72479  8.239180E-15
1.72519  8.169810E-15
1.7256  8.212630E-15
1.726  8.170250E-15
1.7264  8.210980E-15
1.7268  8.260530E-15
1.7272  8.220420E-15
1.72761  8.214570E-15
1.72801  8.148860E-15
1.72841  8.199990E-15
1.72881  8.182660E-15
1.72922  8.179100E-15
1.72962  8.220100E-15
1.73002  8.247680E-15
1.73042  8.283420E-15
1.73082  8.259420E-15
1.73123  8.285920E-15
1.73163  8.359230E-15
1.73203  8.363890E-15
1.73243  8.438420E-15
1.73284  8.254700E-15
1.73324  8.268460E-15
1.73364  8.277860E-15
1.73404  8.235730E-15
1.73444  8.274350E-15
1.73485  8.217650E-15
1.73525  8.133230E-15
1.73565  8.094410E-15
1.73605  8.074860E-15
1.73646  8.122910E-15
1.73686  8.160020E-15
1.73726  8.135870E-15
1.73766  8.176240E-15
1.73806  8.113250E-15
1.73847  8.227030E-15
1.73887  8.253550E-15
1.73927  8.314030E-15
1.73967  8.326360E-15
1.74008  8.304650E-15
1.74048  8.454430E-15
1.74088  8.454160E-15
1.74128  8.563560E-15
1.74168  8.635370E-15
1.74209  8.660880E-15
1.74249  8.590160E-15
1.74289  8.543850E-15
1.74329  8.510940E-15
1.7437  8.380520E-15
1.7441  8.480750E-15
1.7445  8.463120E-15
1.7449  8.411930E-15
1.7453  8.437360E-15
1.74571  8.433530E-15
1.74611  8.464120E-15
1.74651  8.424520E-15
1.74691  8.325130E-15
1.74732  8.368710E-15
1.74772  8.321730E-15
1.74812  8.388400E-15
1.74852  8.431250E-15
1.74892  8.377730E-15
1.74933  8.423820E-15
1.74973  8.367590E-15
1.75013  8.343080E-15
1.75053  8.422440E-15
1.75094  8.476470E-15
1.75134  8.408000E-15
1.75174  8.462250E-15
1.75214  8.411740E-15
1.75254  8.453110E-15
1.75295  8.426060E-15
1.75335  8.426350E-15
1.75375  8.496010E-15
1.75415  8.472510E-15
1.75456  8.425540E-15
1.75496  8.311600E-15
1.75536  8.381670E-15
1.75576  8.319360E-15
1.75617  8.314490E-15
1.75657  8.288130E-15
1.75697  8.246090E-15
1.75737  8.191680E-15
1.75777  8.249400E-15
1.75818  8.268550E-15
1.75858  8.178340E-15
1.75898  8.224070E-15
1.75938  8.188080E-15
1.75979  8.160820E-15
1.76019  8.073810E-15
1.76059  8.047450E-15
1.76099  8.133410E-15
1.76139  8.237420E-15
1.7618  8.101280E-15
1.7622  8.064100E-15
1.7626  7.981290E-15
1.763  8.105080E-15
1.76341  8.074420E-15
1.76381  8.054820E-15
1.76421  8.001570E-15
1.76461  8.067020E-15
1.76502  8.029200E-15
1.76542  8.038940E-15
1.76582  7.980870E-15
1.76622  8.036820E-15
1.76662  8.029330E-15
1.76703  7.961890E-15
1.76743  7.929110E-15
1.76783  8.007020E-15
1.76823  7.952630E-15
1.76864  7.958910E-15
1.76904  7.961010E-15
1.76944  8.081130E-15
1.76984  8.057750E-15
1.77024  8.006340E-15
1.77065  8.047340E-15
1.77105  8.019550E-15
1.77145  8.073960E-15
1.77185  7.952190E-15
1.77226  8.083580E-15
1.77266  8.068220E-15
1.77306  7.988910E-15
1.77346  8.018800E-15
1.77387  7.928630E-15
1.77427  7.897710E-15
1.77467  7.993540E-15
1.77507  7.987580E-15
1.77547  7.998590E-15
1.77588  7.937600E-15
1.77628  8.033510E-15
1.77668  7.970770E-15
1.77708  7.979120E-15
1.77749  7.841640E-15
1.77789  7.905330E-15
1.77829  7.860680E-15
1.77869  7.783580E-15
1.7791  7.877030E-15
1.7795  7.916490E-15
1.7799  7.818420E-15
1.7803  7.813340E-15
1.78071  7.832390E-15
1.78111  7.817180E-15
1.78151  7.883130E-15
1.78191  7.839830E-15
1.78231  7.811980E-15
1.78272  7.811500E-15
1.78312  7.839460E-15
1.78352  7.826580E-15
1.78392  7.880060E-15
1.78433  7.881890E-15
1.78473  7.916010E-15
1.78513  7.906570E-15
1.78553  7.908790E-15
1.78594  7.926820E-15
1.78634  7.881670E-15
1.78674  7.895600E-15
1.78714  7.910030E-15
1.78755  7.749180E-15
1.78795  7.806180E-15
1.78835  7.802480E-15
1.78875  7.892050E-15
1.78915  7.830430E-15
1.78956  7.796200E-15
1.78996  7.817420E-15
1.79036  7.843860E-15
1.79076  7.823560E-15
1.79117  7.913850E-15
1.79157  7.731340E-15
1.79197  7.800630E-15
1.79237  7.960020E-15
1.79278  7.947000E-15
1.79318  7.945840E-15
1.79358  7.998890E-15
1.79398  8.014650E-15
1.79439  7.923380E-15
1.79479  7.912510E-15
1.79519  7.924520E-15
1.79559  7.916530E-15
1.796  7.912240E-15
1.7964  7.862520E-15
1.7968  7.837360E-15
1.7972  7.929970E-15
1.79761  7.789090E-15
1.79801  7.752660E-15
1.79841  7.767850E-15
1.79881  7.715010E-15
1.79921  7.738180E-15
1.79962  7.808730E-15
1.80002  7.757720E-15
1.80042  7.779620E-15
1.80082  7.831260E-15
1.80123  7.851490E-15
1.80163  7.926230E-15
1.80203  7.817420E-15
1.80243  7.913420E-15
1.80284  8.006600E-15
1.80324  7.900580E-15
1.80364  7.946330E-15
1.80404  7.988730E-15
1.80445  8.013410E-15
1.80485  7.957720E-15
1.80525  8.060690E-15
1.80565  7.832640E-15
1.80606  7.989240E-15
1.80646  7.927000E-15
1.80686  7.890550E-15
1.80726  7.660320E-15
1.80767  7.759240E-15
1.80807  7.631970E-15
1.80847  7.609280E-15
1.80887  7.674430E-15
1.80928  7.810590E-15
1.80968  7.650700E-15
1.81008  7.701560E-15
1.81048  7.926110E-15
1.81089  7.936510E-15
1.81129  7.913940E-15
1.81169  7.670870E-15
1.81209  7.840540E-15
1.8125  8.033130E-15
1.8129  8.233010E-15
1.8133  8.328790E-15
1.8137  8.249550E-15
1.81411  8.248380E-15
1.81451  8.369710E-15
1.81491  8.455210E-15
1.81531  8.650720E-15
1.81572  8.751340E-15
1.81612  8.634090E-15
1.81652  8.525470E-15
1.81692  8.495650E-15
1.81733  8.521230E-15
1.81773  8.488730E-15
1.81813  8.656480E-15
1.81854  8.990790E-15
1.81894  8.997990E-15
1.8831  1.844730E-14
1.88364  1.687330E-14
1.88418  1.537660E-14
1.88471  1.445340E-14
1.88525  1.376870E-14
1.88579  1.330310E-14
1.88633  1.308100E-14
1.88687  1.277460E-14
1.88741  1.261140E-14
1.88795  1.249820E-14
1.88849  1.216400E-14
1.88903  1.196890E-14
1.88957  1.178810E-14
1.89011  1.183480E-14
1.89065  1.180420E-14
1.89118  1.163240E-14
1.89172  1.142290E-14
1.89226  1.135000E-14
1.8928  1.135610E-14
1.89334  1.120540E-14
1.89388  1.122700E-14
1.89442  1.136610E-14
1.89496  1.124330E-14
1.8955  1.109200E-14
1.89604  1.111820E-14
1.89658  1.103420E-14
1.89711  1.097280E-14
1.89765  1.092600E-14
1.89819  1.102720E-14
1.89873  1.105330E-14
1.89927  1.073170E-14
1.89981  1.077780E-14
1.90035  1.050150E-14
1.90089  1.053600E-14
1.90143  1.003130E-14
1.90197  9.561860E-15
1.9025  9.389320E-15
1.90304  9.375230E-15
1.90358  9.261210E-15
1.90412  8.962190E-15
1.90466  8.796630E-15
1.9052  8.714770E-15
1.90574  8.838280E-15
1.90628  8.713490E-15
1.90682  9.017880E-15
1.90736  9.015730E-15
1.90789  8.647260E-15
1.90843  8.426990E-15
1.90897  8.455370E-15
1.90951  8.344720E-15
1.91005  8.280090E-15
1.91059  8.272060E-15
1.91113  8.317190E-15
1.91167  8.358890E-15
1.91221  8.464320E-15
1.91275  8.259050E-15
1.91328  8.168430E-15
1.91382  8.448590E-15
1.91436  8.580250E-15
1.9149  8.499410E-15
1.91544  8.322930E-15
1.91598  8.191990E-15
1.91652  8.306390E-15
1.91706  8.390580E-15
1.9176  8.327280E-15
1.91813  8.249160E-15
1.91867  8.110430E-15
1.91921  8.089930E-15
1.91975  8.182730E-15
1.92029  8.204640E-15
1.92083  8.500030E-15
1.92137  8.712130E-15
1.92191  8.550940E-15
1.92245  8.423830E-15
1.92298  8.236230E-15
1.92352  8.083110E-15
1.92406  8.160580E-15
1.9246  8.284050E-15
1.92514  8.303380E-15
1.92568  8.331060E-15
1.92622  8.249150E-15
1.92676  8.344650E-15
1.92729  8.428230E-15
1.92783  8.514420E-15
1.92837  8.361260E-15
1.92891  8.461650E-15
1.92945  8.270870E-15
1.92999  8.137770E-15
1.93053  8.223550E-15
1.93107  8.196730E-15
1.93161  8.261270E-15
1.93214  8.262120E-15
1.93268  8.216410E-15
1.93322  8.088670E-15
1.93376  8.122260E-15
1.9343  8.179360E-15
1.93484  8.195780E-15
1.93538  8.116280E-15
1.93591  8.052980E-15
1.93645  8.053610E-15
1.93699  8.114920E-15
1.93753  8.072610E-15
1.93807  8.090360E-15
1.93861  8.054820E-15
1.93915  8.100750E-15
1.93969  8.218700E-15
1.94022  8.309760E-15
1.94076  8.233150E-15
1.9413  8.261020E-15
1.94184  8.305150E-15
1.94238  8.270890E-15
1.94292  8.174710E-15
1.94346  8.137320E-15
1.944  8.201980E-15
1.94453  8.325600E-15
1.94507  8.410330E-15
1.94561  8.459400E-15
1.94615  8.451660E-15
1.94669  8.437010E-15
1.94723  8.371830E-15
1.94777  8.356720E-15
1.9483  8.393980E-15
1.94884  8.435410E-15
1.94938  8.440360E-15
1.94992  8.544200E-15
1.95046  8.709250E-15
1.951  8.739680E-15
1.95154  8.711590E-15
1.95207  8.603780E-15
1.95261  8.547120E-15
1.95315  8.401160E-15
1.95369  8.272890E-15
1.95423  8.278240E-15
1.95477  8.255110E-15
1.95531  8.223390E-15
1.95584  8.197840E-15
1.95638  8.272030E-15
1.95692  8.177390E-15
1.95746  8.223580E-15
1.958  8.295480E-15
1.95854  8.330270E-15
1.95908  8.368350E-15
1.95961  8.417150E-15
1.96015  8.420140E-15
1.96069  8.396980E-15
1.96123  8.403070E-15
1.96177  8.398190E-15
1.96231  8.486760E-15
1.96285  8.675630E-15
1.96338  8.805520E-15
1.96392  8.814060E-15
1.96446  8.833900E-15
1.965  8.730030E-15
1.96554  8.609400E-15
1.96608  8.589640E-15
1.96661  8.663660E-15
1.96715  8.818360E-15
1.96769  9.145670E-15
1.96823  9.675770E-15
1.96877  1.035180E-14
1.96931  1.057570E-14
1.96985  1.053200E-14
1.97038  1.019080E-14
1.97092  9.568450E-15
1.97146  8.981350E-15
1.972  8.692530E-15
1.97254  8.461780E-15
1.97308  8.356120E-15
1.97361  8.254860E-15
1.97415  8.197260E-15
1.97469  8.102890E-15
1.97523  8.088550E-15
1.97577  8.046180E-15
1.97631  8.043220E-15
1.97684  8.023850E-15
1.97738  7.967860E-15
1.97792  7.943800E-15
1.97846  7.930790E-15
1.979  7.908160E-15
1.97954  7.864510E-15
1.98008  7.880380E-15
1.98061  7.889800E-15
1.98115  7.890210E-15
1.98169  7.870760E-15
1.98223  7.872190E-15
1.98277  7.855740E-15
1.98331  7.824170E-15
1.98384  7.805910E-15
1.98438  7.769140E-15
1.98492  7.759130E-15
1.98546  7.765550E-15
1.986  7.806600E-15
1.98653  7.829150E-15
1.98707  7.826700E-15
1.98761  7.845390E-15
1.98815  7.851810E-15
1.98869  7.839590E-15
1.98923  7.831480E-15
1.98976  7.838760E-15
1.9903  7.842210E-15
1.99084  7.826390E-15
1.99138  7.809760E-15
1.99192  7.800010E-15
1.99246  7.774250E-15
1.99299  7.721170E-15
1.99353  7.740750E-15
1.99407  7.772810E-15
1.99461  7.787590E-15
1.99515  7.794880E-15
1.99569  7.805850E-15
1.99622  7.790100E-15
1.99676  7.765250E-15
1.9973  7.723110E-15
1.99784  7.746060E-15
1.99838  7.699510E-15
1.99891  7.694610E-15
1.99945  7.670710E-15
1.99999  7.707380E-15
2.00053  7.683230E-15
2.00107  7.727290E-15
2.00161  7.658430E-15
2.00214  7.688550E-15
2.00268  7.636560E-15
2.00322  7.766420E-15
2.00376  7.683600E-15
2.0043  7.712370E-15
2.00483  7.731730E-15
2.00537  7.744210E-15
2.00591  7.744910E-15
2.00645  7.872330E-15
2.00699  7.881750E-15
2.00753  7.817110E-15
2.00806  7.830930E-15
2.0086  7.811440E-15
2.00914  7.753800E-15
2.00968  7.794860E-15
2.01022  7.731440E-15
2.01075  7.736160E-15
2.01129  7.734370E-15
2.01183  7.781320E-15
2.01237  7.840900E-15
2.01291  7.830030E-15
2.01344  7.786390E-15
2.01398  7.767660E-15
2.01452  7.819050E-15
2.01506  7.804630E-15
2.0156  7.771440E-15
2.01614  7.784360E-15
2.01667  7.721040E-15
2.01721  7.749080E-15
2.01775  7.768260E-15
2.01829  7.812550E-15
2.01883  7.762660E-15
2.01936  7.786660E-15
2.0199  7.778670E-15
2.02044  7.809960E-15
2.02098  7.845210E-15
2.02152  7.899660E-15
2.02205  7.826940E-15
2.02259  7.840720E-15
2.02313  7.799010E-15
2.02367  7.823240E-15
2.02421  7.814940E-15
2.02474  7.824770E-15
2.02528  7.827820E-15
2.02582  7.765350E-15
2.02636  7.767930E-15
2.0269  7.764550E-15
2.02743  7.751220E-15
2.02797  7.781660E-15
2.02851  7.796610E-15
2.02905  7.792740E-15
2.02959  7.801770E-15
2.03012  7.793850E-15
2.03066  7.801770E-15
2.0312  7.795780E-15
2.03174  7.789690E-15
2.03228  7.809620E-15
2.03281  7.812170E-15
2.03335  7.807290E-15
2.03389  7.775260E-15
2.03443  7.812690E-15
2.03497  7.805190E-15
2.0355  7.789400E-15
2.03604  7.829330E-15
2.03658  7.878000E-15
2.03712  7.835610E-15
2.03765  7.892270E-15
2.03819  7.853720E-15
2.03873  7.941640E-15
2.03927  8.038040E-15
2.03981  8.009640E-15
2.04034  8.025810E-15
2.04088  7.987090E-15
2.04142  7.926710E-15
2.04196  7.864250E-15
2.0425  7.820440E-15
2.04303  7.864640E-15
2.04357  7.875770E-15
2.04411  7.886840E-15
2.04465  7.873410E-15
2.04519  7.886750E-15
2.04572  7.891030E-15
2.04626  7.932940E-15
2.0468  7.877720E-15
2.04734  7.894850E-15
2.04787  7.860150E-15
2.04841  7.873510E-15
2.04895  7.855560E-15
2.04949  7.874440E-15
2.05003  7.907020E-15
2.05056  7.897450E-15
2.0511  7.892350E-15
2.05164  7.906750E-15
2.05218  7.908000E-15
2.05271  7.824800E-15
2.05325  7.870640E-15
2.05379  7.840600E-15
2.05433  7.822990E-15
2.05487  7.818190E-15
2.0554  7.771510E-15
2.05594  7.754400E-15
2.05648  7.708600E-15
2.05702  7.715900E-15
2.05755  7.696280E-15
2.05809  7.716230E-15
2.05863  7.679720E-15
2.05917  7.662560E-15
2.05971  7.621190E-15
2.06024  7.538920E-15
2.06078  7.485710E-15
2.06132  7.434400E-15
2.06186  7.407770E-15
2.06239  7.461800E-15
2.06293  7.509810E-15
2.06347  7.648280E-15
2.06401  7.795980E-15
2.06455  7.908520E-15
2.06508  7.951660E-15
2.06562  7.957310E-15
2.06616  7.918500E-15
2.0667  7.864770E-15
2.06723  7.846600E-15
2.06777  7.821230E-15
2.06831  7.795370E-15
2.06885  7.778790E-15
2.06938  7.795200E-15
2.06992  7.737630E-15
2.07046  7.765650E-15
2.071  7.783930E-15
2.07154  7.715630E-15
2.07207  7.754510E-15
2.07261  7.757290E-15
2.07315  7.801190E-15
2.07369  7.767330E-15
2.07422  7.750380E-15
2.07476  7.739920E-15
2.0753  7.752460E-15
2.07584  7.737010E-15
2.07637  7.766860E-15
2.07691  7.802160E-15
2.07745  7.797980E-15
2.07799  7.796550E-15
2.07852  7.816530E-15
2.07906  7.825930E-15
2.0796  7.841000E-15
2.08014  7.817460E-15
2.08068  7.859870E-15
2.08121  7.807860E-15
2.08175  7.798120E-15
2.08229  7.785280E-15
2.08283  7.793540E-15
2.08336  7.816810E-15
2.0839  7.852440E-15
2.08444  7.769860E-15
2.08498  7.763110E-15
2.08551  7.814660E-15
2.08605  7.822140E-15
2.08659  7.755240E-15
2.08713  7.755670E-15
2.08766  7.770970E-15
2.0882  7.834920E-15
2.08874  7.768020E-15
2.08928  7.762430E-15
2.08981  7.732830E-15
2.09035  7.782200E-15
2.09089  7.750210E-15
2.09143  7.787150E-15
2.09196  7.776230E-15
2.0925  7.773580E-15
2.09304  7.771040E-15
2.09358  7.789380E-15
2.09411  7.806470E-15
2.09465  7.812940E-15
2.09519  7.751510E-15
2.09573  7.750030E-15
2.09626  7.766220E-15
2.0968  7.781080E-15
2.09734  7.755290E-15
2.09788  7.811280E-15
2.09841  7.745430E-15
2.09895  7.762900E-15
2.09949  7.787190E-15
2.10003  7.762010E-15
2.10056  7.733390E-15
2.1011  7.753270E-15
2.10164  7.719910E-15
2.10218  7.716790E-15
2.10271  7.691140E-15
2.10325  7.676250E-15
2.10379  7.722360E-15
2.10433  7.705370E-15
2.10486  7.745560E-15
2.1054  7.743650E-15
2.10594  7.749120E-15
2.10648  7.756900E-15
2.10701  7.704780E-15
2.10755  7.744800E-15
2.10809  7.730760E-15
2.10863  7.730740E-15
2.10916  7.736540E-15
2.1097  7.698800E-15
2.11024  7.720600E-15
2.11078  7.722890E-15
2.11131  7.706280E-15
2.11185  7.689840E-15
2.11239  7.695350E-15
2.11293  7.689410E-15
2.11346  7.665070E-15
2.114  7.744360E-15
2.11454  7.683620E-15
2.11508  7.684920E-15
2.11561  7.683560E-15
2.11615  7.681240E-15
2.11669  7.697460E-15
2.11722  7.723580E-15
2.11776  7.716160E-15
2.1183  7.712920E-15
2.11884  7.719160E-15
2.11937  7.747550E-15
2.11991  7.724270E-15
2.12045  7.754340E-15
2.12099  7.703410E-15
2.12152  7.750770E-15
2.12206  7.696210E-15
2.1226  7.711860E-15
2.12314  7.705660E-15
2.12367  7.666260E-15
2.12421  7.679120E-15
2.12475  7.666360E-15
2.12528  7.721700E-15
2.12582  7.713630E-15
2.12636  7.791030E-15
2.1269  7.844410E-15
2.12743  8.031430E-15
2.12797  8.163250E-15
2.12851  8.247800E-15
2.12905  8.227200E-15
2.12958  8.144960E-15
2.13012  7.995660E-15
2.13066  7.839930E-15
2.1312  7.805770E-15
2.13173  7.727900E-15
2.13227  7.776060E-15
2.13281  7.756560E-15
2.13334  7.750140E-15
2.13388  7.767170E-15
2.13442  7.799160E-15
2.13496  7.781400E-15
2.13549  7.780120E-15
2.13603  7.802520E-15
2.13657  7.797670E-15
2.13711  7.784110E-15
2.13764  7.812000E-15
2.13818  7.812110E-15
2.13872  7.821650E-15
2.13925  7.802500E-15
2.13979  7.820320E-15
2.14033  7.794140E-15
2.14087  7.794100E-15
2.1414  7.794210E-15
2.14194  7.793470E-15
2.14248  7.811240E-15
2.14302  7.801120E-15
2.14355  7.832310E-15
2.14409  7.799750E-15
2.14463  7.782220E-15
2.14516  7.808090E-15
2.1457  7.791430E-15
2.14624  7.807360E-15
2.14678  7.772630E-15
2.14731  7.804170E-15
2.14785  7.824460E-15
2.14839  7.834500E-15
2.14892  7.807130E-15
2.14946  7.805920E-15
2.15  7.748670E-15
2.15054  7.782960E-15
2.15107  7.794510E-15
2.15161  7.805740E-15
2.15215  7.806130E-15
2.15268  7.781110E-15
2.15322  7.755970E-15
2.15376  7.779330E-15
2.1543  7.800020E-15
2.15483  7.795790E-15
2.15537  7.829930E-15
2.15591  7.852780E-15
2.15644  7.837340E-15
2.15698  7.833350E-15
2.15752  7.813410E-15
2.15806  7.860930E-15
2.15859  7.848290E-15
2.15913  7.911470E-15
2.15967  7.913110E-15
2.1602  7.928920E-15
2.16074  7.927260E-15
2.16128  7.905780E-15
2.16182  7.877660E-15
2.16235  7.877480E-15
2.16289  7.874340E-15
2.16343  7.858560E-15
2.16396  7.836760E-15
2.1645  7.873230E-15
2.16504  7.950350E-15
2.16558  7.973870E-15
2.16611  7.955880E-15
2.16665  7.940940E-15
2.16719  7.933820E-15
2.16772  7.946460E-15
2.16826  8.021450E-15
2.1688  8.038050E-15
2.16934  8.034370E-15
2.16987  8.097240E-15
2.17041  8.119360E-15
2.17095  8.272250E-15
2.17148  8.421430E-15
2.17202  8.647420E-15
2.17256  8.732160E-15
2.17309  8.816240E-15
2.17363  8.694790E-15
2.17417  8.553790E-15
2.17471  8.344970E-15
2.17524  8.271150E-15
2.17578  8.197910E-15
2.17632  8.159440E-15
2.17685  8.105010E-15
2.17739  8.059260E-15
2.17793  8.058490E-15
2.17847  8.059090E-15
2.179  8.048690E-15
2.17954  8.018380E-15
2.18008  8.000020E-15
2.18061  8.029950E-15
2.18115  7.975750E-15
2.18169  7.973780E-15
2.18222  8.007050E-15
2.18276  7.958740E-15
2.1833  7.984020E-15
2.18384  7.978090E-15
2.18437  7.934900E-15
2.18491  7.949260E-15
2.18545  7.975340E-15
2.18598  7.937440E-15
2.18652  7.950860E-15
2.18706  7.906640E-15
2.18759  7.934550E-15
2.18813  7.968740E-15
2.18867  7.908690E-15
2.18921  7.960780E-15
2.18974  7.910150E-15
2.19028  7.942370E-15
2.19082  7.900830E-15
2.19135  7.952180E-15
2.19189  7.924670E-15
2.19243  7.905310E-15
2.19296  7.902050E-15
2.1935  7.858700E-15
2.19404  7.857670E-15
2.19458  7.814480E-15
2.19511  7.878720E-15
2.19565  7.813150E-15
2.19619  7.758600E-15
2.19672  7.780270E-15
2.19726  7.774410E-15
2.1978  7.754850E-15
2.19833  7.767180E-15
2.19887  7.718480E-15
2.19941  7.714660E-15
2.19994  7.690420E-15
2.20048  7.679990E-15
2.20102  7.719500E-15
2.20156  7.675410E-15
2.20209  7.674140E-15
2.20263  7.663270E-15
2.20317  7.703670E-15
2.2037  7.688050E-15
2.20424  7.673600E-15
2.20478  7.652070E-15
2.20531  7.614680E-15
2.20585  7.631140E-15
2.20639  7.603540E-15
2.20692  7.667680E-15
2.20746  7.633970E-15
2.208  7.629660E-15
2.20853  7.650040E-15
2.20907  7.613470E-15
2.20961  7.632140E-15
2.21015  7.654100E-15
2.21068  7.612890E-15
2.21122  7.620340E-15
2.21176  7.658290E-15
2.21229  7.604360E-15
2.21283  7.564930E-15
2.21337  7.552380E-15
2.2139  7.569220E-15
2.21444  7.537600E-15
2.21498  7.559940E-15
2.21551  7.541680E-15
2.21605  7.543880E-15
2.21659  7.551410E-15
2.21712  7.581030E-15
2.21766  7.606640E-15
2.2182  7.631750E-15
2.21873  7.615450E-15
2.21927  7.638300E-15
2.21981  7.659850E-15
2.22035  7.636760E-15
2.22088  7.654430E-15
2.22142  7.636430E-15
2.22196  7.622790E-15
2.22249  7.622260E-15
2.22303  7.624960E-15
2.22357  7.648960E-15
2.2241  7.655400E-15
2.22464  7.689740E-15
2.22518  7.669920E-15
2.22571  7.638560E-15
2.22625  7.616850E-15
2.22679  7.658210E-15
2.22732  7.675040E-15
2.22786  7.641450E-15
2.2284  7.632330E-15
2.22893  7.667720E-15
2.22947  7.722200E-15
2.23001  7.678680E-15
2.23054  7.723330E-15
2.23108  7.726010E-15
2.23162  7.710550E-15
2.23216  7.635960E-15
2.23269  7.604560E-15
2.23323  7.532460E-15
2.23377  7.585580E-15
2.2343  7.576560E-15
2.23484  7.579350E-15
2.23538  7.539510E-15
2.23591  7.539330E-15
2.23645  7.551690E-15
2.23699  7.556180E-15
2.23752  7.521820E-15
2.23806  7.578650E-15
2.2386  7.555400E-15
2.23913  7.586970E-15
2.23967  7.576400E-15
2.24021  7.550280E-15
2.24074  7.548810E-15
2.24128  7.551020E-15
2.24182  7.566260E-15
2.24235  7.554680E-15
2.24289  7.566900E-15
2.24343  7.523690E-15
2.24396  7.546410E-15
2.2445  7.572790E-15
2.24504  7.538100E-15
2.24557  7.534980E-15
2.24611  7.553370E-15
2.24665  7.524300E-15
2.24718  7.571490E-15
2.24772  7.530870E-15
2.24826  7.554770E-15
2.24879  7.579920E-15
2.24933  7.569130E-15
2.24987  7.604110E-15
2.2504  7.598420E-15
2.25094  7.560520E-15
2.25148  7.584360E-15
2.25201  7.545610E-15
2.25255  7.571660E-15
2.25309  7.545610E-15
2.25362  7.569810E-15
2.25416  7.547090E-15
2.2547  7.633070E-15
2.25523  7.593410E-15
2.25577  7.611010E-15
2.25631  7.515220E-15
2.25684  7.552370E-15
2.25738  7.524870E-15
2.25792  7.521490E-15
2.25845  7.558960E-15
2.25899  7.528740E-15
2.25953  7.540940E-15
2.26006  7.537700E-15
2.2606  7.514720E-15
2.26114  7.516470E-15
2.26167  7.533710E-15
2.26221  7.582530E-15
2.26275  7.535030E-15
2.26328  7.506380E-15
2.26382  7.527550E-15
2.26436  7.559380E-15
2.26489  7.546160E-15
2.26543  7.498170E-15
2.26597  7.501310E-15
2.2665  7.564290E-15
2.26704  7.570400E-15
2.26758  7.506770E-15
2.26811  7.483110E-15
2.26865  7.471840E-15
2.26919  7.478660E-15
2.26972  7.485420E-15
2.27026  7.413570E-15
2.2708  7.452400E-15
2.27133  7.433010E-15
2.27187  7.446460E-15
2.27241  7.443610E-15
2.27294  7.474700E-15
2.27348  7.460230E-15
2.27402  7.490630E-15
2.27455  7.482950E-15
2.27509  7.506700E-15
2.27563  7.509840E-15
2.27616  7.518460E-15
2.2767  7.531830E-15
2.27724  7.476440E-15
2.27777  7.465840E-15
2.27831  7.528330E-15
2.27885  7.431870E-15
2.27938  7.524770E-15
2.27992  7.495230E-15
2.28046  7.451950E-15
2.28099  7.493380E-15
2.28153  7.533210E-15
2.28206  7.498270E-15
2.2826  7.546720E-15
2.28314  7.461300E-15
2.28367  7.524400E-15
2.28421  7.475040E-15
2.28475  7.495910E-15
2.28528  7.497270E-15
2.28582  7.483500E-15
2.28636  7.486790E-15
2.28689  7.472060E-15
2.28743  7.402240E-15
2.28797  7.454860E-15
2.2885  7.469260E-15
2.28904  7.444860E-15
2.28958  7.477580E-15
2.29011  7.523230E-15
2.29065  7.468700E-15
2.29119  7.458700E-15
2.29172  7.486000E-15
2.29226  7.516810E-15
2.2928  7.452410E-15
2.29333  7.469160E-15
2.29387  7.497290E-15
2.29441  7.477310E-15
2.29494  7.480950E-15
2.29548  7.438330E-15
2.29602  7.482470E-15
2.29655  7.489210E-15
2.29709  7.453840E-15
2.29762  7.446350E-15
2.29816  7.410380E-15
2.2987  7.419880E-15
2.29923  7.446500E-15
2.29977  7.406950E-15
2.30031  7.336540E-15
2.30084  7.272850E-15
2.30138  7.266910E-15
2.30192  7.267800E-15
2.30245  7.177260E-15
2.30299  7.248410E-15
2.30353  7.262870E-15
2.30406  7.307310E-15
2.3046  7.295510E-15
2.30514  7.261150E-15
2.30567  7.278830E-15
2.30621  7.312760E-15
2.30674  7.318120E-15
2.30728  7.386880E-15
2.30782  7.449900E-15
2.30835  7.393600E-15
2.30889  7.399940E-15
2.30943  7.374180E-15
2.30996  7.362050E-15
2.3105  7.386620E-15
2.31104  7.377590E-15
2.31157  7.377030E-15
2.31211  7.356940E-15
2.31265  7.349330E-15
2.31318  7.367660E-15
2.31372  7.363590E-15
2.31426  7.409950E-15
2.31479  7.382320E-15
2.31533  7.344240E-15
2.31586  7.372990E-15
2.3164  7.311660E-15
2.31694  7.334050E-15
2.31747  7.331530E-15
2.31801  7.367420E-15
2.31855  7.381660E-15
2.31908  7.422550E-15
2.31962  7.343710E-15
2.32016  7.312790E-15
2.32069  7.371810E-15
2.32123  7.407720E-15
2.32177  7.354670E-15
2.3223  7.418030E-15
2.32284  7.354550E-15
2.32337  7.393610E-15
2.32391  7.402440E-15
2.32445  7.396670E-15
2.32498  7.392790E-15
2.32552  7.390330E-15
2.32606  7.431770E-15
2.32659  7.440080E-15
2.32713  7.511130E-15
2.32767  7.601770E-15
2.3282  7.848690E-15
2.32874  8.020750E-15
2.32928  8.100690E-15
2.32981  8.014690E-15
2.33035  7.820960E-15
2.33088  7.548290E-15
2.33142  7.471700E-15
2.33196  7.295420E-15
2.33249  7.257420E-15
2.33303  7.220330E-15
2.33357  7.267030E-15
2.3341  7.231940E-15
2.33464  7.300460E-15
2.33518  7.293730E-15
2.33571  7.324570E-15
2.33625  7.323800E-15
2.33679  7.268730E-15
2.33732  7.253110E-15
2.33786  7.292830E-15
2.33839  7.338710E-15
2.33893  7.287880E-15
2.33947  7.263120E-15
2.34  7.279600E-15
2.34054  7.264290E-15
2.34108  7.302520E-15
2.34161  7.329630E-15
2.34215  7.338340E-15
2.34269  7.299530E-15
2.34322  7.280920E-15
2.34376  7.299140E-15
2.34429  7.328890E-15
2.34483  7.313540E-15
2.34537  7.308180E-15
2.3459  7.302190E-15
2.34644  7.240120E-15
2.34698  7.280760E-15
2.34751  7.273470E-15
2.34805  7.291850E-15
2.34859  7.318650E-15
2.34912  7.307220E-15
2.34966  7.284680E-15
2.35019  7.276050E-15
2.35073  7.292340E-15
2.35127  7.312450E-15
2.3518  7.290740E-15
2.35234  7.246300E-15
2.35288  7.263320E-15
2.35341  7.258960E-15
2.35395  7.283110E-15
2.35449  7.268450E-15
2.35502  7.290370E-15
2.35556  7.278640E-15
2.35609  7.319160E-15
2.35663  7.333590E-15
2.35717  7.292590E-15
2.3577  7.266400E-15
2.35824  7.255370E-15
2.35878  7.322340E-15
2.35931  7.268840E-15
2.35985  7.176920E-15
2.36038  7.178980E-15
2.36092  7.126320E-15
2.36146  7.157770E-15
2.36199  7.168370E-15
2.36253  7.152870E-15
2.36307  7.184040E-15
2.3636  7.126680E-15
2.36414  7.188330E-15
2.36468  7.235190E-15
2.36521  7.162040E-15
2.36575  7.160050E-15
2.36628  7.187140E-15
2.36682  7.215830E-15
2.36736  7.211940E-15
2.36789  7.160790E-15
2.36843  7.212020E-15
2.36897  7.187760E-15
2.3695  7.101920E-15
2.37004  7.157720E-15
2.37057  7.200300E-15
2.37111  7.219330E-15
2.37165  7.225540E-15
2.37218  7.249170E-15
2.37272  7.202700E-15
2.37326  7.208210E-15
2.37379  7.253840E-15
2.37433  7.257240E-15
2.37486  7.229400E-15
2.3754  7.233810E-15
2.37594  7.280960E-15
2.37647  7.308810E-15
2.37701  7.292410E-15
2.37755  7.252350E-15
2.37808  7.298160E-15
2.37862  7.257320E-15
2.37916  7.271110E-15
2.37969  7.234010E-15
2.38023  7.254900E-15
2.38076  7.276420E-15
2.3813  7.209210E-15
2.38184  7.256130E-15
2.38237  7.238440E-15
2.38291  7.204600E-15
2.38345  7.234060E-15
2.38398  7.269630E-15
2.38452  7.252050E-15
2.38505  7.189120E-15
2.38559  7.189720E-15
2.38613  7.255530E-15
2.38666  7.298510E-15
2.3872  7.164140E-15
2.38774  7.246640E-15
2.38827  7.217330E-15
2.38881  7.211310E-15
2.38934  7.114930E-15
2.38988  7.141760E-15
2.39042  7.116490E-15
2.39095  7.117790E-15
2.39149  7.127290E-15
2.39203  7.132270E-15
2.39256  7.136200E-15
2.3931  7.144380E-15
2.39363  7.175310E-15
2.39417  7.159230E-15
2.39471  7.153950E-15
2.39524  7.155650E-15
2.39578  7.217330E-15
2.39632  7.206690E-15
2.39685  7.201870E-15
2.39739  7.181910E-15
2.39792  7.224440E-15
2.39846  7.214130E-15
2.399  7.192500E-15
2.39953  7.122960E-15
2.40007  7.224420E-15
2.40061  7.205230E-15
2.40114  7.226860E-15
2.40168  7.182870E-15
2.40221  7.174130E-15
2.40275  7.147260E-15
2.40329  7.171520E-15
2.40382  7.243150E-15
2.40436  7.259900E-15
2.4049  7.216960E-15
2.40543  7.200640E-15
2.40597  7.235580E-15
2.4065  7.232150E-15
2.40704  7.302960E-15
2.40758  7.349540E-15
2.40811  7.216170E-15
2.40865  7.271150E-15
2.40918  7.255220E-15
2.40972  7.257820E-15
2.41026  7.269600E-15
2.41079  7.244600E-15
2.41133  7.220880E-15
2.41187  7.239840E-15
2.4124  7.295540E-15
2.41294  7.391100E-15
2.41347  7.463770E-15
2.41401  7.520710E-15
2.41455  7.524670E-15
2.41508  7.520430E-15
2.41562  7.396260E-15
2.41616  7.280440E-15
2.41669  7.205800E-15
2.41723  7.132560E-15
2.41776  7.149670E-15
2.4183  7.202640E-15
2.41884  7.291920E-15
2.41937  7.319990E-15
2.41991  7.275490E-15
2.42045  7.211760E-15
2.42098  7.228260E-15
2.42152  7.187540E-15
2.42205  7.144440E-15
2.42259  7.112110E-15
2.42313  7.095590E-15
2.42366  7.137870E-15
2.4242  7.133030E-15
2.42473  7.087930E-15
2.42527  7.118680E-15
2.42581  7.162370E-15
2.42634  7.227920E-15
