0.809854  3.010400E-15
0.810056  2.939790E-15
0.810257  3.052190E-15
0.810459  3.104290E-15
0.810661  2.518290E-15
0.810863  2.800820E-15
0.811065  2.396410E-15
0.811266  2.644210E-15
0.811468  2.576490E-15
0.81167  2.837400E-15
0.811872  2.494190E-15
0.812074  2.965720E-15
0.812275  2.624450E-15
0.812477  3.202520E-15
0.812679  2.802920E-15
0.812881  2.582700E-15
0.813082  3.059440E-15
0.813284  2.967980E-15
0.813389  2.863340E-15
0.813623  2.755910E-15
0.813857  2.699120E-15
0.81409  2.383980E-15
0.814324  2.596690E-15
0.814558  2.751620E-15
0.814792  2.702800E-15
0.815026  2.817940E-15
0.81526  2.894450E-15
0.815494  2.405400E-15
0.815727  2.815390E-15
0.815961  2.766480E-15
0.816195  2.680030E-15
0.816429  2.517190E-15
0.816663  2.779580E-15
0.816896  2.712490E-15
0.81713  2.942480E-15
0.817364  2.805880E-15
0.817598  2.809150E-15
0.817831  3.046670E-15
0.818065  2.682630E-15
0.818299  2.880410E-15
0.818532  2.913850E-15
0.818766  2.615960E-15
0.819  2.673660E-15
0.819233  3.007060E-15
0.819467  2.785930E-15
0.819701  2.984820E-15
0.819934  2.750510E-15
0.820168  3.033100E-15
0.820401  2.896980E-15
0.820635  2.967900E-15
0.820869  2.975470E-15
0.821102  2.670630E-15
0.821336  2.949990E-15
0.821569  2.567660E-15
0.821803  2.740720E-15
0.822036  2.815730E-15
0.82227  2.971070E-15
0.822503  3.011480E-15
0.822737  2.841250E-15
0.82297  2.773570E-15
0.823204  2.773830E-15
0.823437  2.809330E-15
0.823671  2.882030E-15
0.823904  2.522170E-15
0.824138  2.679500E-15
0.824371  2.999990E-15
0.824605  2.709930E-15
0.824838  2.634130E-15
0.825071  2.759700E-15
0.825305  2.609900E-15
0.825538  2.535920E-15
0.825772  2.568500E-15
0.826005  2.817760E-15
0.826238  2.663130E-15
0.826472  2.867830E-15
0.826705  2.785430E-15
0.826938  2.884970E-15
0.827171  2.829970E-15
0.827405  2.815300E-15
0.827638  2.821650E-15
0.827871  2.566160E-15
0.828105  2.663550E-15
0.828338  2.641120E-15
0.828571  2.835050E-15
0.828804  2.732530E-15
0.829038  2.704360E-15
0.829271  2.514080E-15
0.829504  2.835370E-15
0.829737  2.854670E-15
0.82997  2.904080E-15
0.830204  2.887510E-15
0.830437  2.517900E-15
0.83067  2.612200E-15
0.830903  2.724990E-15
0.831136  2.974880E-15
0.831369  2.856860E-15
0.831602  2.611410E-15
0.831836  2.793570E-15
0.832069  2.703360E-15
0.832302  2.672440E-15
0.832535  2.765170E-15
0.832768  2.539330E-15
0.833001  2.565970E-15
0.833234  2.709460E-15
0.833467  2.640980E-15
0.8337  2.814500E-15
0.833933  2.814700E-15
0.834166  3.062810E-15
0.834399  3.048620E-15
0.834632  2.744110E-15
0.834865  2.558160E-15
0.835098  2.791970E-15
0.835331  2.600520E-15
0.835564  2.688730E-15
0.835797  2.705590E-15
0.83603  2.894010E-15
0.836263  2.806420E-15
0.836496  2.863330E-15
0.836729  2.923070E-15
0.836962  2.810170E-15
0.837194  2.882440E-15
0.837427  3.090960E-15
0.83766  2.704700E-15
0.837893  2.780190E-15
0.838126  2.790510E-15
0.838359  2.950350E-15
0.838592  2.835240E-15
0.838824  2.726080E-15
0.839057  2.774610E-15
0.83929  2.672920E-15
0.839523  2.842120E-15
0.839756  2.679490E-15
0.839988  2.694860E-15
0.840221  2.599490E-15
0.840454  2.759770E-15
0.840687  2.774240E-15
0.84092  2.661380E-15
0.841152  2.781760E-15
0.841385  2.855770E-15
0.841618  2.811930E-15
0.84185  2.535840E-15
0.842083  2.760130E-15
0.842316  2.886120E-15
0.842549  2.860950E-15
0.842781  2.699890E-15
0.843014  2.802770E-15
0.843247  2.839330E-15
0.843479  2.628510E-15
0.843712  2.585130E-15
0.843944  2.915640E-15
0.844177  3.003390E-15
0.84441  2.832200E-15
0.844642  2.805490E-15
0.844875  2.961190E-15
0.845107  2.692700E-15
0.84534  2.743110E-15
0.845573  2.644910E-15
0.845805  2.757970E-15
0.846038  2.552090E-15
0.84627  2.918180E-15
0.846503  2.652250E-15
0.846735  2.767260E-15
0.846968  2.786230E-15
0.8472  2.998840E-15
0.847433  2.580080E-15
0.847665  2.755840E-15
0.847898  2.917110E-15
0.84813  2.876420E-15
0.848363  2.806500E-15
0.848595  2.737630E-15
0.848828  2.654620E-15
0.84906  2.626900E-15
0.849293  2.769730E-15
0.849525  2.901710E-15
0.849758  2.927640E-15
0.84999  2.856250E-15
0.850222  2.735190E-15
0.850455  2.712510E-15
0.850687  2.981150E-15
0.85092  2.887760E-15
0.851152  3.002900E-15
0.851384  2.837820E-15
0.851617  3.047620E-15
0.851849  2.906290E-15
0.852081  2.722050E-15
0.852314  2.882450E-15
0.852546  3.035500E-15
0.852778  2.935510E-15
0.853011  3.079210E-15
0.853243  2.963540E-15
0.853475  3.124350E-15
0.853708  3.178940E-15
0.85394  3.067240E-15
0.854172  3.126910E-15
0.854404  3.162070E-15
0.854637  3.017570E-15
0.854869  3.118390E-15
0.855101  3.128000E-15
0.855333  3.093620E-15
0.855566  2.917600E-15
0.855798  3.037690E-15
0.85603  3.039090E-15
0.856262  2.946630E-15
0.856494  2.844300E-15
0.856727  2.993450E-15
0.856959  2.862100E-15
0.857191  3.056630E-15
0.857423  3.104100E-15
0.857655  2.947150E-15
0.857887  2.771870E-15
0.85812  2.918660E-15
0.858352  2.967990E-15
0.858584  3.152140E-15
0.858816  3.025160E-15
0.859048  2.995340E-15
0.85928  2.915400E-15
0.859512  3.126580E-15
0.859744  2.980670E-15
0.859976  2.841250E-15
0.860208  2.950030E-15
0.86044  3.058960E-15
0.860673  2.780970E-15
0.860905  2.915180E-15
0.861137  2.890210E-15
0.861369  2.981260E-15
0.861601  2.873360E-15
0.861833  2.881440E-15
0.862065  2.992350E-15
0.862297  2.865770E-15
0.862529  2.853860E-15
0.862761  2.862890E-15
0.862993  2.787040E-15
0.863225  2.766740E-15
0.863457  3.058630E-15
0.863689  2.900580E-15
0.863921  3.042420E-15
0.864153  2.726980E-15
0.864385  2.548200E-15
0.864616  2.710260E-15
0.864848  2.797020E-15
0.86508  2.616990E-15
0.865312  2.775330E-15
0.865544  2.597110E-15
0.865776  2.626600E-15
0.866008  2.761370E-15
0.86624  2.925220E-15
0.866472  2.604340E-15
0.866704  2.635550E-15
0.866935  2.680330E-15
0.867167  2.543710E-15
0.867399  2.758450E-15
0.867631  2.706220E-15
0.867863  2.828760E-15
0.868095  2.683880E-15
0.868326  2.835020E-15
0.868558  2.559790E-15
0.86879  2.710890E-15
0.869022  2.668200E-15
0.869254  2.860730E-15
0.869485  2.669550E-15
0.869717  2.629210E-15
0.869949  2.705670E-15
0.870181  2.663660E-15
0.870413  2.498990E-15
0.870644  2.618480E-15
0.870876  2.779580E-15
0.871108  2.592860E-15
0.87134  2.742330E-15
0.871571  2.627570E-15
0.871803  2.662710E-15
0.872035  2.765150E-15
0.872266  2.786020E-15
0.872498  2.617750E-15
0.87273  2.682570E-15
0.872962  2.720160E-15
0.873193  2.613350E-15
0.873425  2.821750E-15
0.873657  2.944240E-15
0.873888  2.498120E-15
0.87412  2.728970E-15
0.874352  2.664380E-15
0.874583  2.850170E-15
0.874815  2.741830E-15
0.875046  2.581860E-15
0.875278  2.695020E-15
0.87551  2.699290E-15
0.875741  2.990790E-15
0.875973  2.947390E-15
0.876205  2.817610E-15
0.876436  2.862450E-15
0.876668  2.813230E-15
0.876899  2.688630E-15
0.877131  2.743590E-15
0.877362  2.706570E-15
0.877594  2.648110E-15
0.877826  2.749800E-15
0.878057  2.769440E-15
0.878289  2.785670E-15
0.87852  2.655970E-15
0.878752  2.521850E-15
0.878983  2.516510E-15
0.879215  2.798890E-15
0.879446  2.695220E-15
0.879678  2.786840E-15
0.879909  2.638690E-15
0.880141  2.567240E-15
0.880372  2.544310E-15
0.880604  2.592230E-15
0.880835  2.452980E-15
0.881067  2.447390E-15
0.881298  2.521170E-15
0.88153  2.542500E-15
0.881761  2.428230E-15
0.881993  2.601400E-15
0.882224  2.379720E-15
0.882456  2.569740E-15
0.882687  2.538250E-15
0.882919  2.420620E-15
0.88315  2.579880E-15
0.883381  2.676830E-15
0.883613  2.754980E-15
0.883844  2.534360E-15
0.884076  2.468020E-15
0.884307  2.514110E-15
0.884538  2.697050E-15
0.88477  2.664780E-15
0.885001  2.578560E-15
0.885233  2.411150E-15
0.885464  2.613650E-15
0.885695  2.508660E-15
0.885927  2.616730E-15
0.886158  2.527680E-15
0.886389  2.684940E-15
0.886621  2.463880E-15
0.886852  2.653330E-15
0.887083  2.768490E-15
0.887315  2.496820E-15
0.887546  2.788880E-15
0.887777  2.661970E-15
0.888009  2.535110E-15
0.88824  2.909020E-15
0.888471  2.615720E-15
0.888703  2.510410E-15
0.888934  2.588500E-15
0.889165  2.530740E-15
0.889396  2.511070E-15
0.889628  2.518760E-15
0.889859  2.568380E-15
0.89009  2.625950E-15
0.890321  2.558510E-15
0.890553  2.575830E-15
0.890784  2.586790E-15
0.891015  2.628270E-15
0.891246  2.634180E-15
0.891478  2.559440E-15
0.891709  2.529320E-15
0.89194  2.458450E-15
0.892171  2.513560E-15
0.892403  2.501700E-15
0.892634  2.442310E-15
0.892865  2.687440E-15
0.893096  2.444200E-15
0.893327  2.492500E-15
0.893559  2.525280E-15
0.89379  2.509410E-15
0.894021  2.424510E-15
0.894252  2.442150E-15
0.894483  2.388270E-15
0.894715  2.603420E-15
0.894946  2.573410E-15
0.895177  2.555470E-15
0.895408  2.680150E-15
0.895639  2.474740E-15
0.89587  2.556600E-15
0.896101  2.247260E-15
0.896333  2.541530E-15
0.896564  2.557280E-15
0.896795  2.523440E-15
0.897026  2.576130E-15
0.897257  2.530070E-15
0.897488  2.602590E-15
0.897719  2.570150E-15
0.89795  2.511880E-15
0.898182  2.576170E-15
0.898413  2.481400E-15
0.898644  2.582940E-15
0.898875  2.485520E-15
0.899106  2.532050E-15
0.899337  2.402670E-15
0.899568  2.421160E-15
0.899799  2.657560E-15
0.90003  2.433670E-15
0.900261  2.580240E-15
0.900492  2.576860E-15
0.900723  2.622440E-15
0.900954  2.634010E-15
0.901185  2.621160E-15
0.901416  2.538500E-15
0.901648  2.498970E-15
0.901879  2.446040E-15
0.90211  2.367630E-15
0.902341  2.542650E-15
0.902572  2.305060E-15
0.902803  2.519470E-15
0.903034  2.517100E-15
0.903265  2.603940E-15
0.903496  2.757150E-15
0.903727  2.524060E-15
0.903958  2.500940E-15
0.904189  2.579450E-15
0.90442  2.510180E-15
0.904651  2.408470E-15
0.904882  2.543340E-15
0.905113  2.675150E-15
0.905344  2.463310E-15
0.905575  2.703890E-15
0.905805  2.673810E-15
0.906036  2.489130E-15
0.906267  2.512940E-15
0.906498  2.549050E-15
0.906729  2.362020E-15
0.90696  2.383080E-15
0.907191  2.416250E-15
0.907422  2.595380E-15
0.907653  2.569100E-15
0.907884  2.582040E-15
0.908115  2.558800E-15
0.908346  2.520590E-15
0.908577  2.613560E-15
0.908808  2.548380E-15
0.909039  2.409070E-15
0.90927  2.503520E-15
0.9095  2.653520E-15
0.909731  2.572180E-15
0.909962  2.396930E-15
0.910193  2.582710E-15
0.910424  2.501320E-15
0.910655  2.362010E-15
0.910886  2.599830E-15
0.911117  2.693400E-15
0.911348  2.601730E-15
0.911578  2.551940E-15
0.911809  2.452160E-15
0.91204  2.384300E-15
0.912271  2.516000E-15
0.912502  2.509010E-15
0.912733  2.393980E-15
0.912964  2.452380E-15
0.913194  2.374960E-15
0.913425  2.457980E-15
0.913656  2.584570E-15
0.913887  2.456210E-15
0.914118  2.603230E-15
0.914349  2.231950E-15
0.914579  2.546660E-15
0.91481  2.560830E-15
0.915041  2.500230E-15
0.915272  2.593630E-15
0.915503  2.572470E-15
0.915734  2.428450E-15
0.915964  2.606870E-15
0.916195  2.319940E-15
0.916426  2.488150E-15
0.916657  2.336120E-15
0.916888  2.496440E-15
0.917118  2.495820E-15
0.917349  2.446270E-15
0.91758  2.469630E-15
0.917811  2.560380E-15
0.918042  2.267710E-15
0.918272  2.528250E-15
0.918503  2.393980E-15
0.918734  2.476030E-15
0.918965  2.317330E-15
0.919195  2.580860E-15
0.919426  2.544700E-15
0.919657  2.752160E-15
0.919888  2.709310E-15
0.920118  2.755680E-15
0.920349  2.800290E-15
0.92058  2.730380E-15
0.920811  2.695730E-15
0.921041  2.918680E-15
0.921272  2.900110E-15
0.921503  3.119610E-15
0.921734  3.189470E-15
0.921964  3.484870E-15
0.922195  3.694400E-15
0.922426  3.953660E-15
0.922657  4.036540E-15
0.922887  4.074380E-15
0.923118  3.645030E-15
0.923349  3.455440E-15
0.92358  3.048850E-15
0.92381  2.807840E-15
0.924041  2.876830E-15
0.924272  2.682610E-15
0.924502  2.734640E-15
0.924733  2.632720E-15
0.924964  2.919520E-15
0.925195  2.678700E-15
0.925425  2.545750E-15
0.925656  2.724420E-15
0.925887  2.599630E-15
0.926117  2.864910E-15
0.926348  2.570420E-15
0.926579  2.640840E-15
0.926809  3.023530E-15
0.92704  2.666480E-15
0.927271  2.858840E-15
0.927501  2.635110E-15
0.927732  2.686400E-15
0.927963  2.667900E-15
0.928193  2.846070E-15
0.928424  2.859950E-15
0.928655  2.877360E-15
0.928885  3.272230E-15
0.929116  2.830420E-15
0.929347  2.746720E-15
0.929577  2.710080E-15
0.929808  2.621960E-15
0.930039  2.689870E-15
0.930269  2.881540E-15
0.9305  2.658260E-15
0.930731  2.489590E-15
0.930961  2.648440E-15
0.931192  2.831850E-15
0.931423  2.725010E-15
0.931653  2.762710E-15
0.931884  2.740940E-15
0.932115  2.544410E-15
0.932345  3.053150E-15
0.932576  2.655380E-15
0.932807  2.514830E-15
0.933037  2.885630E-15
0.933268  2.643990E-15
0.933498  2.723410E-15
0.933729  2.758960E-15
0.93396  2.726660E-15
0.93419  2.657280E-15
0.934421  2.647910E-15
0.934652  2.615900E-15
0.934882  2.691310E-15
0.935113  2.674570E-15
0.935343  2.527890E-15
0.935574  2.685880E-15
0.935805  2.732460E-15
0.936035  2.679150E-15
0.936266  2.190650E-15
0.936496  2.942560E-15
0.936727  2.520890E-15
0.936958  2.469540E-15
0.937188  2.497610E-15
0.937419  2.581360E-15
0.93765  2.473510E-15
0.93788  2.566000E-15
0.938111  2.533780E-15
0.938341  2.787010E-15
0.938572  2.497170E-15
0.938803  2.628520E-15
0.939033  2.411450E-15
0.939264  2.346560E-15
0.939494  2.722940E-15
0.939725  2.489980E-15
0.939842  2.466430E-15
0.940114  2.486030E-15
0.940385  2.481690E-15
0.940656  2.584260E-15
0.940928  2.382950E-15
0.941199  2.271870E-15
0.941471  2.138500E-15
0.941742  2.210540E-15
0.942013  2.399370E-15
0.942285  2.491210E-15
0.942556  2.336670E-15
0.942827  2.432950E-15
0.943099  2.354520E-15
0.94337  2.337330E-15
0.943641  2.452500E-15
0.943913  2.354940E-15
0.944184  2.387750E-15
0.944455  2.447270E-15
0.944727  2.515650E-15
0.944998  2.224820E-15
0.945269  2.447420E-15
0.94554  2.562710E-15
0.945812  2.436990E-15
0.946083  2.308500E-15
0.946354  2.560560E-15
0.946625  2.435530E-15
0.946897  2.499050E-15
0.947168  2.605130E-15
0.947439  2.453560E-15
0.94771  2.422510E-15
0.947981  2.327670E-15
0.948253  2.325530E-15
0.948524  2.446920E-15
0.948795  2.283110E-15
0.949066  2.370170E-15
0.949337  2.506680E-15
0.949609  2.372860E-15
0.94988  2.332440E-15
0.950151  2.548400E-15
0.950422  2.492270E-15
0.950693  2.447510E-15
0.950964  2.621090E-15
0.951236  2.457970E-15
0.951507  2.459620E-15
0.951778  2.375610E-15
0.952049  2.389770E-15
0.95232  2.379650E-15
0.952591  2.354230E-15
0.952862  2.314320E-15
0.953133  2.342590E-15
0.953404  2.407480E-15
0.953675  2.159910E-15
0.953946  2.367980E-15
0.954217  2.249380E-15
0.954489  2.393410E-15
0.95476  2.314940E-15
0.955031  2.303450E-15
0.955302  2.459230E-15
0.955573  2.443870E-15
0.955844  2.495370E-15
0.956115  2.364920E-15
0.956386  2.498030E-15
0.956657  2.395140E-15
0.956928  2.420480E-15
0.957199  2.359250E-15
0.95747  2.357190E-15
0.957741  2.381710E-15
0.958012  2.289850E-15
0.958283  2.399250E-15
0.958554  2.281650E-15
0.958825  2.331480E-15
0.959095  2.363760E-15
0.959366  2.357790E-15
0.959637  2.370640E-15
0.959908  2.346290E-15
0.960179  2.398690E-15
0.96045  2.294300E-15
0.960721  2.301040E-15
0.960992  2.438090E-15
0.961263  2.329330E-15
0.961534  2.315500E-15
0.961805  2.455990E-15
0.962075  2.379410E-15
0.962346  2.382050E-15
0.962617  2.481600E-15
0.962888  2.538040E-15
0.963159  2.393280E-15
0.96343  2.490710E-15
0.963701  2.522630E-15
0.963971  2.356040E-15
0.964242  2.402050E-15
0.964513  2.475220E-15
0.964784  2.506430E-15
0.965055  2.337140E-15
0.965326  2.451580E-15
0.965596  2.493050E-15
0.965867  2.475150E-15
0.966138  2.425820E-15
0.966409  2.474520E-15
0.966679  2.423860E-15
0.96695  2.503640E-15
0.967221  2.678970E-15
0.967492  2.766640E-15
0.967762  2.806030E-15
0.968033  3.110110E-15
0.968304  3.306780E-15
0.968575  3.969470E-15
0.968845  4.534380E-15
0.969116  5.304710E-15
0.969387  5.850840E-15
0.969658  5.986080E-15
0.969928  5.503620E-15
0.970199  4.768110E-15
0.97047  4.132820E-15
0.97074  3.399920E-15
0.971011  2.899780E-15
0.971282  2.625380E-15
0.971552  2.576050E-15
0.971823  2.571740E-15
0.972094  2.478060E-15
0.972364  2.387530E-15
0.972635  2.377360E-15
0.972906  2.340400E-15
0.973176  2.473250E-15
0.973447  2.371530E-15
0.973717  2.351630E-15
0.973988  2.371870E-15
0.974259  2.455750E-15
0.974529  2.477840E-15
0.9748  2.275460E-15
0.97507  2.425590E-15
0.975341  2.376720E-15
0.975612  2.434130E-15
0.975882  2.429270E-15
0.976153  2.323910E-15
0.976423  2.310630E-15
0.976694  2.370820E-15
0.976964  2.267630E-15
0.977235  2.311200E-15
0.977505  2.381320E-15
0.977776  2.362240E-15
0.978046  2.419970E-15
0.978317  2.295530E-15
0.978588  2.448340E-15
0.978858  2.415880E-15
0.979128  2.265910E-15
0.979399  2.425080E-15
0.97967  2.395860E-15
0.97994  2.247220E-15
0.98021  2.423250E-15
0.980481  2.451470E-15
0.980751  2.341220E-15
0.981022  2.378290E-15
0.981292  2.332890E-15
0.981563  2.386270E-15
0.981833  2.411170E-15
0.982104  2.387630E-15
0.982374  2.323870E-15
0.982644  2.250030E-15
0.982915  2.393060E-15
0.983185  2.355670E-15
0.983456  2.349050E-15
0.983726  2.338360E-15
0.983997  2.404980E-15
0.984267  2.322550E-15
0.984537  2.403580E-15
0.984808  2.315150E-15
0.985078  2.402340E-15
0.985349  2.373410E-15
0.985619  2.359780E-15
0.985889  2.358690E-15
0.98616  2.353930E-15
0.98643  2.248980E-15
0.9867  2.382580E-15
0.986971  2.298700E-15
0.987241  2.276150E-15
0.987511  2.288040E-15
0.987782  2.369080E-15
0.988052  2.332420E-15
0.988322  2.236290E-15
0.988593  2.363630E-15
0.988863  2.302840E-15
0.989133  2.387950E-15
0.989403  2.373750E-15
0.989674  2.318490E-15
0.989944  2.385750E-15
0.990214  2.264060E-15
0.990485  2.314910E-15
0.990755  2.377260E-15
0.991025  2.264050E-15
0.991295  2.268770E-15
0.991566  2.234520E-15
0.991836  2.274850E-15
0.992106  2.256070E-15
0.992376  2.307650E-15
0.992647  2.210860E-15
0.992917  2.218150E-15
0.993187  2.245570E-15
0.993457  2.287390E-15
0.993727  2.255720E-15
0.993998  2.303580E-15
0.994268  2.289520E-15
0.994538  2.325070E-15
0.994808  2.302870E-15
0.995078  2.288250E-15
0.995349  2.279390E-15
0.995619  2.228690E-15
0.995889  2.302250E-15
0.996159  2.175330E-15
0.996429  2.219930E-15
0.996699  2.302380E-15
0.99697  2.301320E-15
0.99724  2.266290E-15
0.99751  2.368740E-15
0.99778  2.356310E-15
0.99805  2.341040E-15
0.99832  2.254040E-15
0.99859  2.298840E-15
0.99886  2.287280E-15
0.99913  2.365520E-15
0.999401  2.397580E-15
0.999671  2.532340E-15
0.999941  2.357690E-15
1.00021  2.318140E-15
1.00048  2.327750E-15
1.00075  2.344450E-15
1.00102  2.365100E-15
1.00129  2.375490E-15
1.00156  2.369850E-15
1.00183  2.457720E-15
1.0021  2.467360E-15
1.00237  2.512590E-15
1.00264  2.398350E-15
1.00291  2.554050E-15
1.00318  2.493290E-15
1.00345  2.409400E-15
1.00372  2.500410E-15
1.00399  2.304870E-15
1.00426  2.399320E-15
1.00453  2.484440E-15
1.0048  2.486250E-15
1.00507  2.440420E-15
1.00534  2.446010E-15
1.00561  2.461610E-15
1.00588  2.446640E-15
1.00615  2.529400E-15
1.00642  2.547540E-15
1.00669  2.471970E-15
1.00696  2.579740E-15
1.00723  2.653110E-15
1.0075  2.636830E-15
1.00777  2.748460E-15
1.00804  2.681940E-15
1.00831  2.736210E-15
1.00858  2.609060E-15
1.00885  2.726330E-15
1.00912  2.681470E-15
1.00939  2.533770E-15
1.00966  2.687500E-15
1.00993  2.476800E-15
1.0102  2.506660E-15
1.01047  2.548730E-15
1.01074  2.589850E-15
1.01101  2.645910E-15
1.01128  2.539040E-15
1.01155  2.564060E-15
1.01182  2.545730E-15
1.01209  2.523760E-15
1.01236  2.657020E-15
1.01263  2.568050E-15
1.0129  2.614740E-15
1.01317  2.576100E-15
1.01344  2.634620E-15
1.01371  2.715700E-15
1.01398  2.652700E-15
1.01425  2.646330E-15
1.01452  2.580750E-15
1.01479  2.582460E-15
1.01506  2.552520E-15
1.01533  2.690180E-15
1.0156  2.635740E-15
1.01587  2.702300E-15
1.01614  2.607440E-15
1.01641  2.572290E-15
1.01668  2.600600E-15
1.01695  2.627490E-15
1.01722  2.646420E-15
1.01749  2.659700E-15
1.01776  2.537470E-15
1.01803  2.645560E-15
1.0183  2.560040E-15
1.01857  2.617000E-15
1.01884  2.642790E-15
1.0191  2.674040E-15
1.01937  2.626980E-15
1.01964  2.529720E-15
1.01991  2.592940E-15
1.02018  2.613880E-15
1.02045  2.616460E-15
1.02072  2.589680E-15
1.02099  2.616100E-15
1.02126  2.645650E-15
1.02153  2.682450E-15
1.0218  2.755480E-15
1.02207  2.817510E-15
1.02234  2.728540E-15
1.02261  2.655110E-15
1.02288  2.762350E-15
1.02315  2.663130E-15
1.02342  2.581570E-15
1.02369  2.543280E-15
1.02396  2.567220E-15
1.02423  2.539780E-15
1.0245  2.583740E-15
1.02477  2.619530E-15
1.02504  2.506130E-15
1.02531  2.581030E-15
1.02558  2.534850E-15
1.02585  2.569760E-15
1.02612  2.467560E-15
1.02639  2.575510E-15
1.02666  2.501220E-15
1.02693  2.633590E-15
1.0272  2.655390E-15
1.02747  2.513440E-15
1.02773  2.676990E-15
1.028  2.667460E-15
1.02827  2.596960E-15
1.02854  2.639870E-15
1.02881  2.566350E-15
1.02908  2.719510E-15
1.02935  2.735560E-15
1.02962  2.570180E-15
1.02989  2.655740E-15
1.03016  2.667510E-15
1.03043  2.678610E-15
1.0307  2.512550E-15
1.03097  2.529850E-15
1.03124  2.505290E-15
1.03151  2.511340E-15
1.03178  2.449450E-15
1.03205  2.551470E-15
1.03232  2.522470E-15
1.03259  2.443750E-15
1.03286  2.540200E-15
1.03313  2.553130E-15
1.0334  2.446530E-15
1.03367  2.369800E-15
1.03394  2.536200E-15
1.0342  2.375100E-15
1.03447  2.405120E-15
1.03474  2.470800E-15
1.03501  2.432450E-15
1.03528  2.413980E-15
1.03555  2.429360E-15
1.03582  2.502710E-15
1.03609  2.561610E-15
1.03636  2.508230E-15
1.03663  2.521350E-15
1.0369  2.476130E-15
1.03717  2.422640E-15
1.03744  2.508850E-15
1.03771  2.492650E-15
1.03798  2.492040E-15
1.03825  2.402320E-15
1.03852  2.423430E-15
1.03879  2.493280E-15
1.03906  2.441430E-15
1.03932  2.433890E-15
1.03959  2.529070E-15
1.03986  2.441170E-15
1.04013  2.437450E-15
1.0404  2.357090E-15
1.04067  2.421870E-15
1.04094  2.422710E-15
1.04121  2.462990E-15
1.04148  2.417710E-15
1.04175  2.503530E-15
1.04202  2.485200E-15
1.04229  2.469530E-15
1.04256  2.471210E-15
1.04283  2.430370E-15
1.0431  2.448650E-15
1.04337  2.446920E-15
1.04364  2.421010E-15
1.04391  2.410550E-15
1.04417  2.510370E-15
1.04444  2.379410E-15
1.04471  2.437520E-15
1.04498  2.458030E-15
1.04525  2.456740E-15
1.04552  2.522510E-15
1.04579  2.613690E-15
1.04606  2.558350E-15
1.04633  2.557600E-15
1.0466  2.544300E-15
1.04687  2.476070E-15
1.04714  2.520140E-15
1.04741  2.410320E-15
1.04768  2.438200E-15
1.04795  2.493830E-15
1.04821  2.511620E-15
1.04848  2.459650E-15
1.04875  2.529840E-15
1.04902  2.608630E-15
1.04929  2.568380E-15
1.04956  2.588310E-15
1.04983  2.641690E-15
1.0501  2.766970E-15
1.05037  2.624840E-15
1.05064  2.575780E-15
1.05091  2.603380E-15
1.05118  2.471640E-15
1.05145  2.453720E-15
1.05172  2.539800E-15
1.05199  2.453240E-15
1.05225  2.443210E-15
1.05252  2.337720E-15
1.05279  2.389000E-15
1.05306  2.386710E-15
1.05333  2.285460E-15
1.0536  2.322610E-15
1.05387  2.351880E-15
1.05414  2.322280E-15
1.05441  2.462750E-15
1.05468  2.296330E-15
1.05495  2.290540E-15
1.05522  2.388450E-15
1.05549  2.374270E-15
1.05575  2.455460E-15
1.05602  2.373750E-15
1.05629  2.443550E-15
1.05656  2.436470E-15
1.05683  2.505140E-15
1.0571  2.505060E-15
1.05737  2.410230E-15
1.05764  2.490220E-15
1.05791  2.575360E-15
1.05818  2.420540E-15
1.05845  2.492750E-15
1.05872  2.477690E-15
1.05899  2.505070E-15
1.05925  2.358900E-15
1.05952  2.428160E-15
1.05979  2.391010E-15
1.06006  2.347100E-15
1.06033  2.393110E-15
1.0606  2.411550E-15
1.06087  2.349510E-15
1.06114  2.330660E-15
1.06141  2.445160E-15
1.06168  2.416540E-15
1.06195  2.487140E-15
1.06222  2.372850E-15
1.06248  2.431900E-15
1.06275  2.297260E-15
1.06302  2.265720E-15
1.06329  2.244890E-15
1.06356  2.416550E-15
1.06383  2.342290E-15
1.0641  2.343030E-15
1.06437  2.392890E-15
1.06464  2.401360E-15
1.06491  2.474390E-15
1.06518  2.339580E-15
1.06545  2.453640E-15
1.06571  2.257680E-15
1.06598  2.475730E-15
1.06625  2.388190E-15
1.06652  2.358610E-15
1.06679  2.198710E-15
1.06706  2.314770E-15
1.06733  2.370830E-15
1.0676  2.187470E-15
1.06787  2.313470E-15
1.06814  2.392030E-15
1.06841  2.303250E-15
1.06867  2.320160E-15
1.06894  2.365520E-15
1.06921  2.317690E-15
1.06948  2.341360E-15
1.06975  2.359290E-15
1.07002  2.364170E-15
1.07029  2.298150E-15
1.07056  2.356300E-15
1.07083  2.268770E-15
1.0711  2.359920E-15
1.07137  2.349720E-15
1.07163  2.304040E-15
1.0719  2.370760E-15
1.07217  2.358820E-15
1.07244  2.354280E-15
1.07271  2.257080E-15
1.07298  2.379090E-15
1.07325  2.404150E-15
1.07352  2.336030E-15
1.07379  2.452860E-15
1.07406  2.295920E-15
1.07433  2.429960E-15
1.07459  2.349010E-15
1.07486  2.405020E-15
1.07513  2.315230E-15
1.0754  2.268200E-15
1.07567  2.346540E-15
1.07594  2.341170E-15
1.07621  2.337130E-15
1.07648  2.336810E-15
1.07675  2.365980E-15
1.07702  2.355340E-15
1.07728  2.346950E-15
1.07755  2.318400E-15
1.07782  2.408620E-15
1.07809  2.352440E-15
1.07836  2.363690E-15
1.07863  2.359780E-15
1.0789  2.369250E-15
1.07917  2.462390E-15
1.07944  2.530820E-15
1.07971  2.515170E-15
1.07997  2.477080E-15
1.08024  2.529870E-15
1.08051  2.505200E-15
1.08078  2.639270E-15
1.08105  2.677120E-15
1.08132  2.537830E-15
1.08159  2.540870E-15
1.08186  2.684100E-15
1.08213  2.664050E-15
1.0824  2.650240E-15
1.08266  2.749250E-15
1.08293  2.734530E-15
1.0832  2.529150E-15
1.08347  2.589520E-15
1.08374  2.695030E-15
1.08401  2.743100E-15
1.08428  2.653670E-15
1.08455  2.735510E-15
1.08482  2.787400E-15
1.08508  2.656470E-15
1.08535  2.796900E-15
1.08562  2.790960E-15
1.08589  2.898510E-15
1.08616  2.768810E-15
1.08643  2.713120E-15
1.0867  2.785760E-15
1.08697  2.929620E-15
1.08724  2.778180E-15
1.08751  2.861750E-15
1.08777  2.759870E-15
1.08804  2.778680E-15
1.08831  2.805530E-15
1.08858  2.943110E-15
1.08885  2.879810E-15
1.08912  2.928570E-15
1.08939  2.952520E-15
1.08966  2.974650E-15
1.08993  2.992800E-15
1.09019  3.020720E-15
1.09046  3.123330E-15
1.09073  2.986940E-15
1.091  3.086810E-15
1.09127  3.050130E-15
1.09154  3.260910E-15
1.09181  3.285860E-15
1.09208  3.166730E-15
1.09235  3.173710E-15
1.09261  3.251090E-15
1.09288  3.102640E-15
1.09315  3.419280E-15
1.09342  3.539560E-15
1.09369  3.198820E-15
1.09396  3.441190E-15
1.09423  3.317510E-15
1.0945  3.261270E-15
1.09477  3.430270E-15
1.09503  3.311520E-15
1.0953  3.320680E-15
1.09557  3.437950E-15
1.09584  3.407230E-15
1.09611  3.485780E-15
1.09638  3.457780E-15
1.09665  3.412300E-15
1.09692  3.509520E-15
1.09719  3.372380E-15
1.09745  3.436910E-15
1.09772  3.459430E-15
1.09799  3.627260E-15
1.09826  3.670200E-15
1.09853  3.735610E-15
1.0988  3.967710E-15
1.09907  4.085050E-15
1.09934  4.284210E-15
1.0996  4.514880E-15
1.09987  4.722270E-15
1.10014  5.186300E-15
1.10041  5.713620E-15
1.10068  6.136570E-15
1.10095  6.813800E-15
1.10122  7.671800E-15
1.10149  8.171830E-15
1.10176  8.469610E-15
1.10202  8.322800E-15
1.10229  7.622910E-15
1.10256  6.690030E-15
1.10283  5.726730E-15
1.1031  5.037670E-15
1.10337  4.458470E-15
1.10364  4.061050E-15
1.10391  3.916540E-15
1.10417  3.818550E-15
1.10444  3.754700E-15
1.10471  3.710010E-15
1.10498  3.666560E-15
1.10525  3.722440E-15
1.10552  3.526710E-15
1.10579  3.530070E-15
1.10606  3.381680E-15
1.10632  3.434810E-15
1.10659  3.362380E-15
1.10686  3.437480E-15
1.10713  3.296870E-15
1.1074  3.406040E-15
1.10767  3.251140E-15
1.10794  3.235560E-15
1.10821  3.108870E-15
1.10848  3.131410E-15
1.10874  3.102010E-15
1.10901  3.098440E-15
1.10928  3.166930E-15
1.10955  3.078250E-15
1.10982  3.120990E-15
1.11009  3.049610E-15
1.11036  2.996480E-15
1.11063  3.174530E-15
1.11089  2.981310E-15
1.11116  3.087950E-15
1.11143  3.046420E-15
1.1117  3.017780E-15
1.11197  3.255670E-15
1.11224  3.174900E-15
1.11251  3.193760E-15
1.11278  3.063570E-15
1.11304  3.183360E-15
1.11331  3.074720E-15
1.11358  2.893780E-15
1.11385  2.889060E-15
1.11412  2.968720E-15
1.11439  2.898730E-15
1.11466  2.934450E-15
1.11493  2.928660E-15
1.11519  2.844340E-15
1.11546  2.863690E-15
1.11573  2.886240E-15
1.116  2.782130E-15
1.11627  2.670860E-15
1.11654  2.568030E-15
1.11681  2.858670E-15
1.11708  2.759990E-15
1.11734  2.828260E-15
1.11761  2.907560E-15
1.11788  2.747520E-15
1.11815  2.810920E-15
1.11842  2.672420E-15
1.11869  2.806020E-15
1.11896  2.591000E-15
1.11923  2.846120E-15
1.11949  2.621050E-15
1.11976  2.772590E-15
1.12003  2.813740E-15
1.1203  2.782200E-15
1.12057  2.556520E-15
1.12084  2.756860E-15
1.12111  2.782220E-15
1.12137  2.727430E-15
1.12164  2.665980E-15
1.12191  2.440930E-15
1.12218  2.469740E-15
1.12245  2.734800E-15
1.12272  2.395890E-15
1.12299  2.393180E-15
1.12326  2.644800E-15
1.12352  2.534500E-15
1.12379  2.640020E-15
1.12406  2.384260E-15
1.12433  2.566700E-15
1.1246  2.525310E-15
1.12487  2.654390E-15
1.12514  2.558950E-15
1.12541  2.458140E-15
1.12567  2.520960E-15
1.12594  2.532520E-15
1.12621  2.383390E-15
1.12648  2.535210E-15
1.12675  2.478410E-15
1.12702  2.538050E-15
1.12729  2.184720E-15
1.12756  2.328650E-15
1.12782  2.409750E-15
1.12809  2.487600E-15
1.12836  2.538470E-15
1.12855  2.563770E-15
1.12888  2.480330E-15
1.1292  2.483020E-15
1.12953  2.597110E-15
1.12985  2.492180E-15
1.13018  2.463720E-15
1.1305  2.513430E-15
1.13083  2.473260E-15
1.13115  2.527960E-15
1.13148  2.476550E-15
1.1318  2.480560E-15
1.13213  2.489500E-15
1.13246  2.450720E-15
1.13278  2.494380E-15
1.13311  2.449610E-15
1.13343  2.383120E-15
1.13376  2.435270E-15
1.13408  2.424040E-15
1.13441  2.478140E-15
1.13473  2.426400E-15
1.13506  2.468740E-15
1.13538  2.526060E-15
1.13571  2.516970E-15
1.13603  2.451180E-15
1.13636  2.454590E-15
1.13668  2.496830E-15
1.13701  2.430400E-15
1.13733  2.418340E-15
1.13766  2.438550E-15
1.13798  2.363400E-15
1.13831  2.502660E-15
1.13863  2.427980E-15
1.13896  2.446990E-15
1.13928  2.458590E-15
1.13961  2.452960E-15
1.13993  2.396450E-15
1.14026  2.427700E-15
1.14058  2.467810E-15
1.14091  2.456150E-15
1.14123  2.429550E-15
1.14156  2.451920E-15
1.14188  2.453230E-15
1.14221  2.417420E-15
1.14253  2.442510E-15
1.14286  2.334010E-15
1.14318  2.313220E-15
1.14351  2.332820E-15
1.14383  2.356960E-15
1.14416  2.252800E-15
1.14448  2.363820E-15
1.14481  2.319240E-15
1.14513  2.272320E-15
1.14546  2.329830E-15
1.14578  2.282350E-15
1.14611  2.310760E-15
1.14643  2.317940E-15
1.14676  2.345870E-15
1.14708  2.423410E-15
1.14741  2.329660E-15
1.14773  2.344450E-15
1.14806  2.383590E-15
1.14838  2.400370E-15
1.14871  2.374690E-15
1.14903  2.339460E-15
1.14936  2.349700E-15
1.14968  2.351070E-15
1.15001  2.402790E-15
1.15033  2.397310E-15
1.15066  2.426780E-15
1.15098  2.362260E-15
1.15131  2.376500E-15
1.15163  2.348020E-15
1.15196  2.391400E-15
1.15228  2.391240E-15
1.15261  2.374580E-15
1.15293  2.358100E-15
1.15326  2.309350E-15
1.15358  2.332870E-15
1.15391  2.346230E-15
1.15423  2.244060E-15
1.15455  2.367550E-15
1.15488  2.286440E-15
1.1552  2.378540E-15
1.15553  2.271950E-15
1.15585  2.341480E-15
1.15618  2.293280E-15
1.1565  2.342570E-15
1.15683  2.280230E-15
1.15715  2.258380E-15
1.15748  2.189970E-15
1.1578  2.265550E-15
1.15813  2.273520E-15
1.15845  2.254150E-15
1.15878  2.247990E-15
1.1591  2.264770E-15
1.15942  2.242930E-15
1.15975  2.319740E-15
1.16007  2.303190E-15
1.1604  2.220280E-15
1.16072  2.259560E-15
1.16105  2.276960E-15
1.16137  2.177940E-15
1.1617  2.309200E-15
1.16202  2.284330E-15
1.16235  2.338710E-15
1.16267  2.267520E-15
1.163  2.263050E-15
1.16332  2.220960E-15
1.16364  2.334400E-15
1.16397  2.312340E-15
1.16429  2.277820E-15
1.16462  2.292520E-15
1.16494  2.274100E-15
1.16527  2.327210E-15
1.16559  2.307440E-15
1.16592  2.317060E-15
1.16624  2.383590E-15
1.16656  2.316410E-15
1.16689  2.306500E-15
1.16721  2.246420E-15
1.16754  2.325510E-15
1.16786  2.244340E-15
1.16819  2.274910E-15
1.16851  2.293360E-15
1.16884  2.289790E-15
1.16916  2.265350E-15
1.16949  2.319790E-15
1.16981  2.294780E-15
1.17013  2.264880E-15
1.17046  2.273600E-15
1.17078  2.267250E-15
1.17111  2.202620E-15
1.17143  2.302400E-15
1.17176  2.253730E-15
1.17208  2.264100E-15
1.1724  2.286770E-15
1.17273  2.261720E-15
1.17305  2.230460E-15
1.17338  2.260550E-15
1.1737  2.274140E-15
1.17403  2.323760E-15
1.17435  2.303660E-15
1.17467  2.326030E-15
1.175  2.253080E-15
1.17532  2.298970E-15
1.17565  2.239860E-15
1.17597  2.269950E-15
1.1763  2.270940E-15
1.17662  2.280030E-15
1.17694  2.255820E-15
1.17727  2.268410E-15
1.17759  2.323040E-15
1.17792  2.315130E-15
1.17824  2.246800E-15
1.17857  2.236090E-15
1.17889  2.271280E-15
1.17921  2.285030E-15
1.17954  2.282250E-15
1.17986  2.225710E-15
1.18019  2.273650E-15
1.18051  2.281460E-15
1.18084  2.294860E-15
1.18116  2.230080E-15
1.18148  2.242830E-15
1.18181  2.320540E-15
1.18213  2.305030E-15
1.18246  2.294030E-15
1.18278  2.309480E-15
1.1831  2.308360E-15
1.18343  2.238880E-15
1.18375  2.222110E-15
1.18408  2.285790E-15
1.1844  2.250020E-15
1.18473  2.307230E-15
1.18505  2.294700E-15
1.18537  2.293570E-15
1.1857  2.306350E-15
1.18602  2.308010E-15
1.18635  2.301360E-15
1.18667  2.240800E-15
1.18699  2.316260E-15
1.18732  2.321350E-15
1.18764  2.287950E-15
1.18797  2.264390E-15
1.18829  2.266480E-15
1.18861  2.321310E-15
1.18894  2.205000E-15
1.18926  2.318290E-15
1.18959  2.308900E-15
1.18991  2.330230E-15
1.19023  2.275360E-15
1.19056  2.293270E-15
1.19088  2.266890E-15
1.19121  2.287040E-15
1.19153  2.282320E-15
1.19185  2.227810E-15
1.19218  2.317490E-15
1.1925  2.261830E-15
1.19283  2.281620E-15
1.19315  2.267380E-15
1.19347  2.277340E-15
1.1938  2.292380E-15
1.19412  2.216370E-15
1.19445  2.297540E-15
1.19477  2.272390E-15
1.19509  2.299900E-15
1.19542  2.323110E-15
1.19574  2.261550E-15
1.19607  2.319130E-15
1.19639  2.272140E-15
1.19671  2.211310E-15
1.19704  2.297630E-15
1.19736  2.245380E-15
1.19769  2.237920E-15
1.19801  2.240300E-15
1.19833  2.295890E-15
1.19866  2.206110E-15
1.19898  2.243520E-15
1.1993  2.263190E-15
1.19963  2.225980E-15
1.19995  2.244800E-15
1.20028  2.234560E-15
1.2006  2.243540E-15
1.20092  2.264600E-15
1.20125  2.280240E-15
1.20157  2.238910E-15
1.20189  2.239750E-15
1.20222  2.269380E-15
1.20254  2.254710E-15
1.20287  2.180260E-15
1.20319  2.222070E-15
1.20351  2.190040E-15
1.20384  2.217030E-15
1.20416  2.247300E-15
1.20449  2.227660E-15
1.20481  2.240350E-15
1.20513  2.261160E-15
1.20546  2.241180E-15
1.20578  2.296300E-15
1.2061  2.281810E-15
1.20643  2.266660E-15
1.20675  2.242040E-15
1.20707  2.296840E-15
1.2074  2.308710E-15
1.20772  2.362560E-15
1.20805  2.342510E-15
1.20837  2.338290E-15
1.20869  2.378100E-15
1.20902  2.328260E-15
1.20934  2.323270E-15
1.20966  2.282270E-15
1.20999  2.317740E-15
1.21031  2.299340E-15
1.21064  2.288420E-15
1.21096  2.247100E-15
1.21128  2.322690E-15
1.21161  2.230370E-15
1.21193  2.278580E-15
1.21225  2.257740E-15
1.21258  2.308270E-15
1.2129  2.229270E-15
1.21322  2.240630E-15
1.21355  2.257320E-15
1.21387  2.242420E-15
1.21419  2.310920E-15
1.21452  2.308560E-15
1.21484  2.232380E-15
1.21517  2.279200E-15
1.21549  2.314430E-15
1.21581  2.292410E-15
1.21614  2.215970E-15
1.21646  2.219760E-15
1.21678  2.267310E-15
1.21711  2.278400E-15
1.21743  2.234430E-15
1.21775  2.193230E-15
1.21808  2.199430E-15
1.2184  2.190620E-15
1.21872  2.255260E-15
1.21905  2.258800E-15
1.21937  2.197880E-15
1.21969  2.264200E-15
1.22002  2.241410E-15
1.22034  2.240830E-15
1.22067  2.242620E-15
1.22099  2.218850E-15
1.22131  2.214900E-15
1.22164  2.281220E-15
1.22196  2.239830E-15
1.22228  2.248880E-15
1.22261  2.227100E-15
1.22293  2.256150E-15
1.22325  2.209530E-15
1.22358  2.271830E-15
1.2239  2.273900E-15
1.22422  2.227120E-15
1.22455  2.234070E-15
1.22487  2.250080E-15
1.22519  2.238830E-15
1.22552  2.228210E-15
1.22584  2.256510E-15
1.22616  2.247710E-15
1.22649  2.275900E-15
1.22681  2.310990E-15
1.22713  2.279150E-15
1.22746  2.279820E-15
1.22778  2.268210E-15
1.2281  2.280230E-15
1.22843  2.225560E-15
1.22875  2.244800E-15
1.22907  2.191880E-15
1.2294  2.295920E-15
1.22972  2.243010E-15
1.23004  2.250240E-15
1.23037  2.247540E-15
1.23069  2.238290E-15
1.23101  2.244670E-15
1.23134  2.243400E-15
1.23166  2.242600E-15
1.23198  2.262390E-15
1.23231  2.235620E-15
1.23263  2.236830E-15
1.23295  2.246440E-15
1.23328  2.281740E-15
1.2336  2.238740E-15
1.23392  2.262170E-15
1.23425  2.213160E-15
1.23457  2.249330E-15
1.23489  2.254900E-15
1.23522  2.331460E-15
1.23554  2.222720E-15
1.23586  2.241130E-15
1.23619  2.232860E-15
1.23651  2.304890E-15
1.23683  2.277280E-15
1.23716  2.303840E-15
1.23748  2.301220E-15
1.2378  2.274240E-15
1.23813  2.289430E-15
1.23845  2.315320E-15
1.23877  2.274970E-15
1.23909  2.282430E-15
1.23942  2.266540E-15
1.23974  2.271840E-15
1.24006  2.252240E-15
1.24039  2.244930E-15
1.24071  2.254270E-15
1.24103  2.250490E-15
1.24136  2.282570E-15
1.24168  2.245960E-15
1.242  2.239330E-15
1.24233  2.293770E-15
1.24265  2.233990E-15
1.24297  2.242130E-15
1.2433  2.268300E-15
1.24362  2.251570E-15
1.24394  2.256080E-15
1.24427  2.309410E-15
1.24459  2.271960E-15
1.24491  2.256000E-15
1.24523  2.236610E-15
1.24556  2.266750E-15
1.24588  2.299430E-15
1.2462  2.251350E-15
1.24653  2.298340E-15
1.24685  2.289760E-15
1.24717  2.274150E-15
1.2475  2.242640E-15
1.24782  2.259260E-15
1.24814  2.243850E-15
1.24847  2.231160E-15
1.24879  2.283150E-15
1.24911  2.311490E-15
1.24943  2.253550E-15
1.24976  2.292480E-15
1.25008  2.277690E-15
1.2504  2.273050E-15
1.25073  2.247780E-15
1.25105  2.258110E-15
1.25137  2.267430E-15
1.2517  2.291380E-15
1.25202  2.344220E-15
1.25234  2.261750E-15
1.25266  2.293830E-15
1.25299  2.280130E-15
1.25331  2.263600E-15
1.25363  2.251830E-15
1.25396  2.259510E-15
1.25428  2.268990E-15
1.2546  2.257500E-15
1.25493  2.236360E-15
1.25525  2.280230E-15
1.25557  2.222160E-15
1.25589  2.235270E-15
1.25622  2.269910E-15
1.25654  2.215000E-15
1.25686  2.252010E-15
1.25719  2.238270E-15
1.25751  2.275160E-15
1.25783  2.244300E-15
1.25815  2.245760E-15
1.25848  2.195370E-15
1.2588  2.256150E-15
1.25912  2.287560E-15
1.25945  2.290250E-15
1.25977  2.313090E-15
1.26009  2.268280E-15
1.26041  2.267320E-15
1.26074  2.242510E-15
1.26106  2.251070E-15
1.26138  2.265670E-15
1.26171  2.194230E-15
1.26203  2.275700E-15
1.26235  2.233210E-15
1.26268  2.250080E-15
1.263  2.288720E-15
1.26332  2.301210E-15
1.26364  2.285060E-15
1.26397  2.268610E-15
1.26429  2.218370E-15
1.26461  2.256170E-15
1.26494  2.270890E-15
1.26526  2.197380E-15
1.26558  2.174840E-15
1.2659  2.238680E-15
1.26623  2.165400E-15
1.26655  2.271480E-15
1.26687  2.304950E-15
1.26719  2.202580E-15
1.26752  2.266060E-15
1.26784  2.298240E-15
1.26816  2.218130E-15
1.26849  2.221120E-15
1.26881  2.266550E-15
1.26913  2.223690E-15
1.26945  2.260760E-15
1.26978  2.256180E-15
1.2701  2.320460E-15
1.27042  2.259130E-15
1.27075  2.369550E-15
1.27107  2.284190E-15
1.27139  2.277720E-15
1.27171  2.328780E-15
1.27204  2.364210E-15
1.27236  2.320950E-15
1.27268  2.427310E-15
1.273  2.367030E-15
1.27333  2.431440E-15
1.27365  2.374430E-15
1.27397  2.368250E-15
1.2743  2.343760E-15
1.27462  2.363350E-15
1.27494  2.296750E-15
1.27526  2.278720E-15
1.27559  2.268850E-15
1.27591  2.265350E-15
1.27623  2.308780E-15
1.27655  2.345260E-15
1.27688  2.321420E-15
1.2772  2.374350E-15
1.27752  2.540970E-15
1.27785  2.601790E-15
1.27817  2.595310E-15
1.27849  2.610520E-15
1.27881  2.617300E-15
1.27914  2.482630E-15
1.27946  2.423040E-15
1.27978  2.390780E-15
1.2801  2.438730E-15
1.28043  2.325850E-15
1.28075  2.334400E-15
1.28107  2.374470E-15
1.28139  2.420880E-15
1.28172  2.388010E-15
1.28204  2.379200E-15
1.28236  2.449010E-15
1.28268  2.402140E-15
1.28301  2.409800E-15
1.28333  2.422360E-15
1.28365  2.472320E-15
1.28398  2.502420E-15
1.2843  2.452550E-15
1.28462  2.445410E-15
1.28494  2.481120E-15
1.28527  2.445010E-15
1.28559  2.520680E-15
1.28591  2.518070E-15
1.28623  2.529740E-15
1.28656  2.487150E-15
1.28688  2.471930E-15
1.2872  2.504450E-15
1.28752  2.536860E-15
1.28785  2.537180E-15
1.28817  2.563690E-15
1.28849  2.542100E-15
1.28881  2.561290E-15
1.28914  2.528790E-15
1.28946  2.567810E-15
1.28978  2.599100E-15
1.2901  2.576150E-15
1.29043  2.567480E-15
1.29075  2.565590E-15
1.29107  2.626860E-15
1.29139  2.669470E-15
1.29172  2.606110E-15
1.29204  2.619270E-15
1.29236  2.670900E-15
1.29268  2.663840E-15
1.29301  2.665640E-15
1.29333  2.708700E-15
1.29365  2.718300E-15
1.29397  2.715290E-15
1.2943  2.725350E-15
1.29462  2.710370E-15
1.29494  2.775650E-15
1.29526  2.697310E-15
1.29559  2.709050E-15
1.29591  2.743260E-15
1.29623  2.758930E-15
1.29655  2.742040E-15
1.29688  2.706060E-15
1.2972  2.762080E-15
1.29752  2.717620E-15
1.29784  2.753110E-15
1.29817  2.685000E-15
1.29849  2.710580E-15
1.29881  2.709000E-15
1.29913  2.693040E-15
1.29946  2.720730E-15
1.29978  2.714080E-15
1.3001  2.817220E-15
1.30042  2.746920E-15
1.30075  2.747680E-15
1.30107  2.774350E-15
1.30139  2.770450E-15
1.30171  2.754080E-15
1.30204  2.680450E-15
1.30236  2.752240E-15
1.30268  2.790190E-15
1.303  2.928090E-15
1.30333  2.998340E-15
1.30365  3.073560E-15
1.30397  3.137760E-15
1.30429  3.126780E-15
1.30462  3.015770E-15
1.30494  3.023560E-15
1.30526  2.788670E-15
1.30558  2.749460E-15
1.3059  2.679970E-15
1.30623  2.665530E-15
1.30655  2.683850E-15
1.30687  2.695370E-15
1.30719  2.622110E-15
1.30752  2.648660E-15
1.30784  2.571100E-15
1.30816  2.655010E-15
1.30848  2.611940E-15
1.30881  2.713530E-15
1.30913  2.669490E-15
1.30945  2.647250E-15
1.30977  2.639520E-15
1.3101  2.623200E-15
1.31042  2.530090E-15
1.31074  2.606320E-15
1.31106  2.538050E-15
1.31139  2.492070E-15
1.31171  2.472300E-15
1.31203  2.504280E-15
1.31235  2.468310E-15
1.31267  2.393000E-15
1.313  2.420710E-15
1.31332  2.401030E-15
1.31364  2.419720E-15
1.31396  2.481750E-15
1.31429  2.406100E-15
1.31461  2.428290E-15
1.31493  2.419340E-15
1.31525  2.457430E-15
1.31558  2.447040E-15
1.3159  2.444060E-15
1.31622  2.391890E-15
1.31654  2.455630E-15
1.31686  2.469160E-15
1.31719  2.436550E-15
1.31751  2.389840E-15
1.31783  2.438080E-15
1.31815  2.404560E-15
1.31848  2.412970E-15
1.3188  2.394090E-15
1.31912  2.442460E-15
1.31944  2.436800E-15
1.31977  2.361440E-15
1.32009  2.368740E-15
1.32041  2.387340E-15
1.32073  2.347800E-15
1.32105  2.382710E-15
1.32138  2.361150E-15
1.3217  2.372320E-15
1.32202  2.345690E-15
1.32234  2.374140E-15
1.32267  2.354990E-15
1.32299  2.290150E-15
1.32331  2.334780E-15
1.32363  2.351910E-15
1.32395  2.306890E-15
1.32428  2.357430E-15
1.3246  2.378530E-15
1.32492  2.333230E-15
1.32524  2.344140E-15
1.32557  2.312130E-15
1.32589  2.300430E-15
1.32621  2.299420E-15
1.32653  2.370690E-15
1.32685  2.345270E-15
1.32718  2.345790E-15
1.3275  2.354410E-15
1.32782  2.310470E-15
1.32814  2.320250E-15
1.32847  2.339050E-15
1.32879  2.299640E-15
1.32911  2.358560E-15
1.32943  2.382640E-15
1.32975  2.300840E-15
1.33008  2.325540E-15
1.3304  2.347970E-15
1.33072  2.328750E-15
1.33104  2.308430E-15
1.33137  2.305770E-15
1.33169  2.267890E-15
1.33201  2.259990E-15
1.33233  2.230160E-15
1.33265  2.236050E-15
1.33298  2.226540E-15
1.3333  2.216830E-15
1.33362  2.247350E-15
1.33394  2.272970E-15
1.33426  2.252130E-15
1.33459  2.217050E-15
1.33491  2.169680E-15
1.33523  2.166640E-15
1.33555  2.213370E-15
1.33588  2.161540E-15
1.3362  2.192060E-15
1.33652  2.168100E-15
1.33684  2.238200E-15
1.33716  2.193780E-15
1.33749  2.176550E-15
1.33781  2.209010E-15
1.33813  2.214930E-15
1.33845  2.167590E-15
1.33878  2.207810E-15
1.3391  2.270220E-15
1.33942  2.220440E-15
1.33974  2.231090E-15
1.34006  2.251100E-15
1.34039  2.212390E-15
1.34071  2.201740E-15
1.34103  2.176330E-15
1.34135  2.187350E-15
1.34167  2.191720E-15
1.342  2.189210E-15
1.34232  2.259520E-15
1.34264  2.203810E-15
1.34296  2.180500E-15
1.34328  2.171680E-15
1.34361  2.251920E-15
1.34393  2.251500E-15
1.34425  2.193680E-15
1.34457  2.196300E-15
1.3449  2.139510E-15
1.34522  2.158100E-15
1.34554  2.175190E-15
1.34586  2.213190E-15
1.34618  2.108730E-15
1.34651  2.215930E-15
1.34683  2.129270E-15
1.34715  2.119330E-15
1.34747  2.110190E-15
1.34779  2.159610E-15
1.34812  2.121300E-15
1.34844  2.161780E-15
1.34876  2.120040E-15
1.34908  2.131500E-15
1.3494  2.176760E-15
1.34973  2.215000E-15
1.35005  2.110520E-15
1.35037  2.153190E-15
1.35069  2.201550E-15
1.4118  2.174840E-15
1.4122  2.124890E-15
1.41261  2.141920E-15
1.41302  2.272680E-15
1.41342  2.176860E-15
1.41383  2.167440E-15
1.41424  2.159260E-15
1.41464  2.158980E-15
1.41505  2.182780E-15
1.41546  2.109280E-15
1.41586  2.112110E-15
1.41627  2.132970E-15
1.41668  2.123710E-15
1.41708  2.128400E-15
1.41749  2.160460E-15
1.41789  2.165930E-15
1.4183  2.128650E-15
1.41871  2.111570E-15
1.41911  2.191110E-15
1.41952  2.123250E-15
1.41993  2.060530E-15
1.42033  2.148810E-15
1.42074  2.134840E-15
1.42115  2.115790E-15
1.42155  2.147550E-15
1.42196  2.116930E-15
1.42236  2.152870E-15
1.42277  2.119930E-15
1.42318  2.109000E-15
1.42358  2.136190E-15
1.42399  2.104590E-15
1.4244  2.091730E-15
1.4248  2.158890E-15
1.42521  2.123420E-15
1.42561  2.129920E-15
1.42602  2.171720E-15
1.42643  2.201700E-15
1.42683  2.191990E-15
1.42724  2.211610E-15
1.42765  2.119160E-15
1.42805  2.123500E-15
1.42846  2.147780E-15
1.42886  2.134580E-15
1.42927  2.161610E-15
1.42968  2.130410E-15
1.43008  2.162270E-15
1.43049  2.116890E-15
1.43089  2.136200E-15
1.4313  2.130390E-15
1.43171  2.114460E-15
1.43211  2.113140E-15
1.43252  2.092510E-15
1.43293  2.145280E-15
1.43333  2.155130E-15
1.43374  2.092590E-15
1.43414  2.113930E-15
1.43455  2.076650E-15
1.43496  2.128380E-15
1.43536  2.129460E-15
1.43577  2.117410E-15
1.43617  2.142350E-15
1.43658  2.096710E-15
1.43699  2.107960E-15
1.43739  2.121380E-15
1.4378  2.135730E-15
1.4382  2.085230E-15
1.43861  2.102320E-15
1.43901  2.116700E-15
1.43942  2.083170E-15
1.43983  2.161120E-15
1.44023  2.132600E-15
1.44064  2.124490E-15
1.44104  2.172430E-15
1.44145  2.168450E-15
1.44186  2.119490E-15
1.44226  2.163510E-15
1.44267  2.132500E-15
1.44307  2.088810E-15
1.44348  2.103950E-15
1.44388  2.118970E-15
1.44429  2.127560E-15
1.4447  2.140280E-15
1.4451  2.112670E-15
1.44551  2.095530E-15
1.44591  2.121900E-15
1.44632  2.104840E-15
1.44672  2.089300E-15
1.44713  2.114000E-15
1.44754  2.103390E-15
1.44794  2.117730E-15
1.44835  2.042860E-15
1.44875  2.071990E-15
1.44916  2.121300E-15
1.44956  2.122440E-15
1.44997  2.131950E-15
1.45038  2.130120E-15
1.45078  2.138070E-15
1.45119  2.112460E-15
1.45159  2.046660E-15
1.452  2.141820E-15
1.4524  2.194940E-15
1.45281  2.204370E-15
1.45321  2.205830E-15
1.45362  2.208810E-15
1.45403  2.250470E-15
1.45443  2.253750E-15
1.45484  2.264810E-15
1.45524  2.193550E-15
1.45565  2.195410E-15
1.45605  2.152550E-15
1.45646  2.121980E-15
1.45686  2.148790E-15
1.45727  2.150540E-15
1.45768  2.124620E-15
1.45808  2.108470E-15
1.45849  2.132270E-15
1.45889  2.111240E-15
1.4593  2.085790E-15
1.4597  2.104720E-15
1.46011  2.042210E-15
1.46051  2.094290E-15
1.46092  2.105250E-15
1.46132  2.125350E-15
1.46173  2.094940E-15
1.46213  2.127870E-15
1.46254  2.094420E-15
1.46295  2.140000E-15
1.46335  2.140480E-15
1.46376  2.098610E-15
1.46416  2.110480E-15
1.46457  2.091320E-15
1.46497  2.102300E-15
1.46538  2.071160E-15
1.46578  2.092630E-15
1.46619  2.144340E-15
1.46659  2.144270E-15
1.467  2.116200E-15
1.4674  2.110640E-15
1.46781  2.123020E-15
1.46821  2.142510E-15
1.46862  2.119740E-15
1.46902  2.133590E-15
1.46943  2.110070E-15
1.46983  2.072340E-15
1.47024  2.098550E-15
1.47065  2.057320E-15
1.47105  2.038950E-15
1.47146  2.073070E-15
1.47186  2.132030E-15
1.47227  2.142550E-15
1.47267  2.142930E-15
1.47308  2.159840E-15
1.47348  2.140290E-15
1.47389  2.137760E-15
1.47429  2.156930E-15
1.4747  2.167990E-15
1.4751  2.172750E-15
1.47551  2.133180E-15
1.47591  2.119600E-15
1.47632  2.088260E-15
1.47672  2.119160E-15
1.47713  2.097810E-15
1.47753  2.121840E-15
1.47794  2.148780E-15
1.47834  2.086350E-15
1.47875  2.120150E-15
1.47915  2.138340E-15
1.47956  2.092490E-15
1.47996  2.126500E-15
1.48037  2.106290E-15
1.48077  2.091800E-15
1.48118  2.135620E-15
1.48158  2.098160E-15
1.48199  2.087840E-15
1.48239  2.076180E-15
1.4828  2.146990E-15
1.4832  2.117730E-15
1.48361  2.146650E-15
1.48401  2.103620E-15
1.48442  2.088680E-15
1.48482  2.097550E-15
1.48523  2.105720E-15
1.48563  2.087570E-15
1.48604  2.098470E-15
1.48644  2.101220E-15
1.48684  2.057420E-15
1.48725  2.091620E-15
1.48765  2.072170E-15
1.48806  2.093900E-15
1.48846  2.094240E-15
1.48887  2.101790E-15
1.48927  2.066450E-15
1.48968  2.084630E-15
1.49008  2.063820E-15
1.49049  2.096530E-15
1.49089  2.090160E-15
1.4913  2.088330E-15
1.4917  2.083170E-15
1.49211  2.112480E-15
1.49251  2.095730E-15
1.49292  2.135770E-15
1.49332  2.078670E-15
1.49373  2.122400E-15
1.49413  2.081350E-15
1.49453  2.093920E-15
1.49494  2.108860E-15
1.49534  2.096820E-15
1.49575  2.093230E-15
1.49615  2.102340E-15
1.49656  2.111270E-15
1.49696  2.136120E-15
1.49737  2.101410E-15
1.49777  2.089700E-15
1.49818  2.115970E-15
1.49858  2.125650E-15
1.49899  2.120780E-15
1.49939  2.131700E-15
1.49979  2.093360E-15
1.5002  2.094960E-15
1.5006  2.101410E-15
1.50101  2.109620E-15
1.50141  2.102120E-15
1.50182  2.127590E-15
1.50222  2.122110E-15
1.50263  2.099640E-15
1.50303  2.124690E-15
1.50344  2.115860E-15
1.50384  2.092020E-15
1.50424  2.109830E-15
1.50465  2.069980E-15
1.50505  2.156330E-15
1.50546  2.125520E-15
1.50586  2.079380E-15
1.50627  2.090010E-15
1.50667  2.070620E-15
1.50708  2.084990E-15
1.50748  2.106170E-15
1.50788  2.092090E-15
1.50829  2.120970E-15
1.50869  2.137180E-15
1.5091  2.082090E-15
1.5095  2.122070E-15
1.50991  2.118720E-15
1.51031  2.103740E-15
1.51072  2.126200E-15
1.51112  2.132700E-15
1.51152  2.136560E-15
1.51193  2.127720E-15
1.51233  2.089170E-15
1.51274  2.079460E-15
1.51314  2.099820E-15
1.51355  2.055690E-15
1.51395  2.061430E-15
1.51435  2.070270E-15
1.51476  2.097770E-15
1.51516  2.057100E-15
1.51557  2.122470E-15
1.51597  2.095530E-15
1.51638  2.110260E-15
1.51678  2.096030E-15
1.51718  2.133710E-15
1.51759  2.106830E-15
1.51799  2.130670E-15
1.5184  2.135870E-15
1.5188  2.124120E-15
1.5192  2.140270E-15
1.51961  2.138600E-15
1.52001  2.151380E-15
1.52042  2.132430E-15
1.52082  2.112750E-15
1.52123  2.146300E-15
1.52163  2.133860E-15
1.52203  2.129320E-15
1.52244  2.144540E-15
1.52284  2.132550E-15
1.52325  2.122540E-15
1.52365  2.135130E-15
1.52405  2.105930E-15
1.52446  2.090140E-15
1.52486  2.137980E-15
1.52527  2.106950E-15
1.52567  2.147790E-15
1.52608  2.152960E-15
1.52648  2.153880E-15
1.52688  2.107760E-15
1.52729  2.085260E-15
1.52769  2.090020E-15
1.5281  2.034880E-15
1.5285  2.019130E-15
1.5289  2.065450E-15
1.52931  2.016720E-15
1.52971  1.977100E-15
1.53012  2.017950E-15
1.53052  2.038850E-15
1.53092  2.029340E-15
1.53133  2.030530E-15
1.53173  2.040790E-15
1.53214  2.084800E-15
1.53254  2.043140E-15
1.53294  2.035980E-15
1.53335  2.027980E-15
1.53375  2.063620E-15
1.53416  2.043690E-15
1.53456  2.077630E-15
1.53496  2.095300E-15
1.53537  2.080840E-15
1.53577  2.078220E-15
1.53617  2.070240E-15
1.53658  2.091690E-15
1.53698  2.066500E-15
1.53739  2.081410E-15
1.53779  2.051600E-15
1.53819  2.061470E-15
1.5386  2.109810E-15
1.539  2.059790E-15
1.53941  2.071100E-15
1.53981  2.081870E-15
1.54021  2.045590E-15
1.54062  2.099950E-15
1.54102  2.078110E-15
1.54143  2.099050E-15
1.54183  2.060140E-15
1.54223  2.099530E-15
1.54264  2.052830E-15
1.54304  2.083140E-15
1.54344  2.059670E-15
1.54385  2.094150E-15
1.54425  2.103750E-15
1.54466  2.088950E-15
1.54506  2.091100E-15
1.54546  2.059420E-15
1.54587  2.069230E-15
1.54627  2.062900E-15
1.54667  2.061760E-15
1.54708  2.067010E-15
1.54748  2.058870E-15
1.54789  2.086110E-15
1.54829  2.089960E-15
1.54869  2.110780E-15
1.5491  2.066660E-15
1.5495  2.055490E-15
1.5499  2.079990E-15
1.55031  2.082820E-15
1.55071  2.072230E-15
1.55111  2.096070E-15
1.55152  2.078290E-15
1.55192  2.096780E-15
1.55233  2.092250E-15
1.55273  2.083140E-15
1.55313  2.060760E-15
1.55354  2.107250E-15
1.55394  2.076780E-15
1.55434  2.112580E-15
1.55475  2.036950E-15
1.55515  2.056180E-15
1.55555  2.076510E-15
1.55596  2.065610E-15
1.55636  2.044220E-15
1.55677  2.073580E-15
1.55717  2.109790E-15
1.55757  2.096190E-15
1.55798  2.111620E-15
1.55838  2.142050E-15
1.55878  2.118440E-15
1.55919  2.152600E-15
1.55959  2.154410E-15
1.55999  2.166960E-15
1.5604  2.111770E-15
1.5608  2.137890E-15
1.5612  2.149290E-15
1.56161  2.144010E-15
1.56201  2.113250E-15
1.56242  2.124000E-15
1.56282  2.112640E-15
1.56322  2.113720E-15
1.56363  2.095200E-15
1.56403  2.094380E-15
1.56443  2.088920E-15
1.56484  2.098120E-15
1.56524  2.078620E-15
1.56564  2.064900E-15
1.56605  2.131890E-15
1.56645  2.129920E-15
1.56685  2.113200E-15
1.56726  2.101770E-15
1.56766  2.134440E-15
1.56806  2.098360E-15
1.56847  2.155870E-15
1.56887  2.117870E-15
1.56927  2.119290E-15
1.56968  2.124400E-15
1.57008  2.147830E-15
1.57048  2.146040E-15
1.57089  2.159980E-15
1.57129  2.190870E-15
1.57169  2.203810E-15
1.5721  2.193130E-15
1.5725  2.191100E-15
1.5729  2.164520E-15
1.57331  2.134900E-15
1.57371  2.186060E-15
1.57411  2.169970E-15
1.57452  2.172640E-15
1.57492  2.168030E-15
1.57532  2.185510E-15
1.57573  2.169530E-15
1.57613  2.157620E-15
1.57653  2.147630E-15
1.57694  2.161140E-15
1.57734  2.168210E-15
1.57774  2.128300E-15
1.57815  2.146280E-15
1.57855  2.121410E-15
1.57895  2.140070E-15
1.57936  2.162340E-15
1.57976  2.153290E-15
1.58016  2.151670E-15
1.58057  2.126630E-15
1.58097  2.117920E-15
1.58137  2.158680E-15
1.58178  2.105830E-15
1.58218  2.115920E-15
1.58258  2.159680E-15
1.58299  2.112370E-15
1.58339  2.092540E-15
1.58379  2.096570E-15
1.5842  2.128300E-15
1.5846  2.102450E-15
1.585  2.135030E-15
1.58541  2.093850E-15
1.58581  2.105510E-15
1.58621  2.106370E-15
1.58661  2.108530E-15
1.58702  2.103420E-15
1.58742  2.097310E-15
1.58782  2.132940E-15
1.58823  2.106020E-15
1.58863  2.114070E-15
1.58903  2.143700E-15
1.58944  2.143950E-15
1.58984  2.172990E-15
1.59024  2.165660E-15
1.59065  2.174650E-15
1.59105  2.139260E-15
1.59145  2.159470E-15
1.59186  2.135700E-15
1.59226  2.130340E-15
1.59266  2.139740E-15
1.59307  2.134720E-15
1.59347  2.113850E-15
1.59387  2.125240E-15
1.59427  2.119480E-15
1.59468  2.144110E-15
1.59508  2.121380E-15
1.59548  2.103780E-15
1.59589  2.098860E-15
1.59629  2.102140E-15
1.59669  2.115050E-15
1.5971  2.121980E-15
1.5975  2.104370E-15
1.5979  2.136030E-15
1.5983  2.116190E-15
1.59871  2.143800E-15
1.59911  2.124520E-15
1.59951  2.151320E-15
1.59992  2.111870E-15
1.60032  2.111940E-15
1.60072  2.111500E-15
1.60113  2.142480E-15
1.60153  2.120030E-15
1.60193  2.114680E-15
1.60233  2.079790E-15
1.60274  2.095350E-15
1.60314  2.045540E-15
1.60354  2.114350E-15
1.60395  2.059690E-15
1.60435  2.061020E-15
1.60475  2.019650E-15
1.60516  2.052930E-15
1.60556  2.018770E-15
1.60596  2.068000E-15
1.60636  2.089320E-15
1.60677  2.090130E-15
1.60717  2.103140E-15
1.60757  2.117970E-15
1.60798  2.088950E-15
1.60838  2.122470E-15
1.60878  2.068640E-15
1.60918  2.128930E-15
1.60959  2.099330E-15
1.60999  2.079690E-15
1.61039  2.079480E-15
1.6108  2.113190E-15
1.6112  2.129250E-15
1.6116  2.109390E-15
1.61201  2.159230E-15
1.61241  2.066290E-15
1.61281  2.114660E-15
1.61321  2.092500E-15
1.61362  2.145690E-15
1.61402  2.152540E-15
1.61442  2.148980E-15
1.61483  2.145130E-15
1.61523  2.133640E-15
1.61563  2.086150E-15
1.61603  2.082390E-15
1.61644  2.066090E-15
1.61684  2.068340E-15
1.61724  2.086820E-15
1.61765  2.061230E-15
1.61805  2.062750E-15
1.61845  2.084030E-15
1.61885  2.060990E-15
1.61926  2.074080E-15
1.61966  2.077850E-15
1.62006  2.057710E-15
1.62046  2.097310E-15
1.62087  2.117610E-15
1.62127  2.126420E-15
1.62167  2.114630E-15
1.62208  2.120440E-15
1.62248  2.124950E-15
1.62288  2.075900E-15
1.62328  2.051810E-15
1.62369  2.077410E-15
1.62409  2.048300E-15
1.62449  2.090580E-15
1.6249  2.127950E-15
1.6253  2.048960E-15
1.6257  2.064380E-15
1.6261  2.076230E-15
1.62651  2.070560E-15
1.62691  2.088030E-15
1.62731  2.066390E-15
1.62771  2.095250E-15
1.62812  2.064020E-15
1.62852  2.082350E-15
1.62892  2.077280E-15
1.62933  2.060120E-15
1.62973  2.080900E-15
1.63013  2.076820E-15
1.63053  2.041470E-15
1.63094  2.090260E-15
1.63134  2.075460E-15
1.63174  2.048210E-15
1.63214  2.073890E-15
1.63255  2.096690E-15
1.63295  2.070460E-15
1.63335  2.078510E-15
1.63375  2.095810E-15
1.63416  2.084580E-15
1.63456  2.113790E-15
1.63496  2.077950E-15
1.63537  2.097870E-15
1.63577  2.098140E-15
1.63617  2.156970E-15
1.63657  2.088520E-15
1.63698  2.140120E-15
1.63738  2.122620E-15
1.63778  2.151450E-15
1.63818  2.134490E-15
1.63859  2.079150E-15
1.63899  2.146440E-15
1.63939  2.111180E-15
1.63979  2.108080E-15
1.6402  2.084440E-15
1.6406  2.091060E-15
1.641  2.084990E-15
1.64141  2.115800E-15
1.64181  2.094490E-15
1.64221  2.106200E-15
1.64261  2.124470E-15
1.64302  2.112930E-15
1.64342  2.088760E-15
1.64382  2.156290E-15
1.64422  2.121310E-15
1.64463  2.112610E-15
1.64503  2.099890E-15
1.64543  2.130200E-15
1.64583  2.104690E-15
1.64624  2.090080E-15
1.64664  2.071120E-15
1.64704  2.020890E-15
1.64744  2.001590E-15
1.64785  2.009730E-15
1.64825  2.008940E-15
1.64865  1.993970E-15
1.64905  2.023800E-15
1.64946  2.012890E-15
1.64986  1.996050E-15
1.65026  2.069750E-15
1.65066  2.069970E-15
1.65107  2.034750E-15
1.65147  2.039990E-15
1.65187  2.071060E-15
1.65227  2.036430E-15
1.65268  2.056790E-15
1.65308  2.061040E-15
1.65348  2.061330E-15
1.65388  2.059850E-15
1.65429  2.042180E-15
1.65469  2.078100E-15
1.65509  2.087370E-15
1.65549  2.101560E-15
1.6559  2.104280E-15
1.6563  2.099010E-15
1.6567  2.138660E-15
1.6571  2.113600E-15
1.65751  2.092070E-15
1.65791  2.073740E-15
1.65831  2.109400E-15
1.65871  2.119440E-15
1.65912  2.096430E-15
1.65952  2.098030E-15
1.65992  2.098400E-15
1.66032  2.067420E-15
1.66073  2.100980E-15
1.66113  2.077050E-15
1.66153  2.117280E-15
1.66193  2.105730E-15
1.66234  2.091670E-15
1.66274  2.077340E-15
1.66314  2.095040E-15
1.66354  2.077550E-15
1.66395  2.082270E-15
1.66435  2.061970E-15
1.66475  2.084390E-15
1.66515  2.073340E-15
1.66556  2.081910E-15
1.66596  2.067380E-15
1.66636  2.041260E-15
1.66676  2.064450E-15
1.66717  2.043920E-15
1.66757  2.049930E-15
1.66797  2.071300E-15
1.66837  2.039260E-15
1.66878  2.003230E-15
1.66918  2.102940E-15
1.66958  2.049460E-15
1.66998  1.995780E-15
1.67039  2.063050E-15
1.67079  2.125510E-15
1.67119  2.157620E-15
1.67159  2.209150E-15
1.67199  2.214440E-15
1.6724  2.180990E-15
1.6728  2.195060E-15
1.6732  2.163240E-15
1.6736  2.130860E-15
1.67401  2.088060E-15
1.67441  2.075890E-15
1.67481  2.070770E-15
1.67521  2.069330E-15
1.67562  2.037170E-15
1.67602  2.084300E-15
1.67642  2.084560E-15
1.67682  2.113530E-15
1.67723  2.111140E-15
1.67763  2.076120E-15
1.67803  2.082060E-15
1.67843  2.102740E-15
1.67884  2.121770E-15
1.67924  2.082840E-15
1.67964  2.088990E-15
1.68004  2.101120E-15
1.68044  2.053850E-15
1.68085  2.084900E-15
1.68125  2.093380E-15
1.68165  2.048760E-15
1.68205  2.071320E-15
1.68246  2.049730E-15
1.68286  2.093640E-15
1.68326  2.055030E-15
1.68366  2.034000E-15
1.68407  2.068100E-15
1.68447  2.081740E-15
1.68487  2.109050E-15
1.68527  2.090980E-15
1.68568  2.107480E-15
1.68608  2.107960E-15
1.68648  2.098620E-15
1.68688  2.125500E-15
1.68728  2.108090E-15
1.68769  2.091030E-15
1.68809  2.087960E-15
1.68849  2.098420E-15
1.68889  2.077830E-15
1.6893  2.080800E-15
1.6897  2.043790E-15
1.6901  2.070530E-15
1.6905  2.035940E-15
1.69091  2.075080E-15
1.69131  2.066760E-15
1.69171  2.025790E-15
1.69211  2.063470E-15
1.69251  2.074170E-15
1.69292  2.029680E-15
1.69332  2.025220E-15
1.69372  2.047350E-15
1.69412  2.080020E-15
1.69453  2.065830E-15
1.69493  2.039710E-15
1.69533  2.028960E-15
1.69573  2.009970E-15
1.69614  2.009990E-15
1.69654  2.080690E-15
1.69694  2.042740E-15
1.69734  2.042670E-15
1.69774  2.037890E-15
1.69815  2.043470E-15
1.69855  2.023160E-15
1.69895  2.053560E-15
1.69935  2.062160E-15
1.69976  2.042870E-15
1.70016  2.107530E-15
1.70056  2.038220E-15
1.70096  2.079230E-15
1.70137  2.072390E-15
1.70177  2.024550E-15
1.70217  2.063760E-15
1.70257  2.035930E-15
1.70297  2.033290E-15
1.70338  2.073930E-15
1.70378  2.020550E-15
1.70418  2.042870E-15
1.70458  2.049440E-15
1.70499  2.060500E-15
1.70539  2.042050E-15
1.70579  2.037530E-15
1.70619  2.080920E-15
1.70659  2.098690E-15
1.707  2.093900E-15
1.7074  2.101260E-15
1.7078  2.050130E-15
1.7082  2.073520E-15
1.70861  2.058260E-15
1.70901  2.079460E-15
1.70941  2.077510E-15
1.70981  2.091050E-15
1.71021  2.056340E-15
1.71062  2.071070E-15
1.71102  2.028050E-15
1.71142  2.036020E-15
1.71182  2.025320E-15
1.71223  1.985290E-15
1.71263  2.012950E-15
1.71303  2.019470E-15
1.71343  2.040300E-15
1.71384  2.022620E-15
1.71424  2.066430E-15
1.71464  2.039560E-15
1.71504  2.072280E-15
1.71544  2.029600E-15
1.71585  2.048570E-15
1.71625  2.035590E-15
1.71665  1.995460E-15
1.71705  2.032450E-15
1.71746  1.993980E-15
1.71786  2.011120E-15
1.71826  2.029840E-15
1.71866  2.012070E-15
1.71906  2.040500E-15
1.71947  2.016680E-15
1.71987  2.010190E-15
1.72027  2.031580E-15
1.72067  2.018090E-15
1.72108  2.002930E-15
1.72148  1.998990E-15
1.72188  2.057310E-15
1.72228  2.049130E-15
1.72268  2.065870E-15
1.72309  2.006940E-15
1.72349  2.046570E-15
1.72389  1.977910E-15
1.72429  2.000870E-15
1.7247  1.989610E-15
1.7251  2.032910E-15
1.7255  2.055840E-15
1.7259  2.073610E-15
1.7263  1.999430E-15
1.72671  2.065830E-15
1.72711  2.030930E-15
1.72751  2.028990E-15
1.72791  2.054160E-15
1.72832  2.025020E-15
1.72872  2.041270E-15
1.72912  2.078660E-15
1.72952  2.074730E-15
1.72992  2.073190E-15
1.73033  2.046540E-15
1.73073  2.024430E-15
1.73113  2.086790E-15
1.73153  2.050260E-15
1.73194  2.038870E-15
1.73234  2.057610E-15
1.73274  2.045550E-15
1.73314  2.059390E-15
1.73354  2.097670E-15
1.73395  2.021410E-15
1.73435  2.038160E-15
1.73475  2.063940E-15
1.73515  2.026380E-15
1.73556  2.023620E-15
1.73596  1.984130E-15
1.73636  2.010320E-15
1.73676  2.024420E-15
1.73716  2.013820E-15
1.73757  2.047190E-15
1.73797  1.978280E-15
1.73837  2.066340E-15
1.73877  2.020690E-15
1.73917  2.034690E-15
1.73958  2.024260E-15
1.73998  2.026930E-15
1.74038  2.031200E-15
1.74078  2.085920E-15
1.74119  2.041860E-15
1.74159  2.040680E-15
1.74199  2.044600E-15
1.74239  2.065200E-15
1.74279  2.070760E-15
1.7432  2.006770E-15
1.7436  2.050520E-15
1.744  2.034750E-15
1.7444  2.002230E-15
1.74481  1.981580E-15
1.74521  2.049590E-15
1.74561  2.031790E-15
1.74601  2.049890E-15
1.74641  2.064960E-15
1.74682  2.049550E-15
1.74722  2.051750E-15
1.74762  2.035170E-15
1.74802  1.992800E-15
1.74843  2.006680E-15
1.74883  1.996690E-15
1.74923  1.977360E-15
1.74963  1.978200E-15
1.75003  2.004660E-15
1.75044  2.039110E-15
1.75084  2.008040E-15
1.75124  1.999890E-15
1.75164  2.012980E-15
1.75205  1.990590E-15
1.75245  2.017210E-15
1.75285  2.018040E-15
1.75325  1.986340E-15
1.75365  1.983940E-15
1.75406  2.036780E-15
1.75446  2.018640E-15
1.75486  2.013990E-15
1.75526  1.988600E-15
1.75567  1.975770E-15
1.75607  1.956520E-15
1.75647  1.975790E-15
1.75687  2.002110E-15
1.75727  1.991980E-15
1.75768  1.983310E-15
1.75808  2.020630E-15
1.75848  1.973830E-15
1.75888  1.961720E-15
1.75929  1.954770E-15
1.75969  1.982340E-15
1.76009  1.934350E-15
1.76049  1.966580E-15
1.76089  1.935290E-15
1.7613  1.947970E-15
1.7617  1.894490E-15
1.7621  1.918450E-15
1.7625  1.983450E-15
1.76291  1.966640E-15
1.76331  1.919070E-15
1.76371  1.909880E-15
1.76411  1.926230E-15
1.76451  1.875680E-15
1.76492  1.873070E-15
1.76532  1.970280E-15
1.76572  1.918580E-15
1.76612  1.961190E-15
1.76653  1.935620E-15
1.76693  1.980780E-15
1.76733  1.973040E-15
1.76773  1.995620E-15
1.76814  1.994480E-15
1.76854  1.951010E-15
1.76894  1.986620E-15
1.76934  1.991680E-15
1.76974  2.008070E-15
1.77015  2.028340E-15
1.77055  1.985760E-15
1.77095  1.977110E-15
1.77135  2.000260E-15
1.77176  1.983590E-15
1.77216  1.946980E-15
1.77256  1.969640E-15
1.77296  1.939990E-15
1.77336  1.979090E-15
1.77377  1.976960E-15
1.77417  1.977950E-15
1.77457  1.984510E-15
1.77497  1.988900E-15
1.77538  1.990950E-15
1.77578  1.993330E-15
1.77618  1.988270E-15
1.77658  1.991800E-15
1.77698  2.003610E-15
1.77739  1.986970E-15
1.77779  1.954880E-15
1.77819  2.013640E-15
1.77859  1.963770E-15
1.779  1.980150E-15
1.7794  1.997620E-15
1.7798  1.962020E-15
1.7802  1.999960E-15
1.78061  1.965850E-15
1.78101  1.947770E-15
1.78141  1.953750E-15
1.78181  1.955490E-15
1.78221  1.927390E-15
1.78262  1.929120E-15
1.78302  1.942970E-15
1.78342  1.932250E-15
1.78382  1.939280E-15
1.78423  1.978340E-15
1.78463  1.847580E-15
1.78503  1.887090E-15
1.78543  1.898440E-15
1.78584  1.857870E-15
1.78624  1.896250E-15
1.78664  1.863300E-15
1.78704  1.901570E-15
1.78744  1.877340E-15
1.78785  1.876060E-15
1.78825  1.873190E-15
1.78865  1.940000E-15
1.78905  1.851600E-15
1.78946  1.892190E-15
1.78986  1.908880E-15
1.79026  1.931570E-15
1.79066  1.856340E-15
1.79106  1.896450E-15
1.79147  1.889710E-15
1.79187  1.852620E-15
1.79227  1.830080E-15
1.79267  1.896070E-15
1.79308  1.922860E-15
1.79348  1.848260E-15
1.79388  1.879590E-15
1.79428  1.873060E-15
1.79469  1.905670E-15
1.79509  1.900520E-15
1.79549  1.853960E-15
1.79589  1.866560E-15
1.7963  1.858490E-15
1.7967  1.902260E-15
1.7971  1.891730E-15
1.7975  1.900130E-15
1.7979  1.930460E-15
1.79831  1.912330E-15
1.79871  2.002460E-15
1.79911  1.929020E-15
1.79951  1.969400E-15
1.79992  1.932510E-15
1.80032  1.920260E-15
1.80072  1.870350E-15
1.80112  1.854280E-15
1.80153  1.952460E-15
1.80193  1.872450E-15
1.80233  1.867120E-15
1.80273  1.894410E-15
1.80314  1.853280E-15
1.80354  1.899840E-15
1.80394  1.872220E-15
1.80434  1.848450E-15
1.80474  1.882860E-15
1.80515  1.853420E-15
1.80555  1.832880E-15
1.80595  1.780720E-15
1.80635  1.861350E-15
1.80676  1.861310E-15
1.80716  1.866670E-15
1.80756  1.870070E-15
1.80796  1.860550E-15
1.80837  1.911590E-15
1.80877  1.815510E-15
1.80917  1.835910E-15
1.80957  1.937100E-15
1.80998  1.895970E-15
1.81038  1.882400E-15
1.81078  1.847380E-15
1.81118  1.877730E-15
1.81159  1.917790E-15
1.81199  1.875450E-15
1.81239  1.946080E-15
1.81279  1.766770E-15
1.8132  1.853460E-15
1.8136  1.954870E-15
1.814  1.926490E-15
1.8144  1.809250E-15
1.81481  1.890440E-15
1.81521  1.890680E-15
1.81561  1.977540E-15
1.81601  1.956620E-15
1.81642  1.858420E-15
1.81682  1.882480E-15
1.81722  1.920470E-15
1.81762  1.955200E-15
1.81802  1.873630E-15
1.81843  1.924940E-15
1.81883  1.875370E-15
1.81923  1.876450E-15
1.88294  2.073920E-15
1.88348  2.116080E-15
1.88402  2.135620E-15
1.88456  2.081040E-15
1.8851  2.103920E-15
1.88564  2.103620E-15
1.88618  2.129530E-15
1.88672  2.150990E-15
1.88726  2.096010E-15
1.8878  2.136400E-15
1.88834  2.152920E-15
1.88888  2.212080E-15
1.88942  2.252630E-15
1.88996  2.252990E-15
1.8905  2.224290E-15
1.89104  2.245120E-15
1.89158  2.313160E-15
1.89211  2.269000E-15
1.89265  2.275210E-15
1.89319  2.354490E-15
1.89373  2.320990E-15
1.89427  2.286400E-15
1.89481  2.288970E-15
1.89535  2.332460E-15
1.89589  2.374190E-15
1.89643  2.368260E-15
1.89697  2.426200E-15
1.89751  2.448820E-15
1.89805  2.421630E-15
1.89859  2.476770E-15
1.89913  2.477470E-15
1.89967  2.496880E-15
1.90021  2.391720E-15
1.90075  2.173030E-15
1.90129  2.239730E-15
1.90182  2.384870E-15
1.90236  2.406680E-15
1.9029  2.372750E-15
1.90344  2.342770E-15
1.90398  2.456150E-15
1.90452  2.488800E-15
1.90506  2.534590E-15
1.9056  2.515940E-15
1.90614  2.801010E-15
1.90668  2.796900E-15
1.90722  2.951960E-15
1.90776  3.088880E-15
1.9083  3.119760E-15
1.90884  2.960440E-15
1.90938  2.799210E-15
1.90991  2.660580E-15
1.91045  2.478570E-15
1.91099  2.397660E-15
1.91153  2.377920E-15
1.91207  2.349790E-15
1.91261  2.331220E-15
1.91315  2.354050E-15
1.91369  2.310050E-15
1.91423  2.215170E-15
1.91477  2.173810E-15
1.91531  2.243860E-15
1.91585  2.312550E-15
1.91639  2.217920E-15
1.91692  2.152820E-15
1.91746  2.089000E-15
1.918  2.090690E-15
1.91854  2.145300E-15
1.91908  2.225220E-15
1.91962  2.231470E-15
1.92016  2.239340E-15
1.9207  2.056950E-15
1.92124  1.954820E-15
1.92178  1.940060E-15
1.92232  1.982540E-15
1.92286  2.031470E-15
1.92339  2.087450E-15
1.92393  2.087450E-15
1.92447  2.005100E-15
1.92501  2.019900E-15
1.92555  1.977180E-15
1.92609  1.982550E-15
1.92663  2.041470E-15
1.92717  2.001960E-15
1.92771  1.992230E-15
1.92825  1.998980E-15
1.92879  1.913410E-15
1.92932  1.952880E-15
1.92986  1.989790E-15
1.9304  1.961170E-15
1.93094  1.971850E-15
1.93148  1.963780E-15
1.93202  1.938000E-15
1.93256  1.917340E-15
1.9331  1.945680E-15
1.93364  1.949540E-15
1.93418  1.932240E-15
1.93471  1.896820E-15
1.93525  1.918850E-15
1.93579  1.934600E-15
1.93633  1.931550E-15
1.93687  1.925870E-15
1.93741  1.912740E-15
1.93795  1.933390E-15
1.93849  1.947500E-15
1.93903  1.940870E-15
1.93957  1.899310E-15
1.9401  1.913000E-15
1.94064  1.924480E-15
1.94118  1.891000E-15
1.94172  1.880780E-15
1.94226  1.898750E-15
1.9428  1.885070E-15
1.94334  1.873610E-15
1.94388  1.898700E-15
1.94442  1.864810E-15
1.94495  1.910610E-15
1.94549  1.908050E-15
1.94603  1.931630E-15
1.94657  1.942580E-15
1.94711  1.969080E-15
1.94765  1.953760E-15
1.94819  1.946520E-15
1.94873  1.935380E-15
1.94926  1.933050E-15
1.9498  1.920150E-15
1.95034  1.938800E-15
1.95088  1.906010E-15
1.95142  1.936120E-15
1.95196  1.929630E-15
1.9525  1.958050E-15
1.95304  1.940160E-15
1.95358  1.963250E-15
1.95411  1.942350E-15
1.95465  1.919650E-15
1.95519  1.926900E-15
1.95573  1.898020E-15
1.95627  1.881010E-15
1.95681  1.899620E-15
1.95735  1.898860E-15
1.95789  1.878230E-15
1.95842  1.879070E-15
1.95896  1.864220E-15
1.9595  1.852080E-15
1.96004  1.855900E-15
1.96058  1.842530E-15
1.96112  1.841150E-15
1.96166  1.838960E-15
1.96219  1.872580E-15
1.96273  1.847500E-15
1.96327  1.854300E-15
1.96381  1.826400E-15
1.96435  1.801510E-15
1.96489  1.811380E-15
1.96543  1.842010E-15
1.96597  1.803150E-15
1.9665  1.821390E-15
1.96704  1.819830E-15
1.96758  1.830690E-15
1.96812  1.823900E-15
1.96866  1.834890E-15
1.9692  1.819550E-15
1.96974  1.838450E-15
1.97027  1.817230E-15
1.97081  1.855420E-15
1.97135  1.844800E-15
1.97189  1.840230E-15
1.97243  1.812860E-15
1.97297  1.837900E-15
1.97351  1.805530E-15
1.97404  1.806080E-15
1.97458  1.788740E-15
1.97512  1.804240E-15
1.97566  1.808880E-15
1.9762  1.795830E-15
1.97674  1.796760E-15
1.97728  1.837520E-15
1.97781  1.819520E-15
1.97835  1.821720E-15
1.97889  1.821690E-15
1.97943  1.829450E-15
1.97997  1.805130E-15
1.98051  1.791960E-15
1.98104  1.793170E-15
1.98158  1.768850E-15
1.98212  1.783540E-15
1.98266  1.806640E-15
1.9832  1.802690E-15
1.98374  1.807560E-15
1.98428  1.804020E-15
1.98481  1.795650E-15
1.98535  1.787530E-15
1.98589  1.807360E-15
1.98643  1.821320E-15
1.98697  1.817210E-15
1.98751  1.806800E-15
1.98804  1.818200E-15
1.98858  1.807220E-15
1.98912  1.837750E-15
1.98966  1.844490E-15
1.9902  1.866950E-15
1.99074  1.884030E-15
1.99127  1.896720E-15
1.99181  1.905340E-15
1.99235  1.897500E-15
1.99289  1.902310E-15
1.99343  1.912090E-15
1.99397  1.931980E-15
1.9945  1.945920E-15
1.99504  2.000400E-15
1.99558  2.011310E-15
1.99612  2.019250E-15
1.99666  2.057240E-15
1.9972  2.039920E-15
1.99773  2.015080E-15
1.99827  1.947760E-15
1.99881  1.928140E-15
1.99935  1.936830E-15
1.99989  1.797940E-15
2.00043  1.910190E-15
2.00096  1.887390E-15
2.0015  1.884560E-15
2.00204  1.815520E-15
2.00258  1.864120E-15
2.00312  1.907060E-15
2.00366  1.894480E-15
2.00419  1.905840E-15
2.00473  1.864240E-15
2.00527  1.872420E-15
2.00581  1.849390E-15
2.00635  1.743190E-15
2.00689  1.762180E-15
2.00742  1.760500E-15
2.00796  1.768100E-15
2.0085  1.766720E-15
2.00904  1.801390E-15
2.00958  1.819670E-15
2.01011  1.818480E-15
2.01065  1.815050E-15
2.01119  1.808730E-15
2.01173  1.805090E-15
2.01227  1.799350E-15
2.01281  1.775650E-15
2.01334  1.799210E-15
2.01388  1.780310E-15
2.01442  1.779010E-15
2.01496  1.778250E-15
2.0155  1.765520E-15
2.01603  1.795970E-15
2.01657  1.801060E-15
2.01711  1.759590E-15
2.01765  1.765880E-15
2.01819  1.779300E-15
2.01872  1.781270E-15
2.01926  1.746620E-15
2.0198  1.745000E-15
2.02034  1.747890E-15
2.02088  1.748150E-15
2.02141  1.742570E-15
2.02195  1.741580E-15
2.02249  1.737250E-15
2.02303  1.736810E-15
2.02357  1.722010E-15
2.02411  1.731900E-15
2.02464  1.753820E-15
2.02518  1.741230E-15
2.02572  1.729760E-15
2.02626  1.734140E-15
2.0268  1.725370E-15
2.02733  1.695840E-15
2.02787  1.707770E-15
2.02841  1.735360E-15
2.02895  1.731800E-15
2.02949  1.734400E-15
2.03002  1.710700E-15
2.03056  1.722400E-15
2.0311  1.712140E-15
2.03164  1.725980E-15
2.03218  1.729880E-15
2.03271  1.733890E-15
2.03325  1.736750E-15
2.03379  1.743290E-15
2.03433  1.731750E-15
2.03487  1.730040E-15
2.0354  1.727680E-15
2.03594  1.719160E-15
2.03648  1.724540E-15
2.03702  1.725040E-15
2.03756  1.736430E-15
2.03809  1.735910E-15
2.03863  1.722970E-15
2.03917  1.730630E-15
2.03971  1.750920E-15
2.04024  1.722960E-15
2.04078  1.731190E-15
2.04132  1.702870E-15
2.04186  1.746760E-15
2.0424  1.720890E-15
2.04293  1.737140E-15
2.04347  1.733760E-15
2.04401  1.735950E-15
2.04455  1.724480E-15
2.04509  1.741470E-15
2.04562  1.734770E-15
2.04616  1.742320E-15
2.0467  1.745960E-15
2.04724  1.753160E-15
2.04778  1.748510E-15
2.04831  1.742630E-15
2.04885  1.745780E-15
2.04939  1.758390E-15
2.04993  1.755430E-15
2.05046  1.748130E-15
2.051  1.751080E-15
2.05154  1.741830E-15
2.05208  1.749970E-15
2.05262  1.754810E-15
2.05315  1.751550E-15
2.05369  1.758620E-15
2.05423  1.737710E-15
2.05477  1.748600E-15
2.0553  1.737560E-15
2.05584  1.735010E-15
2.05638  1.737810E-15
2.05692  1.729120E-15
2.05746  1.730350E-15
2.05799  1.723400E-15
2.05853  1.718820E-15
2.05907  1.724480E-15
2.05961  1.737320E-15
2.06014  1.726660E-15
2.06068  1.743240E-15
2.06122  1.753510E-15
2.06176  1.739510E-15
2.06229  1.733050E-15
2.06283  1.751410E-15
2.06337  1.736720E-15
2.06391  1.732530E-15
2.06445  1.746370E-15
2.06498  1.734270E-15
2.06552  1.735610E-15
2.06606  1.753750E-15
2.0666  1.745580E-15
2.06713  1.738260E-15
2.06767  1.789340E-15
2.06821  1.768470E-15
2.06875  1.767100E-15
2.06928  1.769800E-15
2.06982  1.772180E-15
2.07036  1.761790E-15
2.0709  1.739880E-15
2.07144  1.722810E-15
2.07197  1.730000E-15
2.07251  1.749880E-15
2.07305  1.734400E-15
2.07359  1.761870E-15
2.07412  1.737050E-15
2.07466  1.745760E-15
2.0752  1.758980E-15
2.07574  1.734140E-15
2.07627  1.756250E-15
2.07681  1.738550E-15
2.07735  1.753400E-15
2.07789  1.742930E-15
2.07842  1.745750E-15
2.07896  1.733110E-15
2.0795  1.748400E-15
2.08004  1.735660E-15
2.08057  1.747130E-15
2.08111  1.727410E-15
2.08165  1.747280E-15
2.08219  1.719960E-15
2.08272  1.720400E-15
2.08326  1.728100E-15
2.0838  1.735090E-15
2.08434  1.718500E-15
2.08488  1.716410E-15
2.08541  1.722060E-15
2.08595  1.720350E-15
2.08649  1.733320E-15
2.08703  1.723350E-15
2.08756  1.720000E-15
2.0881  1.723630E-15
2.08864  1.726810E-15
2.08918  1.709340E-15
2.08971  1.715710E-15
2.09025  1.738830E-15
2.09079  1.709240E-15
2.09133  1.713700E-15
2.09186  1.703880E-15
2.0924  1.721110E-15
2.09294  1.726240E-15
2.09348  1.746430E-15
2.09401  1.748310E-15
2.09455  1.750080E-15
2.09509  1.735920E-15
2.09562  1.726590E-15
2.09616  1.724200E-15
2.0967  1.713930E-15
2.09724  1.721900E-15
2.09777  1.692220E-15
2.09831  1.717620E-15
2.09885  1.709720E-15
2.09939  1.716530E-15
2.09992  1.710530E-15
2.10046  1.698880E-15
2.101  1.726510E-15
2.10154  1.736050E-15
2.10207  1.720960E-15
2.10261  1.711640E-15
2.10315  1.709880E-15
2.10369  1.717490E-15
2.10422  1.707070E-15
2.10476  1.696220E-15
2.1053  1.709830E-15
2.10584  1.719810E-15
2.10637  1.724930E-15
2.10691  1.694030E-15
2.10745  1.715030E-15
2.10799  1.711460E-15
2.10852  1.736130E-15
2.10906  1.733290E-15
2.1096  1.709070E-15
2.11013  1.713920E-15
2.11067  1.705140E-15
2.11121  1.712750E-15
2.11175  1.713960E-15
2.11228  1.723470E-15
2.11282  1.711530E-15
2.11336  1.708470E-15
2.1139  1.724420E-15
2.11443  1.702430E-15
2.11497  1.707200E-15
2.11551  1.697410E-15
2.11605  1.700130E-15
2.11658  1.694570E-15
2.11712  1.700070E-15
2.11766  1.700260E-15
2.11819  1.692700E-15
2.11873  1.696770E-15
2.11927  1.712110E-15
2.11981  1.704530E-15
2.12034  1.700700E-15
2.12088  1.702380E-15
2.12142  1.701680E-15
2.12196  1.690250E-15
2.12249  1.721870E-15
2.12303  1.700350E-15
2.12357  1.706150E-15
2.1241  1.689860E-15
2.12464  1.725820E-15
2.12518  1.718660E-15
2.12572  1.706690E-15
2.12625  1.708920E-15
2.12679  1.715810E-15
2.12733  1.700890E-15
2.12787  1.714720E-15
2.1284  1.692710E-15
2.12894  1.708070E-15
2.12948  1.706700E-15
2.13001  1.700390E-15
2.13055  1.708530E-15
2.13109  1.689420E-15
2.13163  1.687950E-15
2.13216  1.699830E-15
2.1327  1.685280E-15
2.13324  1.709950E-15
2.13377  1.687550E-15
2.13431  1.688740E-15
2.13485  1.699150E-15
2.13539  1.699670E-15
2.13592  1.700830E-15
2.13646  1.703620E-15
2.137  1.703200E-15
2.13753  1.703880E-15
2.13807  1.671430E-15
2.13861  1.705560E-15
2.13915  1.696300E-15
2.13968  1.693620E-15
2.14022  1.688760E-15
2.14076  1.679620E-15
2.14129  1.685320E-15
2.14183  1.687150E-15
2.14237  1.683650E-15
2.14291  1.693030E-15
2.14344  1.684090E-15
2.14398  1.684280E-15
2.14452  1.683710E-15
2.14505  1.670470E-15
2.14559  1.672320E-15
2.14613  1.672010E-15
2.14667  1.674770E-15
2.1472  1.681200E-15
2.14774  1.663270E-15
2.14828  1.694210E-15
2.14881  1.668490E-15
2.14935  1.669490E-15
2.14989  1.682800E-15
2.15043  1.685230E-15
2.15096  1.671060E-15
2.1515  1.664800E-15
2.15204  1.679730E-15
2.15257  1.662240E-15
2.15311  1.664750E-15
2.15365  1.658750E-15
2.15418  1.670510E-15
2.15472  1.683910E-15
2.15526  1.684710E-15
2.1558  1.683870E-15
2.15633  1.675650E-15
2.15687  1.689240E-15
2.15741  1.692660E-15
2.15794  1.728460E-15
2.15848  1.743410E-15
2.15902  1.729110E-15
2.15956  1.720850E-15
2.16009  1.697520E-15
2.16063  1.693190E-15
2.16117  1.668830E-15
2.1617  1.683770E-15
2.16224  1.695540E-15
2.16278  1.679320E-15
2.16331  1.697140E-15
2.16385  1.683060E-15
2.16439  1.695640E-15
2.16493  1.703270E-15
2.16546  1.706350E-15
2.166  1.698050E-15
2.16654  1.720680E-15
2.16707  1.702240E-15
2.16761  1.711950E-15
2.16815  1.723100E-15
2.16868  1.705000E-15
2.16922  1.703760E-15
2.16976  1.695120E-15
2.1703  1.688610E-15
2.17083  1.693730E-15
2.17137  1.712320E-15
2.17191  1.710050E-15
2.17244  1.676010E-15
2.17298  1.703850E-15
2.17352  1.695590E-15
2.17405  1.695570E-15
2.17459  1.707540E-15
2.17513  1.718030E-15
2.17566  1.704790E-15
2.1762  1.705270E-15
2.17674  1.700280E-15
2.17728  1.701010E-15
2.17781  1.701860E-15
2.17835  1.688050E-15
2.17889  1.688750E-15
2.17942  1.687440E-15
2.17996  1.702940E-15
2.1805  1.688500E-15
2.18103  1.699990E-15
2.18157  1.670440E-15
2.18211  1.708390E-15
2.18264  1.714940E-15
2.18318  1.697640E-15
2.18372  1.705210E-15
2.18426  1.704530E-15
2.18479  1.695840E-15
2.18533  1.661160E-15
2.18587  1.691410E-15
2.1864  1.698760E-15
2.18694  1.704670E-15
2.18748  1.691610E-15
2.18801  1.687550E-15
2.18855  1.699660E-15
2.18909  1.698470E-15
2.18962  1.698110E-15
2.19016  1.702750E-15
2.1907  1.690420E-15
2.19123  1.701440E-15
2.19177  1.696530E-15
2.19231  1.714070E-15
2.19284  1.699920E-15
2.19338  1.689930E-15
2.19392  1.681190E-15
2.19446  1.690120E-15
2.19499  1.669840E-15
2.19553  1.688980E-15
2.19607  1.695100E-15
2.1966  1.696060E-15
2.19714  1.693790E-15
2.19768  1.680700E-15
2.19821  1.691770E-15
2.19875  1.704790E-15
2.19929  1.699340E-15
2.19982  1.706320E-15
2.20036  1.704720E-15
2.2009  1.701800E-15
2.20143  1.708370E-15
2.20197  1.723530E-15
2.20251  1.713450E-15
2.20304  1.734190E-15
2.20358  1.743500E-15
2.20412  1.741120E-15
2.20465  1.694430E-15
2.20519  1.718270E-15
2.20573  1.693400E-15
2.20627  1.680790E-15
2.2068  1.692660E-15
2.20734  1.666220E-15
2.20788  1.675560E-15
2.20841  1.663160E-15
2.20895  1.671760E-15
2.20949  1.686860E-15
2.21002  1.669880E-15
2.21056  1.677790E-15
2.2111  1.682840E-15
2.21163  1.643060E-15
2.21217  1.642740E-15
2.21271  1.676810E-15
2.21324  1.667690E-15
2.21378  1.676130E-15
2.21432  1.671620E-15
2.21485  1.663300E-15
2.21539  1.648190E-15
2.21593  1.650780E-15
2.21646  1.648170E-15
2.217  1.648950E-15
2.21754  1.641740E-15
2.21807  1.656430E-15
2.21861  1.644290E-15
2.21915  1.642970E-15
2.21968  1.644480E-15
2.22022  1.648030E-15
2.22076  1.648130E-15
2.22129  1.657700E-15
2.22183  1.660880E-15
2.22237  1.652470E-15
2.2229  1.650080E-15
2.22344  1.649490E-15
2.22398  1.650240E-15
2.22451  1.640230E-15
2.22505  1.661860E-15
2.22559  1.658350E-15
2.22612  1.642970E-15
2.22666  1.646290E-15
2.2272  1.642080E-15
2.22773  1.653600E-15
2.22827  1.638870E-15
2.22881  1.638390E-15
2.22934  1.644950E-15
2.22988  1.659430E-15
2.23042  1.638770E-15
2.23095  1.655340E-15
2.23149  1.643850E-15
2.23203  1.638560E-15
2.23256  1.645360E-15
2.2331  1.661450E-15
2.23364  1.653870E-15
2.23417  1.651170E-15
2.23471  1.646710E-15
2.23525  1.647360E-15
2.23578  1.629800E-15
2.23632  1.634710E-15
2.23686  1.645390E-15
2.23739  1.648540E-15
2.23793  1.646680E-15
2.23847  1.644250E-15
2.239  1.616360E-15
2.23954  1.651000E-15
2.24008  1.647930E-15
2.24061  1.631640E-15
2.24115  1.643540E-15
2.24169  1.625700E-15
2.24222  1.643470E-15
2.24276  1.613930E-15
2.2433  1.624890E-15
2.24383  1.623950E-15
2.24437  1.630890E-15
2.24491  1.630730E-15
2.24544  1.617280E-15
2.24598  1.616680E-15
2.24652  1.634890E-15
2.24705  1.605920E-15
2.24759  1.626550E-15
2.24813  1.633340E-15
2.24866  1.616580E-15
2.2492  1.627250E-15
2.24974  1.645000E-15
2.25027  1.621140E-15
2.25081  1.605150E-15
2.25135  1.674790E-15
2.25188  1.593270E-15
2.25242  1.631720E-15
2.25296  1.630730E-15
2.25349  1.635060E-15
2.25403  1.621530E-15
2.25457  1.636220E-15
2.2551  1.631910E-15
2.25564  1.633990E-15
2.25618  1.640430E-15
2.25671  1.602180E-15
2.25725  1.627860E-15
2.25779  1.609650E-15
2.25832  1.606270E-15
2.25886  1.619710E-15
2.2594  1.606330E-15
2.25993  1.612180E-15
2.26047  1.661170E-15
2.261  1.621550E-15
2.26154  1.643320E-15
2.26208  1.620940E-15
2.26261  1.634370E-15
2.26315  1.630510E-15
2.26369  1.593510E-15
2.26422  1.616400E-15
2.26476  1.618380E-15
2.2653  1.593920E-15
2.26583  1.602630E-15
2.26637  1.599110E-15
2.26691  1.591800E-15
2.26744  1.607130E-15
2.26798  1.597850E-15
2.26852  1.608290E-15
2.26905  1.605950E-15
2.26959  1.605400E-15
2.27013  1.617110E-15
2.27066  1.600490E-15
2.2712  1.613050E-15
2.27174  1.616830E-15
2.27227  1.597280E-15
2.27281  1.618350E-15
2.27335  1.604480E-15
2.27388  1.629320E-15
2.27442  1.605530E-15
2.27496  1.617680E-15
2.27549  1.584870E-15
2.27603  1.607800E-15
2.27656  1.608380E-15
2.2771  1.606260E-15
2.27764  1.610180E-15
2.27817  1.589620E-15
2.27871  1.592160E-15
2.27925  1.594990E-15
2.27978  1.604820E-15
2.28032  1.591210E-15
2.28086  1.604400E-15
2.28139  1.589340E-15
2.28193  1.603360E-15
2.28247  1.595300E-15
2.283  1.592380E-15
2.28354  1.590530E-15
2.28408  1.587190E-15
2.28461  1.580410E-15
2.28515  1.584670E-15
2.28569  1.585450E-15
2.28622  1.587780E-15
2.28676  1.591740E-15
2.28729  1.586020E-15
2.28783  1.591960E-15
2.28837  1.595250E-15
2.2889  1.605370E-15
2.28944  1.593410E-15
2.28998  1.587270E-15
2.29051  1.586970E-15
2.29105  1.581920E-15
2.29159  1.594140E-15
2.29212  1.585590E-15
2.29266  1.576390E-15
2.2932  1.594420E-15
2.29373  1.587630E-15
2.29427  1.605680E-15
2.29481  1.597580E-15
2.29534  1.570560E-15
2.29588  1.572060E-15
2.29641  1.577330E-15
2.29695  1.589770E-15
2.29749  1.598790E-15
2.29802  1.603580E-15
2.29856  1.595470E-15
2.2991  1.589310E-15
2.29963  1.588100E-15
2.30017  1.598390E-15
2.30071  1.579700E-15
2.30124  1.568530E-15
2.30178  1.584770E-15
2.30232  1.558870E-15
2.30285  1.571280E-15
2.30339  1.563170E-15
2.30392  1.573820E-15
2.30446  1.583850E-15
2.305  1.581880E-15
2.30553  1.566060E-15
2.30607  1.579180E-15
2.30661  1.555250E-15
2.30714  1.583140E-15
2.30768  1.574300E-15
2.30822  1.583160E-15
2.30875  1.554890E-15
2.30929  1.548300E-15
2.30983  1.586360E-15
2.31036  1.561270E-15
2.3109  1.555250E-15
2.31143  1.586190E-15
2.31197  1.551750E-15
2.31251  1.556850E-15
2.31304  1.563020E-15
2.31358  1.568170E-15
2.31412  1.573330E-15
2.31465  1.570680E-15
2.31519  1.578180E-15
2.31573  1.586820E-15
2.31626  1.576680E-15
2.3168  1.580040E-15
2.31734  1.576760E-15
2.31787  1.589520E-15
2.31841  1.558820E-15
2.31894  1.562180E-15
2.31948  1.548700E-15
2.32002  1.563800E-15
2.32055  1.551790E-15
2.32109  1.569030E-15
2.32163  1.548860E-15
2.32216  1.553770E-15
2.3227  1.571120E-15
2.32324  1.568500E-15
2.32377  1.561760E-15
2.32431  1.566560E-15
2.32485  1.556440E-15
2.32538  1.551260E-15
2.32592  1.555180E-15
2.32645  1.553500E-15
2.32699  1.528040E-15
2.32753  1.558190E-15
2.32806  1.575790E-15
2.3286  1.537680E-15
2.32914  1.548270E-15
2.32967  1.539460E-15
2.33021  1.555040E-15
2.33075  1.532490E-15
2.33128  1.529840E-15
2.33182  1.526970E-15
2.33235  1.533900E-15
2.33289  1.504470E-15
2.33343  1.486440E-15
2.33396  1.502640E-15
2.3345  1.487730E-15
2.33504  1.506000E-15
2.33557  1.480100E-15
2.33611  1.464020E-15
2.33665  1.486570E-15
2.33718  1.497610E-15
2.33772  1.522510E-15
2.33826  1.524700E-15
2.33879  1.516100E-15
2.33933  1.521040E-15
2.33986  1.513880E-15
2.3404  1.531850E-15
2.34094  1.507600E-15
2.34147  1.519090E-15
2.34201  1.511320E-15
2.34255  1.529700E-15
2.34308  1.515310E-15
2.34362  1.522820E-15
2.34416  1.515610E-15
2.34469  1.516790E-15
2.34523  1.518080E-15
2.34576  1.538430E-15
2.3463  1.531280E-15
2.34684  1.543850E-15
2.34737  1.538430E-15
2.34791  1.519710E-15
2.34845  1.509070E-15
2.34898  1.526450E-15
2.34952  1.535560E-15
2.35006  1.517880E-15
2.35059  1.528620E-15
2.35113  1.540380E-15
2.35166  1.514720E-15
2.3522  1.522450E-15
2.35274  1.521200E-15
2.35327  1.522840E-15
2.35381  1.513700E-15
2.35435  1.511960E-15
2.35488  1.519540E-15
2.35542  1.501180E-15
2.35596  1.518260E-15
2.35649  1.506010E-15
2.35703  1.511440E-15
2.35756  1.539730E-15
2.3581  1.544210E-15
2.35864  1.510210E-15
2.35917  1.530840E-15
2.35971  1.540260E-15
2.36025  1.548870E-15
2.36078  1.537400E-15
2.36132  1.529420E-15
2.36186  1.525030E-15
2.36239  1.512440E-15
2.36293  1.513640E-15
2.36346  1.484600E-15
2.364  1.452300E-15
2.36454  1.459290E-15
2.36507  1.458430E-15
2.36561  1.469840E-15
2.36615  1.460360E-15
2.36668  1.489130E-15
2.36722  1.486580E-15
2.36776  1.455060E-15
2.36829  1.475230E-15
2.36883  1.478570E-15
2.36936  1.483410E-15
2.3699  1.492510E-15
2.37044  1.511680E-15
2.37097  1.474080E-15
2.37151  1.471170E-15
2.37205  1.461010E-15
2.37258  1.468380E-15
2.37312  1.498230E-15
2.37366  1.486860E-15
2.37419  1.487820E-15
2.37473  1.463240E-15
2.37526  1.495870E-15
2.3758  1.482780E-15
2.37634  1.480050E-15
2.37687  1.478820E-15
2.37741  1.482830E-15
2.37795  1.474190E-15
2.37848  1.454920E-15
2.37902  1.473680E-15
2.37956  1.504060E-15
2.38009  1.493980E-15
2.38063  1.473440E-15
2.38116  1.456400E-15
2.3817  1.445180E-15
2.38224  1.490510E-15
2.38277  1.498350E-15
2.38331  1.498900E-15
2.38385  1.460100E-15
2.38438  1.450510E-15
2.38492  1.458880E-15
2.38546  1.446270E-15
2.38599  1.462430E-15
2.38653  1.482310E-15
2.38706  1.487550E-15
2.3876  1.470160E-15
2.38814  1.469730E-15
2.38867  1.455760E-15
2.38921  1.453230E-15
2.38975  1.473740E-15
2.39028  1.473360E-15
2.39082  1.480140E-15
2.39135  1.435140E-15
2.39189  1.452830E-15
2.39243  1.454140E-15
2.39296  1.416310E-15
2.3935  1.423760E-15
2.39404  1.431990E-15
2.39457  1.437330E-15
2.39511  1.430880E-15
2.39565  1.439460E-15
2.39618  1.425300E-15
2.39672  1.443080E-15
2.39725  1.445120E-15
2.39779  1.448460E-15
2.39833  1.427300E-15
2.39886  1.468440E-15
2.3994  1.451490E-15
2.39994  1.449130E-15
2.40047  1.450710E-15
2.40101  1.448990E-15
2.40155  1.430900E-15
2.40208  1.443170E-15
2.40262  1.452150E-15
2.40315  1.433090E-15
2.40369  1.486860E-15
2.40423  1.437990E-15
2.40476  1.441990E-15
2.4053  1.459200E-15
2.40584  1.442680E-15
2.40637  1.456330E-15
2.40691  1.446120E-15
2.40745  1.446370E-15
2.40798  1.453330E-15
2.40852  1.458490E-15
2.40905  1.451370E-15
2.40959  1.453430E-15
2.41013  1.448990E-15
2.41066  1.439560E-15
2.4112  1.472890E-15
2.41174  1.457730E-15
2.41227  1.440710E-15
2.41281  1.447300E-15
2.41335  1.473460E-15
2.41388  1.427650E-15
2.41442  1.438200E-15
2.41495  1.480110E-15
2.41549  1.442900E-15
2.41603  1.433430E-15
2.41656  1.407840E-15
2.4171  1.470610E-15
2.41764  1.401550E-15
2.41817  1.422360E-15
2.41871  1.424740E-15
2.41925  1.415370E-15
2.41978  1.436170E-15
2.42032  1.420890E-15
2.42085  1.416000E-15
2.42139  1.428270E-15
2.42193  1.393390E-15
2.42246  1.417860E-15
2.423  1.428120E-15
2.42354  1.407260E-15
2.42407  1.407700E-15
2.42461  1.398790E-15
2.42515  1.380700E-15
2.42568  1.388260E-15
2.42622  1.410480E-15
