0.806676  5.276653E-15
0.806878  5.320452E-15
0.807079  5.103562E-15
0.807281  5.091396E-15
0.807483  5.227218E-15
0.807685  5.161533E-15
0.807886  5.186054E-15
0.808088  5.438511E-15
0.80829  5.118095E-15
0.808492  5.063048E-15
0.808693  5.283087E-15
0.808895  5.330981E-15
0.809097  5.504251E-15
0.809299  5.047161E-15
0.8095  5.362561E-15
0.809702  5.364256E-15
0.809904  5.352271E-15
0.809928  5.433158E-15
0.810162  5.432354E-15
0.810396  5.518578E-15
0.81063  5.444948E-15
0.810864  5.395505E-15
0.811098  5.491805E-15
0.811332  5.591604E-15
0.811566  5.481665E-15
0.811801  5.542114E-15
0.812035  5.499069E-15
0.812269  5.360318E-15
0.812503  5.461917E-15
0.812737  5.430667E-15
0.812971  5.363740E-15
0.813205  5.552176E-15
0.813439  5.521688E-15
0.813673  5.633437E-15
0.813907  5.407097E-15
0.814141  5.611060E-15
0.814375  5.516065E-15
0.814608  5.613185E-15
0.814842  5.517501E-15
0.815076  5.544601E-15
0.81531  5.536313E-15
0.815544  5.478740E-15
0.815778  5.473145E-15
0.816012  5.428076E-15
0.816246  5.298383E-15
0.81648  5.403958E-15
0.816713  5.492841E-15
0.816947  5.368036E-15
0.817181  5.556221E-15
0.817415  5.535978E-15
0.817649  5.592685E-15
0.817882  5.578958E-15
0.818116  5.657013E-15
0.81835  5.310425E-15
0.818584  5.419234E-15
0.818817  5.371544E-15
0.819051  5.589121E-15
0.819285  5.570213E-15
0.819518  5.320942E-15
0.819752  5.377725E-15
0.819986  5.352207E-15
0.820219  5.521021E-15
0.820453  5.234507E-15
0.820687  5.356819E-15
0.82092  5.350789E-15
0.821154  5.410214E-15
0.821388  5.452800E-15
0.821621  5.504840E-15
0.821855  5.554786E-15
0.822088  5.526853E-15
0.822322  5.500571E-15
0.822555  5.528104E-15
0.822789  5.452894E-15
0.823023  5.638951E-15
0.823256  5.493740E-15
0.82349  5.531814E-15
0.823723  5.520804E-15
0.823957  5.519589E-15
0.82419  5.567859E-15
0.824424  5.486933E-15
0.824657  5.316418E-15
0.82489  5.432493E-15
0.825124  5.527432E-15
0.825357  5.571189E-15
0.825591  5.471657E-15
0.825824  5.460709E-15
0.826058  5.387748E-15
0.826291  5.403116E-15
0.826524  5.522197E-15
0.826758  5.478315E-15
0.826991  5.484808E-15
0.827224  5.329160E-15
0.827458  5.713076E-15
0.827691  5.414379E-15
0.827924  5.435252E-15
0.828158  5.767336E-15
0.828391  5.437447E-15
0.828624  5.464980E-15
0.828858  5.668268E-15
0.829091  5.509902E-15
0.829324  5.523517E-15
0.829557  5.470502E-15
0.829791  5.551951E-15
0.830024  5.489463E-15
0.830257  5.686858E-15
0.83049  5.277482E-15
0.830723  5.544919E-15
0.830957  5.538727E-15
0.83119  5.509997E-15
0.831423  5.492121E-15
0.831656  5.544542E-15
0.831889  5.562652E-15
0.832122  5.430389E-15
0.832355  5.436251E-15
0.832589  5.495893E-15
0.832822  5.508338E-15
0.833055  5.645906E-15
0.833288  5.411728E-15
0.833521  5.616370E-15
0.833754  5.418463E-15
0.833987  5.707541E-15
0.83422  5.648961E-15
0.834453  5.756893E-15
0.834686  5.674967E-15
0.834919  5.564292E-15
0.835152  5.501463E-15
0.835385  5.749157E-15
0.835618  5.624142E-15
0.835851  5.685833E-15
0.836084  5.747680E-15
0.836317  5.777462E-15
0.83655  5.850550E-15
0.836783  5.894866E-15
0.837016  5.801504E-15
0.837249  5.795634E-15
0.837482  5.888975E-15
0.837715  5.662419E-15
0.837947  5.633145E-15
0.83818  5.628841E-15
0.838413  5.614393E-15
0.838646  5.459509E-15
0.838879  5.734071E-15
0.839112  5.743424E-15
0.839345  5.574232E-15
0.839577  5.654761E-15
0.83981  5.742097E-15
0.840043  5.774651E-15
0.840276  5.755165E-15
0.840509  5.606694E-15
0.840741  5.386107E-15
0.840974  5.572745E-15
0.841207  5.480033E-15
0.84144  5.500881E-15
0.841672  5.583054E-15
0.841905  5.484739E-15
0.842138  5.767258E-15
0.842371  5.523878E-15
0.842603  5.506661E-15
0.842836  5.414308E-15
0.843069  5.546916E-15
0.843301  5.443876E-15
0.843534  5.559410E-15
0.843767  5.435545E-15
0.843999  5.481497E-15
0.844232  5.549097E-15
0.844465  5.508848E-15
0.844697  5.499716E-15
0.84493  5.531342E-15
0.845163  5.268731E-15
0.845395  5.346516E-15
0.845628  5.282108E-15
0.84586  5.181187E-15
0.846093  5.273678E-15
0.846325  5.278020E-15
0.846558  5.167286E-15
0.846791  5.150436E-15
0.847023  5.107157E-15
0.847256  5.202633E-15
0.847488  5.305420E-15
0.847721  5.396190E-15
0.847953  5.296536E-15
0.848186  5.262922E-15
0.848418  5.240807E-15
0.848651  5.185945E-15
0.848883  5.158940E-15
0.849116  5.240453E-15
0.849348  5.229986E-15
0.84958  5.356604E-15
0.849813  5.301289E-15
0.850045  5.331197E-15
0.850278  5.340078E-15
0.85051  5.243653E-15
0.850743  5.177424E-15
0.850975  5.382499E-15
0.851207  5.186841E-15
0.85144  5.397006E-15
0.851672  5.408742E-15
0.851904  5.128964E-15
0.852137  5.288922E-15
0.852369  5.119593E-15
0.852602  5.142581E-15
0.852834  5.274165E-15
0.853066  5.195458E-15
0.853298  5.239894E-15
0.853531  5.284304E-15
0.853763  5.347798E-15
0.853995  5.237976E-15
0.854228  5.488250E-15
0.85446  5.311861E-15
0.854692  5.557844E-15
0.854924  5.488889E-15
0.855157  5.473931E-15
0.855389  5.451997E-15
0.855621  5.539705E-15
0.855853  5.357704E-15
0.856086  5.753441E-15
0.856318  5.845562E-15
0.85655  5.816931E-15
0.856782  5.844413E-15
0.857014  5.913517E-15
0.857247  6.095193E-15
0.857479  6.196416E-15
0.857711  6.397582E-15
0.857943  6.392017E-15
0.858175  6.417623E-15
0.858407  6.593472E-15
0.858639  6.606346E-15
0.858872  6.765801E-15
0.859104  6.874733E-15
0.859336  6.781857E-15
0.859568  6.580665E-15
0.8598  6.642950E-15
0.860032  6.576292E-15
0.860264  6.497280E-15
0.860496  6.539772E-15
0.860728  6.399895E-15
0.86096  6.191420E-15
0.861192  6.189786E-15
0.861424  6.155070E-15
0.861656  5.829039E-15
0.861888  5.956908E-15
0.86212  5.865516E-15
0.862352  5.733102E-15
0.862584  5.653228E-15
0.862816  5.674483E-15
0.863048  5.568480E-15
0.86328  5.434922E-15
0.863512  5.464216E-15
0.863744  5.306686E-15
0.863976  5.431856E-15
0.864208  5.281604E-15
0.86444  5.177953E-15
0.864672  5.261260E-15
0.864904  5.281470E-15
0.865136  5.434081E-15
0.865368  5.292663E-15
0.8656  5.274211E-15
0.865832  5.520465E-15
0.866064  5.496987E-15
0.866296  5.263231E-15
0.866527  5.180303E-15
0.866759  5.245048E-15
0.866991  5.245397E-15
0.867223  5.347416E-15
0.867455  5.167103E-15
0.867687  5.330145E-15
0.867918  5.198341E-15
0.86815  5.095270E-15
0.868382  5.127017E-15
0.868614  5.096139E-15
0.868846  5.012253E-15
0.869078  5.112491E-15
0.869309  5.193509E-15
0.869541  5.115445E-15
0.869773  5.223506E-15
0.870005  5.211887E-15
0.870236  5.113461E-15
0.870468  5.325532E-15
0.8707  5.199563E-15
0.870932  5.130230E-15
0.871163  5.465204E-15
0.871395  5.306821E-15
0.871627  5.274134E-15
0.871859  5.409227E-15
0.87209  5.320556E-15
0.872322  5.446404E-15
0.872554  5.411422E-15
0.872785  5.435441E-15
0.873017  5.194279E-15
0.873249  5.170871E-15
0.87348  5.227203E-15
0.873712  5.257134E-15
0.873944  5.258350E-15
0.874175  5.196286E-15
0.874407  5.237203E-15
0.874639  5.319059E-15
0.87487  5.063955E-15
0.875102  5.244722E-15
0.875334  5.284019E-15
0.875565  5.367257E-15
0.875797  5.320937E-15
0.876029  5.466002E-15
0.87626  5.526302E-15
0.876492  5.397993E-15
0.876723  5.360083E-15
0.876955  5.405382E-15
0.877186  5.285501E-15
0.877418  5.230910E-15
0.87765  5.337244E-15
0.877881  5.306776E-15
0.878113  5.342715E-15
0.878344  5.254462E-15
0.878576  5.319649E-15
0.878807  5.378483E-15
0.879039  5.284821E-15
0.87927  5.271396E-15
0.879502  5.163353E-15
0.879733  5.097072E-15
0.879965  4.940735E-15
0.880196  5.180308E-15
0.880428  4.928926E-15
0.880659  4.872310E-15
0.880891  4.993065E-15
0.881122  4.950849E-15
0.881354  4.975777E-15
0.881585  5.076315E-15
0.881817  5.140244E-15
0.882048  5.127382E-15
0.88228  5.078672E-15
0.882511  5.105972E-15
0.882742  5.144418E-15
0.882974  5.111963E-15
0.883205  5.050799E-15
0.883437  5.185567E-15
0.883668  5.227753E-15
0.883899  5.180622E-15
0.884131  5.048225E-15
0.884362  5.255352E-15
0.884594  5.437993E-15
0.884825  5.169411E-15
0.885056  5.164123E-15
0.885288  5.073281E-15
0.885519  5.032734E-15
0.88575  5.183228E-15
0.885982  5.143168E-15
0.886213  5.205824E-15
0.886445  5.231774E-15
0.886676  5.293948E-15
0.886907  5.336914E-15
0.887139  5.465626E-15
0.88737  5.338983E-15
0.887601  5.544723E-15
0.887832  5.490576E-15
0.888064  5.368175E-15
0.888295  5.334150E-15
0.888526  5.421111E-15
0.888758  5.321446E-15
0.888989  5.380803E-15
0.88922  5.376693E-15
0.889452  5.335099E-15
0.889683  5.259790E-15
0.889914  5.392751E-15
0.890145  5.299150E-15
0.890377  5.326830E-15
0.890608  5.163303E-15
0.890839  5.399251E-15
0.89107  5.182441E-15
0.891302  5.279286E-15
0.891533  5.070190E-15
0.891764  5.010877E-15
0.891995  5.142714E-15
0.892226  5.166047E-15
0.892458  5.089252E-15
0.892689  5.121916E-15
0.89292  5.169699E-15
0.893151  5.091819E-15
0.893382  4.892760E-15
0.893614  5.177669E-15
0.893845  4.948212E-15
0.894076  5.079725E-15
0.894307  4.985490E-15
0.894538  4.952756E-15
0.894769  4.889695E-15
0.895001  4.782138E-15
0.895232  4.942651E-15
0.895463  5.003264E-15
0.895694  4.916732E-15
0.895925  5.063621E-15
0.896156  4.935427E-15
0.896387  5.025172E-15
0.896618  5.172886E-15
0.89685  5.104112E-15
0.897081  4.901014E-15
0.897312  5.057178E-15
0.897543  4.915048E-15
0.897774  5.005470E-15
0.898005  5.065199E-15
0.898236  5.028548E-15
0.898467  5.158846E-15
0.898698  4.963603E-15
0.898929  5.224714E-15
0.899161  5.136071E-15
0.899392  5.135311E-15
0.899623  5.463711E-15
0.899854  5.322392E-15
0.900085  5.291688E-15
0.900316  5.166516E-15
0.900547  5.361112E-15
0.900778  5.145749E-15
0.901009  5.179748E-15
0.90124  5.106732E-15
0.901471  5.112871E-15
0.901702  5.099022E-15
0.901933  5.102376E-15
0.902164  5.192259E-15
0.902395  5.241221E-15
0.902626  5.117533E-15
0.902857  5.228891E-15
0.903088  5.147606E-15
0.903319  5.224727E-15
0.90355  5.356749E-15
0.903781  5.318910E-15
0.904012  5.175691E-15
0.904243  5.246494E-15
0.904474  5.170612E-15
0.904705  5.192997E-15
0.904936  5.292460E-15
0.905167  5.292572E-15
0.905398  5.266815E-15
0.905629  5.208945E-15
0.90586  5.073040E-15
0.906091  4.969584E-15
0.906322  5.101546E-15
0.906553  5.193184E-15
0.906784  5.019453E-15
0.907015  4.961386E-15
0.907246  5.051212E-15
0.907476  4.963356E-15
0.907707  5.121291E-15
0.907938  5.171611E-15
0.908169  5.122017E-15
0.9084  5.156604E-15
0.908631  5.139606E-15
0.908862  5.036698E-15
0.909093  5.084605E-15
0.909324  5.230193E-15
0.909555  5.154109E-15
0.909786  5.087257E-15
0.910016  5.069485E-15
0.910247  5.047418E-15
0.910478  4.824047E-15
0.910709  5.020568E-15
0.91094  5.006567E-15
0.911171  5.077810E-15
0.911402  4.867422E-15
0.911633  4.946982E-15
0.911863  5.214566E-15
0.912094  4.971430E-15
0.912325  4.970702E-15
0.912556  5.058294E-15
0.912787  4.986800E-15
0.913018  5.118286E-15
0.913249  4.856876E-15
0.913479  5.021127E-15
0.91371  5.070833E-15
0.913941  5.077932E-15
0.914172  5.188782E-15
0.914403  5.257365E-15
0.914634  5.063312E-15
0.914864  5.252808E-15
0.915095  5.188223E-15
0.915326  5.056343E-15
0.915557  5.208634E-15
0.915788  5.147196E-15
0.916018  5.269207E-15
0.916249  5.417051E-15
0.91648  5.386984E-15
0.916711  5.233659E-15
0.916942  5.285893E-15
0.917172  5.260560E-15
0.917403  5.147964E-15
0.917634  5.116500E-15
0.917865  5.329915E-15
0.918096  5.272783E-15
0.918326  5.226578E-15
0.918557  5.441593E-15
0.918788  5.350804E-15
0.919019  5.362199E-15
0.919249  5.430386E-15
0.91948  5.506998E-15
0.919711  5.669814E-15
0.919942  5.613552E-15
0.920172  5.691826E-15
0.920403  5.624454E-15
0.920634  5.663425E-15
0.920865  6.092093E-15
0.921095  6.621550E-15
0.921326  7.263055E-15
0.921557  7.979729E-15
0.921788  8.227313E-15
0.922018  8.104196E-15
0.922249  7.949076E-15
0.92248  7.154462E-15
0.922711  6.448392E-15
0.922941  5.821282E-15
0.923172  5.525444E-15
0.923403  5.347188E-15
0.923634  5.453514E-15
0.923864  5.296787E-15
0.924095  5.292071E-15
0.924326  5.274029E-15
0.924556  5.491796E-15
0.924787  5.342817E-15
0.925018  5.436247E-15
0.925248  5.305698E-15
0.925479  5.458844E-15
0.92571  5.235707E-15
0.925941  5.370492E-15
0.926171  5.495984E-15
0.926402  5.151047E-15
0.926633  5.269732E-15
0.926863  5.423662E-15
0.927094  5.366444E-15
0.927325  5.312472E-15
0.927555  5.388353E-15
0.927786  5.280468E-15
0.928017  5.417782E-15
0.928247  5.445471E-15
0.928478  5.266734E-15
0.928709  5.265942E-15
0.928939  5.180753E-15
0.92917  5.181410E-15
0.929401  4.997139E-15
0.929631  5.115457E-15
0.929862  5.060976E-15
0.930093  4.984642E-15
0.930323  5.311642E-15
0.930554  5.092385E-15
0.930785  5.180120E-15
0.931015  5.113909E-15
0.931246  5.026124E-15
0.931477  5.062620E-15
0.931707  5.147573E-15
0.931938  5.117340E-15
0.932169  5.051740E-15
0.932399  5.128766E-15
0.93263  5.173822E-15
0.932861  5.265225E-15
0.933091  5.179289E-15
0.933322  5.341122E-15
0.933553  5.002909E-15
0.933783  5.440614E-15
0.934014  5.078359E-15
0.934244  5.224364E-15
0.934475  5.167529E-15
0.934706  5.208744E-15
0.934936  5.180262E-15
0.935167  5.367122E-15
0.935398  5.426911E-15
0.935628  5.297759E-15
0.935859  5.323110E-15
0.936089  5.296814E-15
0.93632  5.212245E-15
0.936551  5.440684E-15
0.936781  5.396073E-15
0.937012  5.396209E-15
0.937243  5.362198E-15
0.937473  5.525487E-15
0.937704  5.549150E-15
0.937934  5.703498E-15
0.938165  5.747971E-15
0.938396  5.783153E-15
0.938626  5.637883E-15
0.938857  5.588875E-15
0.939087  5.524449E-15
0.939318  5.639052E-15
0.939549  5.737726E-15
0.939648  5.562726E-15
0.939919  5.471775E-15
0.940191  5.369009E-15
0.940462  5.465918E-15
0.940733  5.309277E-15
0.941005  5.303447E-15
0.941276  5.296149E-15
0.941547  5.204872E-15
0.941818  5.228113E-15
0.942089  5.259563E-15
0.942361  5.225849E-15
0.942632  5.135235E-15
0.942903  5.047656E-15
0.943174  5.146343E-15
0.943446  5.005089E-15
0.943717  4.951278E-15
0.943988  5.061629E-15
0.944259  5.020479E-15
0.94453  4.974065E-15
0.944801  5.024977E-15
0.945073  4.999136E-15
0.945344  5.054612E-15
0.945615  4.937375E-15
0.945886  5.036369E-15
0.946157  4.856171E-15
0.946428  4.950468E-15
0.946699  4.829639E-15
0.946971  4.878245E-15
0.947242  4.892806E-15
0.947513  4.832542E-15
0.947784  4.771923E-15
0.948055  4.722210E-15
0.948326  4.759066E-15
0.948597  4.825974E-15
0.948868  4.769242E-15
0.949139  4.741942E-15
0.94941  4.784383E-15
0.949681  4.758950E-15
0.949952  4.619215E-15
0.950224  4.689132E-15
0.950495  4.718423E-15
0.950766  4.586722E-15
0.951037  4.616710E-15
0.951308  4.566806E-15
0.951579  4.621378E-15
0.95185  4.663950E-15
0.952121  4.706552E-15
0.952392  4.567587E-15
0.952663  4.631483E-15
0.952934  4.864557E-15
0.953205  4.746079E-15
0.953476  4.709410E-15
0.953746  4.697387E-15
0.954017  4.567897E-15
0.954288  4.730308E-15
0.954559  4.819590E-15
0.95483  4.792262E-15
0.955101  4.922945E-15
0.955372  4.957384E-15
0.955643  4.963946E-15
0.955914  4.760642E-15
0.956185  4.781593E-15
0.956456  4.778349E-15
0.956727  4.736812E-15
0.956998  4.685563E-15
0.957269  4.707579E-15
0.957539  4.634416E-15
0.95781  4.704731E-15
0.958081  4.755572E-15
0.958352  4.861481E-15
0.958623  4.797098E-15
0.958894  4.681696E-15
0.959165  4.772693E-15
0.959435  4.746464E-15
0.959706  4.635717E-15
0.959977  4.781572E-15
0.960248  4.697965E-15
0.960519  4.704449E-15
0.96079  4.949033E-15
0.96106  4.725019E-15
0.961331  4.744857E-15
0.961602  4.745725E-15
0.961873  4.802406E-15
0.962144  4.863696E-15
0.962414  4.796777E-15
0.962685  4.815190E-15
0.962956  4.878488E-15
0.963227  4.928292E-15
0.963497  4.937666E-15
0.963768  5.054527E-15
0.964039  5.007242E-15
0.96431  5.011274E-15
0.96458  5.081573E-15
0.964851  4.992560E-15
0.965122  5.098204E-15
0.965393  5.100749E-15
0.965663  5.281353E-15
0.965934  5.299161E-15
0.966205  5.423087E-15
0.966475  5.464991E-15
0.966746  5.504186E-15
0.967017  5.818307E-15
0.967287  6.152817E-15
0.967558  6.620221E-15
0.967829  7.504786E-15
0.968099  9.321434E-15
0.96837  1.102497E-14
0.968641  1.191589E-14
0.968911  1.200393E-14
0.969182  1.113157E-14
0.969453  9.807174E-15
0.969723  8.259076E-15
0.969994  6.815027E-15
0.970264  5.992875E-15
0.970535  5.786188E-15
0.970806  5.676221E-15
0.971076  5.736669E-15
0.971347  5.494020E-15
0.971618  5.575844E-15
0.971888  5.468534E-15
0.972159  5.427094E-15
0.972429  5.349751E-15
0.9727  5.329878E-15
0.97297  5.337438E-15
0.973241  5.182994E-15
0.973511  5.233330E-15
0.973782  5.125014E-15
0.974053  5.157451E-15
0.974323  5.154273E-15
0.974594  4.949634E-15
0.974864  5.138940E-15
0.975135  5.075153E-15
0.975405  5.086926E-15
0.975676  5.047928E-15
0.975946  4.936428E-15
0.976217  4.992082E-15
0.976487  5.008369E-15
0.976758  4.959120E-15
0.977028  4.906329E-15
0.977299  4.996238E-15
0.977569  5.015869E-15
0.97784  4.888883E-15
0.97811  4.978514E-15
0.978381  4.948647E-15
0.978651  4.924819E-15
0.978921  4.809901E-15
0.979192  4.900692E-15
0.979462  4.849723E-15
0.979733  4.867618E-15
0.980003  4.868961E-15
0.980274  4.785206E-15
0.980544  4.831023E-15
0.980814  4.925504E-15
0.981085  4.857558E-15
0.981355  4.784632E-15
0.981626  4.825628E-15
0.981896  4.796100E-15
0.982166  4.890057E-15
0.982437  4.828387E-15
0.982707  4.858771E-15
0.982977  4.895630E-15
0.983248  4.881695E-15
0.983518  4.804976E-15
0.983788  4.811041E-15
0.984059  4.783758E-15
0.984329  4.820458E-15
0.9846  4.837707E-15
0.98487  4.778522E-15
0.98514  4.837462E-15
0.98541  4.789779E-15
0.985681  4.809845E-15
0.985951  4.834630E-15
0.986221  4.791817E-15
0.986492  4.821973E-15
0.986762  4.778416E-15
0.987032  4.827068E-15
0.987303  4.889792E-15
0.987573  4.828612E-15
0.987843  4.926772E-15
0.988113  4.843409E-15
0.988384  4.866591E-15
0.988654  4.928540E-15
0.988924  4.708063E-15
0.989194  4.812300E-15
0.989465  4.796474E-15
0.989735  4.808328E-15
0.990005  4.698322E-15
0.990275  4.581280E-15
0.990546  4.723409E-15
0.990816  4.780549E-15
0.991086  4.638475E-15
0.991356  4.740122E-15
0.991626  4.713480E-15
0.991897  4.807608E-15
0.992167  4.711741E-15
0.992437  4.724509E-15
0.992707  4.739903E-15
0.992977  4.760138E-15
0.993248  4.757840E-15
0.993518  4.842061E-15
0.993788  4.775105E-15
0.994058  4.835371E-15
0.994328  4.873607E-15
0.994598  4.683454E-15
0.994869  4.712668E-15
0.995139  4.682139E-15
0.995409  4.721331E-15
0.995679  4.609256E-15
0.995949  4.874775E-15
0.996219  4.885720E-15
0.996489  4.753936E-15
0.996759  4.803079E-15
0.99703  4.835217E-15
0.9973  4.828351E-15
0.99757  4.913688E-15
0.99784  5.092315E-15
0.99811  5.051411E-15
0.99838  5.124137E-15
0.99865  5.158271E-15
0.99892  5.047686E-15
0.99919  5.095176E-15
0.99946  5.044888E-15
0.99973  4.992147E-15
1.  4.884988E-15
1.00027  4.971156E-15
1.00054  5.091938E-15
1.00081  5.316369E-15
1.00108  5.418954E-15
1.00135  5.466755E-15
1.00162  5.470220E-15
1.00189  5.375801E-15
1.00216  5.208563E-15
1.00243  5.020317E-15
1.0027  4.936463E-15
1.00297  4.825490E-15
1.00324  5.027683E-15
1.00351  5.050198E-15
1.00378  4.931409E-15
1.00405  4.956382E-15
1.00432  5.044675E-15
1.00459  4.993087E-15
1.00486  4.971855E-15
1.00513  5.017962E-15
1.0054  5.068674E-15
1.00567  5.067561E-15
1.00594  5.112467E-15
1.00621  5.060098E-15
1.00648  5.246107E-15
1.00675  5.241339E-15
1.00702  5.244273E-15
1.00729  5.258026E-15
1.00756  5.211631E-15
1.00783  5.146129E-15
1.0081  5.116054E-15
1.00837  5.074691E-15
1.00864  4.993227E-15
1.00891  5.055878E-15
1.00918  4.990901E-15
1.00945  4.938108E-15
1.00972  5.016840E-15
1.00999  4.939761E-15
1.01026  5.062574E-15
1.01053  5.086903E-15
1.0108  5.081553E-15
1.01107  5.095232E-15
1.01134  5.155163E-15
1.01161  5.094571E-15
1.01188  5.155361E-15
1.01215  5.152874E-15
1.01242  5.148006E-15
1.01269  5.172655E-15
1.01296  5.234895E-15
1.01323  5.257434E-15
1.0135  5.286841E-15
1.01377  5.158093E-15
1.01404  5.255338E-15
1.01431  5.299910E-15
1.01458  5.170708E-15
1.01485  5.221079E-15
1.01512  5.268554E-15
1.01539  5.330069E-15
1.01566  5.337804E-15
1.01593  5.310881E-15
1.0162  5.417787E-15
1.01647  5.298900E-15
1.01674  5.418491E-15
1.017  5.398608E-15
1.01727  5.418139E-15
1.01754  5.525368E-15
1.01781  5.457847E-15
1.01808  5.428536E-15
1.01835  5.556623E-15
1.01862  5.575593E-15
1.01889  5.644142E-15
1.01916  5.613215E-15
1.01943  5.622685E-15
1.0197  5.534634E-15
1.01997  5.687466E-15
1.02024  5.674195E-15
1.02051  5.763449E-15
1.02078  6.033331E-15
1.02105  6.161119E-15
1.02132  6.242612E-15
1.02159  6.276889E-15
1.02186  6.220999E-15
1.02213  6.208506E-15
1.0224  6.027877E-15
1.02267  5.806327E-15
1.02294  5.757118E-15
1.02321  5.745358E-15
1.02348  5.573045E-15
1.02375  5.587732E-15
1.02402  5.582108E-15
1.02429  5.629765E-15
1.02456  5.558316E-15
1.02483  5.458586E-15
1.0251  5.416831E-15
1.02537  5.462236E-15
1.02564  5.397052E-15
1.02591  5.469375E-15
1.02618  5.394093E-15
1.02644  5.394702E-15
1.02671  5.383793E-15
1.02698  5.421627E-15
1.02725  5.440621E-15
1.02752  5.439403E-15
1.02779  5.477790E-15
1.02806  5.514415E-15
1.02833  5.491822E-15
1.0286  5.603377E-15
1.02887  5.487489E-15
1.02914  5.509591E-15
1.02941  5.431257E-15
1.02968  5.362952E-15
1.02995  5.277385E-15
1.03022  5.238082E-15
1.03049  5.262355E-15
1.03076  5.238097E-15
1.03103  5.193119E-15
1.0313  5.138203E-15
1.03157  5.130645E-15
1.03184  5.105573E-15
1.03211  5.039801E-15
1.03238  5.091643E-15
1.03265  5.184498E-15
1.03291  5.145125E-15
1.03318  5.037066E-15
1.03345  5.049106E-15
1.03372  5.055711E-15
1.03399  5.044207E-15
1.03426  5.056886E-15
1.03453  5.066056E-15
1.0348  5.089321E-15
1.03507  5.002798E-15
1.03534  5.050054E-15
1.03561  5.059768E-15
1.03588  5.038686E-15
1.03615  5.030232E-15
1.03642  5.030963E-15
1.03669  5.017180E-15
1.03696  5.051710E-15
1.03723  5.064491E-15
1.0375  5.039307E-15
1.03777  5.046696E-15
1.03804  5.031523E-15
1.0383  4.906151E-15
1.03857  5.061411E-15
1.03884  4.978639E-15
1.03911  5.019268E-15
1.03938  4.961531E-15
1.03965  5.036684E-15
1.03992  4.969381E-15
1.04019  4.976163E-15
1.04046  5.129747E-15
1.04073  5.034572E-15
1.041  4.941503E-15
1.04127  5.022206E-15
1.04154  4.999941E-15
1.04181  4.966592E-15
1.04208  4.956355E-15
1.04235  4.959726E-15
1.04262  4.965545E-15
1.04289  4.829945E-15
1.04315  4.987034E-15
1.04342  5.024941E-15
1.04369  4.976129E-15
1.04396  4.954078E-15
1.04423  4.984563E-15
1.0445  5.056792E-15
1.04477  5.111176E-15
1.04504  5.097852E-15
1.04531  5.211283E-15
1.04558  5.213854E-15
1.04585  5.226981E-15
1.04612  5.145046E-15
1.04639  5.145274E-15
1.04666  5.064201E-15
1.04693  5.017743E-15
1.0472  4.985161E-15
1.04746  5.014755E-15
1.04773  5.045996E-15
1.048  5.122789E-15
1.04827  5.142519E-15
1.04854  5.153271E-15
1.04881  5.171243E-15
1.04908  5.198911E-15
1.04935  5.191512E-15
1.04962  5.130018E-15
1.04989  5.116448E-15
1.05016  5.136177E-15
1.05043  5.089531E-15
1.0507  5.110388E-15
1.05097  5.157291E-15
1.05124  5.126443E-15
1.0515  4.994787E-15
1.05177  4.996096E-15
1.05204  4.980555E-15
1.05231  4.973004E-15
1.05258  4.901790E-15
1.05285  5.007345E-15
1.05312  5.044276E-15
1.05339  5.020097E-15
1.05366  5.091915E-15
1.05393  5.094739E-15
1.0542  5.027515E-15
1.05447  5.072809E-15
1.05474  5.042546E-15
1.05501  4.968508E-15
1.05527  4.983908E-15
1.05554  4.985907E-15
1.05581  4.983871E-15
1.05608  4.938617E-15
1.05635  5.011741E-15
1.05662  5.029184E-15
1.05689  5.049179E-15
1.05716  5.067551E-15
1.05743  5.044863E-15
1.0577  5.041268E-15
1.05797  5.048997E-15
1.05824  5.078429E-15
1.05851  5.036423E-15
1.05877  5.089047E-15
1.05904  4.999318E-15
1.05931  4.996069E-15
1.05958  5.001237E-15
1.05985  4.942311E-15
1.06012  4.960086E-15
1.06039  5.052217E-15
1.06066  4.983175E-15
1.06093  4.980660E-15
1.0612  5.021294E-15
1.06147  5.010185E-15
1.06174  5.034647E-15
1.06201  4.967620E-15
1.06227  4.980389E-15
1.06254  4.982724E-15
1.06281  4.939123E-15
1.06308  4.995055E-15
1.06335  5.009972E-15
1.06362  4.920023E-15
1.06389  4.983664E-15
1.06416  4.933201E-15
1.06443  4.967182E-15
1.0647  4.944749E-15
1.06497  5.031032E-15
1.06524  4.906814E-15
1.0655  5.007237E-15
1.06577  4.924344E-15
1.06604  5.024791E-15
1.06631  5.077417E-15
1.06658  5.080764E-15
1.06685  5.030089E-15
1.06712  5.089192E-15
1.06739  5.171666E-15
1.06766  4.980503E-15
1.06793  5.201260E-15
1.0682  5.141560E-15
1.06846  5.246609E-15
1.06873  5.144797E-15
1.069  5.300238E-15
1.06927  5.224797E-15
1.06954  5.104885E-15
1.06981  5.144588E-15
1.07008  5.168795E-15
1.07035  5.054522E-15
1.07062  5.043098E-15
1.07089  5.077690E-15
1.07116  4.960020E-15
1.07142  5.048088E-15
1.07169  5.051237E-15
1.07196  5.050980E-15
1.07223  5.041187E-15
1.0725  4.931351E-15
1.07277  4.959779E-15
1.07304  4.940943E-15
1.07331  4.953347E-15
1.07358  5.015655E-15
1.07385  4.992225E-15
1.07412  4.889879E-15
1.07438  4.956783E-15
1.07465  4.870202E-15
1.07492  4.992190E-15
1.07519  4.946935E-15
1.07546  4.862479E-15
1.07573  4.802597E-15
1.076  4.839762E-15
1.07627  4.857587E-15
1.07654  4.846485E-15
1.07681  4.822529E-15
1.07708  4.936273E-15
1.07734  4.825434E-15
1.07761  4.826968E-15
1.07788  4.900852E-15
1.07815  4.903804E-15
1.07842  4.951435E-15
1.07869  4.809540E-15
1.07896  4.796782E-15
1.07923  4.870941E-15
1.0795  4.865553E-15
1.07977  4.930929E-15
1.08003  4.981094E-15
1.0803  4.891267E-15
1.08057  4.959552E-15
1.08084  4.965082E-15
1.08111  4.942667E-15
1.08138  4.938030E-15
1.08165  5.002583E-15
1.08192  4.982130E-15
1.08219  4.957712E-15
1.08246  5.000069E-15
1.08272  4.975947E-15
1.08299  4.935121E-15
1.08326  4.902147E-15
1.08353  4.944315E-15
1.0838  4.911508E-15
1.08407  4.925535E-15
1.08434  4.870875E-15
1.08461  5.003414E-15
1.08488  4.946594E-15
1.08515  4.972642E-15
1.08541  4.948139E-15
1.08568  4.964512E-15
1.08595  4.996602E-15
1.08622  4.987761E-15
1.08649  4.899807E-15
1.08676  4.942666E-15
1.08703  4.963703E-15
1.0873  4.959568E-15
1.08757  4.977338E-15
1.08783  4.975442E-15
1.0881  5.009948E-15
1.08837  5.097158E-15
1.08864  5.069494E-15
1.08891  5.066496E-15
1.08918  5.084795E-15
1.08945  5.125651E-15
1.08972  4.990470E-15
1.08999  5.092873E-15
1.09026  5.040433E-15
1.09052  5.178370E-15
1.09079  5.129017E-15
1.09106  5.216984E-15
1.09133  5.198587E-15
1.0916  5.268104E-15
1.09187  5.303297E-15
1.09214  5.308267E-15
1.09241  5.346514E-15
1.09268  5.350858E-15
1.09294  5.226001E-15
1.09321  5.354114E-15
1.09348  5.419240E-15
1.09375  5.506737E-15
1.09402  5.586984E-15
1.09429  5.664598E-15
1.09456  5.792401E-15
1.09483  5.780706E-15
1.0951  5.950725E-15
1.09536  5.876973E-15
1.09563  5.867770E-15
1.0959  5.993484E-15
1.09617  6.045521E-15
1.09644  6.237641E-15
1.09671  6.307370E-15
1.09698  6.510357E-15
1.09725  6.610188E-15
1.09752  6.891096E-15
1.09778  6.946632E-15
1.09805  7.161243E-15
1.09832  7.449106E-15
1.09859  7.641638E-15
1.09886  7.934675E-15
1.09913  8.335388E-15
1.0994  8.813553E-15
1.09967  9.410738E-15
1.09993  1.023495E-14
1.1002  1.133179E-14
1.10047  1.221953E-14
1.10074  1.291124E-14
1.10101  1.287547E-14
1.10128  1.228274E-14
1.10155  1.145555E-14
1.10182  1.057719E-14
1.10209  9.645749E-15
1.10235  8.951949E-15
1.10262  8.627167E-15
1.10289  8.466218E-15
1.10316  8.256131E-15
1.10343  8.068850E-15
1.1037  7.868752E-15
1.10397  7.733659E-15
1.10424  7.552139E-15
1.10451  7.364601E-15
1.10477  7.195773E-15
1.10504  6.886185E-15
1.10531  6.788163E-15
1.10558  6.703341E-15
1.10585  6.512903E-15
1.10612  6.490606E-15
1.10639  6.427473E-15
1.10666  6.289184E-15
1.10692  6.387141E-15
1.10719  6.204853E-15
1.10746  6.154726E-15
1.10773  6.221129E-15
1.108  6.176995E-15
1.10827  6.100275E-15
1.10854  6.095361E-15
1.10881  6.205802E-15
1.10907  6.193815E-15
1.10934  6.244883E-15
1.10961  6.324127E-15
1.10988  6.243107E-15
1.11015  6.293452E-15
1.11042  6.140754E-15
1.11069  6.199582E-15
1.11096  6.406664E-15
1.11123  6.847292E-15
1.11149  7.067584E-15
1.11176  7.163028E-15
1.11203  7.292708E-15
1.1123  7.188450E-15
1.11257  6.893444E-15
1.11284  6.641696E-15
1.11311  6.337290E-15
1.11338  6.113157E-15
1.11364  5.974488E-15
1.11391  5.917550E-15
1.11418  5.850750E-15
1.11445  5.681396E-15
1.11472  5.641937E-15
1.11499  5.499198E-15
1.11526  5.419773E-15
1.11553  5.339046E-15
1.11579  5.333027E-15
1.11606  5.307826E-15
1.11633  5.074178E-15
1.1166  5.026576E-15
1.11687  5.067381E-15
1.11714  5.022104E-15
1.11741  5.115343E-15
1.11768  4.943700E-15
1.11794  4.999277E-15
1.11821  4.926913E-15
1.11848  4.850198E-15
1.11875  4.875639E-15
1.11902  4.823518E-15
1.11929  4.839408E-15
1.11956  4.658947E-15
1.11983  4.820613E-15
1.12009  4.843754E-15
1.12036  4.705740E-15
1.12063  4.769494E-15
1.1209  4.814793E-15
1.12117  4.771052E-15
1.12144  4.709557E-15
1.12171  4.618188E-15
1.12198  4.663549E-15
1.12224  4.602145E-15
1.12251  4.792912E-15
1.12278  4.673110E-15
1.12305  4.523584E-15
1.12332  4.511403E-15
1.12359  4.635125E-15
1.12386  4.624776E-15
1.12413  4.653056E-15
1.12439  4.658608E-15
1.12466  4.743859E-15
1.12493  4.421580E-15
1.1252  4.638619E-15
1.12547  4.612623E-15
1.12574  4.417157E-15
1.12601  4.547984E-15
1.12627  4.720703E-15
1.12654  4.551926E-15
1.12681  4.589052E-15
1.12708  4.509384E-15
1.12735  4.524096E-15
1.12762  4.552820E-15
1.12789  4.601999E-15
1.12816  4.731704E-15
1.1283  4.712304E-15
1.12863  4.751292E-15
1.12895  4.632239E-15
1.12928  4.770361E-15
1.1296  4.715388E-15
1.12993  4.747160E-15
1.13025  4.719877E-15
1.13058  4.797942E-15
1.1309  4.739456E-15
1.13123  4.773546E-15
1.13156  4.724967E-15
1.13188  4.761495E-15
1.13221  4.771376E-15
1.13253  4.760310E-15
1.13286  4.682388E-15
1.13318  4.784132E-15
1.13351  4.672736E-15
1.13383  4.527900E-15
1.13416  4.424682E-15
1.13448  4.534695E-15
1.13481  4.561729E-15
1.13513  4.558764E-15
1.13546  4.638404E-15
1.13578  4.720500E-15
1.13611  4.726874E-15
1.13643  4.618247E-15
1.13676  4.641655E-15
1.13708  4.604969E-15
1.13741  4.620188E-15
1.13773  4.563736E-15
1.13806  4.574743E-15
1.13838  4.676054E-15
1.13871  4.783403E-15
1.13903  4.658521E-15
1.13936  4.662430E-15
1.13968  4.787960E-15
1.14001  4.745055E-15
1.14033  4.693135E-15
1.14066  4.731954E-15
1.14098  4.768661E-15
1.14131  4.676444E-15
1.14163  4.797977E-15
1.14196  4.772469E-15
1.14228  4.811274E-15
1.14261  4.741156E-15
1.14293  4.779898E-15
1.14326  4.797961E-15
1.14358  4.753839E-15
1.14391  4.804423E-15
1.14423  4.759326E-15
1.14456  4.873671E-15
1.14488  4.908143E-15
1.14521  5.006871E-15
1.14553  5.114002E-15
1.14586  5.070294E-15
1.14618  5.116429E-15
1.14651  5.192467E-15
1.14683  5.135972E-15
1.14716  5.217706E-15
1.14748  5.288780E-15
1.14781  5.352935E-15
1.14813  5.251887E-15
1.14846  5.371429E-15
1.14878  5.348585E-15
1.14911  5.204579E-15
1.14943  5.235429E-15
1.14976  5.230646E-15
1.15008  5.100272E-15
1.15041  5.090543E-15
1.15073  5.130616E-15
1.15106  5.076244E-15
1.15138  5.001242E-15
1.1517  4.968345E-15
1.15203  4.825492E-15
1.15235  4.881720E-15
1.15268  4.827348E-15
1.153  4.808460E-15
1.15333  4.776430E-15
1.15365  4.688615E-15
1.15398  4.707200E-15
1.1543  4.734581E-15
1.15463  4.730786E-15
1.15495  4.640224E-15
1.15528  4.727357E-15
1.1556  4.754309E-15
1.15593  4.718076E-15
1.15625  4.687927E-15
1.15658  4.709036E-15
1.1569  4.613744E-15
1.15722  4.618310E-15
1.15755  4.660382E-15
1.15787  4.684786E-15
1.1582  4.635372E-15
1.15852  4.636882E-15
1.15885  4.642080E-15
1.15917  4.732710E-15
1.1595  4.619577E-15
1.15982  4.630980E-15
1.16015  4.633216E-15
1.16047  4.682952E-15
1.1608  4.719051E-15
1.16112  4.724010E-15
1.16144  4.766708E-15
1.16177  4.789368E-15
1.16209  4.772901E-15
1.16242  4.753742E-15
1.16274  4.749174E-15
1.16307  4.786639E-15
1.16339  4.796801E-15
1.16372  4.837391E-15
1.16404  4.847927E-15
1.16437  4.815679E-15
1.16469  4.891259E-15
1.16501  4.851492E-15
1.16534  4.911931E-15
1.16566  5.026336E-15
1.16599  4.949502E-15
1.16631  4.933162E-15
1.16664  4.894195E-15
1.16696  4.820902E-15
1.16729  4.826387E-15
1.16761  4.787406E-15
1.16793  4.777437E-15
1.16826  4.793808E-15
1.16858  4.765870E-15
1.16891  4.760356E-15
1.16923  4.775461E-15
1.16956  4.837332E-15
1.16988  4.802334E-15
1.17021  4.818879E-15
1.17053  4.820772E-15
1.17085  4.867270E-15
1.17118  4.859367E-15
1.1715  4.846543E-15
1.17183  4.810705E-15
1.17215  4.783791E-15
1.17248  4.825445E-15
1.1728  4.821004E-15
1.17312  4.821204E-15
1.17345  4.831901E-15
1.17377  4.815799E-15
1.1741  4.862889E-15
1.17442  4.834928E-15
1.17475  4.878384E-15
1.17507  4.921695E-15
1.17539  4.938226E-15
1.17572  4.898418E-15
1.17604  4.893831E-15
1.17637  4.890021E-15
1.17669  4.909085E-15
1.17702  4.891903E-15
1.17734  4.820759E-15
1.17766  4.848824E-15
1.17799  4.806905E-15
1.17831  4.802352E-15
1.17864  4.787291E-15
1.17896  4.770167E-15
1.17929  4.739338E-15
1.17961  4.738119E-15
1.17993  4.761180E-15
1.18026  4.788753E-15
1.18058  4.809135E-15
1.18091  4.836083E-15
1.18123  4.891723E-15
1.18155  4.858513E-15
1.18188  4.905346E-15
1.1822  4.857885E-15
1.18253  4.872230E-15
1.18285  4.855463E-15
1.18318  4.824546E-15
1.1835  4.894876E-15
1.18382  4.843932E-15
1.18415  4.868562E-15
1.18447  4.916472E-15
1.1848  4.864978E-15
1.18512  4.867639E-15
1.18544  4.899109E-15
1.18577  4.891151E-15
1.18609  4.907946E-15
1.18642  4.893544E-15
1.18674  4.881480E-15
1.18706  4.863678E-15
1.18739  4.860495E-15
1.18771  4.840110E-15
1.18804  4.840518E-15
1.18836  4.805058E-15
1.18868  4.836327E-15
1.18901  4.860339E-15
1.18933  4.893713E-15
1.18966  4.909029E-15
1.18998  4.886343E-15
1.1903  4.900884E-15
1.19063  4.873134E-15
1.19095  4.859257E-15
1.19128  4.912234E-15
1.1916  4.897818E-15
1.19192  4.889233E-15
1.19225  4.925265E-15
1.19257  4.936724E-15
1.1929  4.912181E-15
1.19322  4.898638E-15
1.19354  4.879204E-15
1.19387  4.900110E-15
1.19419  4.911982E-15
1.19452  4.887307E-15
1.19484  4.891732E-15
1.19516  4.866885E-15
1.19549  4.884781E-15
1.19581  4.870069E-15
1.19614  4.865966E-15
1.19646  4.825677E-15
1.19678  4.777424E-15
1.19711  4.766280E-15
1.19743  4.796387E-15
1.19776  4.775463E-15
1.19808  4.822898E-15
1.1984  4.797922E-15
1.19873  4.838374E-15
1.19905  4.793185E-15
1.19937  4.790704E-15
1.1997  4.851232E-15
1.20002  4.905713E-15
1.20035  4.861136E-15
1.20067  4.875008E-15
1.20099  4.834522E-15
1.20132  4.842190E-15
1.20164  4.829029E-15
1.20196  4.719258E-15
1.20229  4.693914E-15
1.20261  4.714993E-15
1.20294  4.743691E-15
1.20326  4.722041E-15
1.20358  4.770875E-15
1.20391  4.806787E-15
1.20423  4.864680E-15
1.20455  4.886408E-15
1.20488  4.977867E-15
1.2052  4.927113E-15
1.20553  4.949594E-15
1.20585  4.935398E-15
1.20617  4.934296E-15
1.2065  4.965504E-15
1.20682  5.024788E-15
1.20714  5.173346E-15
1.20747  5.216586E-15
1.20779  5.225265E-15
1.20812  5.193369E-15
1.20844  5.187173E-15
1.20876  5.096165E-15
1.20909  5.030740E-15
1.20941  4.938649E-15
1.20973  4.903850E-15
1.21006  4.987834E-15
1.21038  4.966624E-15
1.2107  5.003426E-15
1.21103  4.953141E-15
1.21135  4.963482E-15
1.21168  4.890885E-15
1.212  4.906274E-15
1.21232  4.920844E-15
1.21265  4.875995E-15
1.21297  4.917158E-15
1.21329  4.922721E-15
1.21362  4.944615E-15
1.21394  4.837364E-15
1.21426  4.888131E-15
1.21459  4.820831E-15
1.21491  4.815991E-15
1.21524  4.842362E-15
1.21556  4.836683E-15
1.21588  4.861220E-15
1.21621  4.791252E-15
1.21653  4.800143E-15
1.21685  4.792361E-15
1.21718  4.742293E-15
1.2175  4.716577E-15
1.21782  4.750014E-15
1.21815  4.770674E-15
1.21847  4.766364E-15
1.21879  4.798991E-15
1.21912  4.817235E-15
1.21944  4.815112E-15
1.21976  4.807901E-15
1.22009  4.877624E-15
1.22041  4.851889E-15
1.22073  4.836411E-15
1.22106  4.862092E-15
1.22138  4.854446E-15
1.22171  4.863654E-15
1.22203  4.846208E-15
1.22235  4.834462E-15
1.22268  4.817140E-15
1.223  4.785692E-15
1.22332  4.787775E-15
1.22365  4.796590E-15
1.22397  4.838118E-15
1.22429  4.852972E-15
1.22462  4.853561E-15
1.22494  4.900565E-15
1.22526  4.904719E-15
1.22559  4.930124E-15
1.22591  4.897695E-15
1.22623  4.950941E-15
1.22656  4.934398E-15
1.22688  4.919090E-15
1.2272  4.888911E-15
1.22753  4.864146E-15
1.22785  4.869222E-15
1.22817  4.813061E-15
1.2285  4.843901E-15
1.22882  4.804519E-15
1.22914  4.846959E-15
1.22947  4.929411E-15
1.22979  4.853049E-15
1.23011  4.830238E-15
1.23044  4.839505E-15
1.23076  4.798635E-15
1.23108  4.836008E-15
1.23141  4.825167E-15
1.23173  4.858149E-15
1.23205  4.847185E-15
1.23238  4.851005E-15
1.2327  4.935425E-15
1.23302  4.893430E-15
1.23335  4.911372E-15
1.23367  4.952851E-15
1.23399  4.966238E-15
1.23432  4.925382E-15
1.23464  4.941130E-15
1.23496  4.903735E-15
1.23529  4.924710E-15
1.23561  4.960522E-15
1.23593  4.939496E-15
1.23626  4.894596E-15
1.23658  4.925966E-15
1.2369  4.910614E-15
1.23723  4.938564E-15
1.23755  4.892127E-15
1.23787  4.879179E-15
1.23819  4.925339E-15
1.23852  4.879233E-15
1.23884  4.934999E-15
1.23916  4.889527E-15
1.23949  4.907787E-15
1.23981  4.907985E-15
1.24013  4.860416E-15
1.24046  4.843649E-15
1.24078  4.937602E-15
1.2411  4.925225E-15
1.24143  4.947644E-15
1.24175  4.902996E-15
1.24207  4.829225E-15
1.2424  4.897710E-15
1.24272  4.901862E-15
1.24304  4.924375E-15
1.24337  4.855884E-15
1.24369  4.834837E-15
1.24401  4.897121E-15
1.24433  4.891391E-15
1.24466  4.890357E-15
1.24498  4.896734E-15
1.2453  4.897100E-15
1.24563  4.929004E-15
1.24595  4.919808E-15
1.24627  4.962754E-15
1.2466  4.959939E-15
1.24692  4.941616E-15
1.24724  4.960710E-15
1.24757  4.937408E-15
1.24789  4.942958E-15
1.24821  4.904428E-15
1.24853  4.871880E-15
1.24886  4.904080E-15
1.24918  4.932072E-15
1.2495  4.900580E-15
1.24983  4.904710E-15
1.25015  4.928251E-15
1.25047  4.943183E-15
1.2508  4.926755E-15
1.25112  4.909585E-15
1.25144  4.895892E-15
1.25177  4.892479E-15
1.25209  4.883442E-15
1.25241  4.899264E-15
1.25273  4.947930E-15
1.25306  4.936604E-15
1.25338  4.937435E-15
1.2537  4.936135E-15
1.25403  4.923765E-15
1.25435  4.891278E-15
1.25467  4.875207E-15
1.25499  4.879184E-15
1.25532  4.864685E-15
1.25564  4.949621E-15
1.25596  4.939271E-15
1.25629  4.929344E-15
1.25661  4.972758E-15
1.25693  4.943253E-15
1.25726  4.964923E-15
1.25758  4.999182E-15
1.2579  4.991688E-15
1.25822  4.966983E-15
1.25855  4.961534E-15
1.25887  4.890829E-15
1.25919  4.960457E-15
1.25952  4.906774E-15
1.25984  4.914100E-15
1.26016  4.944613E-15
1.26048  4.879425E-15
1.26081  4.880741E-15
1.26113  4.864066E-15
1.26145  4.887961E-15
1.26178  4.876671E-15
1.2621  4.931100E-15
1.26242  4.849766E-15
1.26274  4.857848E-15
1.26307  4.849962E-15
1.26339  4.798961E-15
1.26371  4.810579E-15
1.26404  4.816850E-15
1.26436  4.822523E-15
1.26468  4.792938E-15
1.265  4.797980E-15
1.26533  4.861583E-15
1.26565  4.830613E-15
1.26597  4.842933E-15
1.2663  4.920542E-15
1.26662  4.905732E-15
1.26694  4.900559E-15
1.26726  4.944958E-15
1.26759  4.857271E-15
1.26791  4.831277E-15
1.26823  4.844403E-15
1.26856  4.998588E-15
1.26888  4.819305E-15
1.2692  4.871435E-15
1.26952  4.992804E-15
1.26985  4.964823E-15
1.27017  4.940516E-15
1.27049  4.986832E-15
1.27081  4.997081E-15
1.27114  4.947085E-15
1.27146  5.008833E-15
1.27178  5.048695E-15
1.27211  5.002484E-15
1.27243  5.056920E-15
1.27275  5.002494E-15
1.27307  4.971275E-15
1.2734  4.921440E-15
1.27372  5.008793E-15
1.27404  4.928905E-15
1.27437  4.867393E-15
1.27469  4.911377E-15
1.27501  4.884471E-15
1.27533  4.965722E-15
1.27566  4.980174E-15
1.27598  5.002658E-15
1.2763  5.141406E-15
1.27662  5.458140E-15
1.27695  5.672440E-15
1.27727  5.686182E-15
1.27759  5.788941E-15
1.27791  5.757748E-15
1.27824  5.658476E-15
1.27856  5.340405E-15
1.27888  5.095823E-15
1.27921  4.971981E-15
1.27953  4.971440E-15
1.27985  4.829357E-15
1.28017  4.893719E-15
1.2805  4.883950E-15
1.28082  4.860658E-15
1.28114  4.811349E-15
1.28146  4.921440E-15
1.28179  4.911887E-15
1.28211  4.990244E-15
1.28243  4.949326E-15
1.28275  4.989235E-15
1.28308  4.984973E-15
1.2834  4.988854E-15
1.28372  4.921190E-15
1.28404  4.903253E-15
1.28437  4.970215E-15
1.28469  4.936057E-15
1.28501  4.890145E-15
1.28534  4.943076E-15
1.28566  4.889850E-15
1.28598  4.925354E-15
1.2863  4.910373E-15
1.28663  4.916970E-15
1.28695  4.903756E-15
1.28727  4.959990E-15
1.28759  4.929918E-15
1.28792  4.921743E-15
1.28824  4.859671E-15
1.28856  4.840684E-15
1.28888  4.887393E-15
1.28921  4.875749E-15
1.28953  4.862155E-15
1.28985  4.892293E-15
1.29017  4.928856E-15
1.2905  4.931662E-15
1.29082  4.997741E-15
1.29114  5.018271E-15
1.29146  5.002291E-15
1.29179  5.018213E-15
1.29211  5.044091E-15
1.29243  5.039369E-15
1.29275  5.004221E-15
1.29308  5.049999E-15
1.2934  5.021120E-15
1.29372  5.069263E-15
1.29404  4.995411E-15
1.29437  4.961607E-15
1.29469  4.985729E-15
1.29501  5.017761E-15
1.29533  4.997580E-15
1.29566  5.087902E-15
1.29598  5.047214E-15
1.2963  5.139145E-15
1.29662  5.139916E-15
1.29695  5.249427E-15
1.29727  5.235864E-15
1.29759  5.300642E-15
1.29791  5.335032E-15
1.29824  5.460714E-15
1.29856  5.478942E-15
1.29888  5.604652E-15
1.2992  5.640491E-15
1.29953  5.814949E-15
1.29985  5.838509E-15
1.30017  5.912896E-15
1.30049  5.981737E-15
1.30082  6.037968E-15
1.30114  6.156331E-15
1.30146  6.342520E-15
1.30178  6.569763E-15
1.30211  7.271654E-15
1.30243  7.767667E-15
1.30275  8.200074E-15
1.30307  8.314044E-15
1.3034  8.241498E-15
1.30372  7.973147E-15
1.30404  7.397188E-15
1.30436  6.857487E-15
1.30468  6.412294E-15
1.30501  6.277893E-15
1.30533  6.258593E-15
1.30565  6.098921E-15
1.30597  6.043301E-15
1.3063  5.952688E-15
1.30662  5.862182E-15
1.30694  5.818592E-15
1.30726  5.718058E-15
1.30759  5.678246E-15
1.30791  5.621047E-15
1.30823  5.612203E-15
1.30855  5.536613E-15
1.30888  5.397610E-15
1.3092  5.389555E-15
1.30952  5.305693E-15
1.30984  5.269019E-15
1.31017  5.184530E-15
1.31049  5.161172E-15
1.31081  5.080776E-15
1.31113  5.084944E-15
1.31145  5.069339E-15
1.31178  5.039810E-15
1.3121  4.990771E-15
1.31242  5.061316E-15
1.31274  4.965034E-15
1.31307  5.025618E-15
1.31339  4.989852E-15
1.31371  5.013411E-15
1.31403  5.027527E-15
1.31436  5.042065E-15
1.31468  4.981927E-15
1.315  5.009210E-15
1.31532  5.063537E-15
1.31564  5.072865E-15
1.31597  5.070386E-15
1.31629  5.098090E-15
1.31661  5.070097E-15
1.31693  5.077825E-15
1.31726  5.042908E-15
1.31758  5.030320E-15
1.3179  5.009118E-15
1.31822  4.973606E-15
1.31855  4.938351E-15
1.31887  4.965653E-15
1.31919  4.901647E-15
1.31951  4.937480E-15
1.31983  4.893130E-15
1.32016  5.009760E-15
1.32048  4.968939E-15
1.3208  4.914810E-15
1.32112  4.930121E-15
1.32145  4.912791E-15
1.32177  4.857066E-15
1.32209  4.889120E-15
1.32241  4.861240E-15
1.32273  4.858581E-15
1.32306  4.861595E-15
1.32338  4.859081E-15
1.3237  4.826395E-15
1.32402  4.942196E-15
1.32435  4.880585E-15
1.32467  4.871191E-15
1.32499  4.854753E-15
1.32531  4.860491E-15
1.32564  4.841783E-15
1.32596  4.870604E-15
1.32628  4.889101E-15
1.3266  4.922460E-15
1.32692  4.859661E-15
1.32725  4.898731E-15
1.32757  4.865947E-15
1.32789  4.924986E-15
1.32821  4.898009E-15
1.32853  4.817383E-15
1.32886  4.909678E-15
1.32918  4.862993E-15
1.3295  4.853200E-15
1.32982  4.869447E-15
1.33015  4.898324E-15
1.33047  4.860450E-15
1.33079  4.840468E-15
1.33111  4.845288E-15
1.33143  4.811839E-15
1.33176  4.759302E-15
1.33208  4.812651E-15
1.3324  4.920271E-15
1.33272  4.910024E-15
1.33305  4.822470E-15
1.33337  4.869578E-15
1.33369  4.826666E-15
1.33401  4.782827E-15
1.33433  4.753425E-15
1.33466  4.748057E-15
1.33498  4.811712E-15
1.3353  4.766040E-15
1.33562  4.845788E-15
1.33595  4.863937E-15
1.33627  4.782603E-15
1.33659  4.783836E-15
1.33691  4.812936E-15
1.33723  4.777589E-15
1.33756  4.804522E-15
1.33788  4.813745E-15
1.3382  4.953890E-15
1.33852  4.924954E-15
1.33884  4.995856E-15
1.33917  4.964342E-15
1.33949  4.896996E-15
1.33981  4.825981E-15
1.34013  4.962404E-15
1.34045  4.941420E-15
1.34078  4.916671E-15
1.3411  4.962899E-15
1.34142  4.956955E-15
1.34174  5.096770E-15
1.34207  5.155785E-15
1.34239  5.126935E-15
1.34271  5.199103E-15
1.34303  5.085275E-15
1.34335  4.958452E-15
1.34368  4.908576E-15
1.344  4.843489E-15
1.34432  4.801348E-15
1.34464  4.752961E-15
1.34496  4.854534E-15
1.34529  4.837697E-15
1.34561  4.831076E-15
1.34593  4.818280E-15
1.34625  4.771722E-15
1.34657  4.877411E-15
1.3469  4.754913E-15
1.34722  4.679777E-15
1.34754  4.696305E-15
1.34786  4.636940E-15
1.34819  4.534908E-15
1.34851  4.745022E-15
1.34883  4.836254E-15
1.34915  4.754796E-15
1.34947  4.716693E-15
1.3498  4.623034E-15
1.35012  4.588562E-15
1.35044  4.573701E-15
1.35076  4.553852E-15
1.35108  4.351609E-15
1.35141  4.565061E-15
1.35173  4.550778E-15
1.35205  4.497504E-15
1.35237  4.451959E-15
1.35269  4.587584E-15
1.35302  4.429083E-15
1.35334  4.526622E-15
1.35366  4.394536E-15
1.35398  4.354250E-15
1.3543  4.228538E-15
1.35463  4.549834E-15
1.35495  4.234075E-15
1.35527  4.212370E-15
1.35559  4.385076E-15
1.35591  4.598443E-15
1.35624  4.390322E-15
1.35656  4.410187E-15
1.35688  4.436450E-15
1.3572  4.487120E-15
1.35752  4.311845E-15
1.35785  4.185590E-15
1.35817  4.182288E-15
1.35849  4.318445E-15
1.35881  3.995861E-15
1.35913  4.214896E-15
1.35946  4.447636E-15
1.35978  4.512734E-15
1.3601  4.013450E-15
1.36042  4.151495E-15
1.36074  4.374915E-15
1.36107  4.241391E-15
1.36139  3.451097E-15
1.36171  3.333184E-15
1.36203  3.426812E-15
1.36235  4.306086E-15
1.36268  4.692710E-15
1.363  4.568022E-15
1.36332  4.267261E-15
1.36364  4.429875E-15
1.36396  4.134902E-15
1.36429  4.140725E-15
1.36461  4.368955E-15
1.36493  3.508184E-15
1.36525  4.277068E-15
1.36557  4.379088E-15
1.3659  4.231499E-15
1.36622  4.297429E-15
1.36654  4.436092E-15
1.36686  4.180254E-15
1.36718  4.221578E-15
1.36751  3.852737E-15
1.36783  3.560158E-15
1.36815  3.965886E-15
1.36847  4.132791E-15
1.36879  4.403635E-15
1.36912  4.268080E-15
1.36944  4.073242E-15
1.36976  4.288149E-15
1.37008  4.254273E-15
1.3704  3.887715E-15
1.37073  4.136660E-15
1.37105  4.459126E-15
1.37137  3.965300E-15
1.37169  4.259824E-15
1.37201  4.279074E-15
1.37234  4.127822E-15
1.37266  3.955816E-15
1.37298  4.380151E-15
1.3733  4.370588E-15
1.37362  4.237033E-15
1.37395  4.209298E-15
1.37427  4.258057E-15
1.37459  4.318604E-15
1.37491  4.397931E-15
1.37523  4.363030E-15
1.37556  4.310760E-15
1.37588  4.398804E-15
1.3762  4.352281E-15
1.37652  3.892367E-15
1.37684  4.186366E-15
1.37717  4.244025E-15
1.37749  4.316890E-15
1.37781  4.325255E-15
1.37813  4.290874E-15
1.37845  4.372621E-15
1.37877  4.342007E-15
1.3791  4.519647E-15
1.37942  4.235640E-15
1.37974  4.273293E-15
1.38006  4.330473E-15
1.38038  4.211197E-15
1.38071  4.197613E-15
1.38103  4.198165E-15
1.38135  4.027558E-15
1.38167  4.055267E-15
1.38199  4.166169E-15
1.38232  4.094592E-15
1.38264  3.998901E-15
1.38296  3.911054E-15
1.38328  4.258433E-15
1.3836  3.880976E-15
1.38393  4.080320E-15
1.38425  4.063798E-15
1.38457  4.044094E-15
1.38489  4.187059E-15
1.38521  4.201557E-15
1.38554  3.848301E-15
1.38586  4.099890E-15
1.38618  4.314390E-15
1.3865  4.416710E-15
1.38682  4.431875E-15
1.38714  4.152635E-15
1.38747  4.115920E-15
1.38779  4.240366E-15
1.38811  4.317971E-15
1.38843  4.502061E-15
1.38875  4.583038E-15
1.38908  4.462702E-15
1.3894  4.513164E-15
1.38972  4.558407E-15
1.39004  4.459565E-15
1.39036  4.356980E-15
1.39069  4.594103E-15
1.39101  4.535274E-15
1.39133  4.489691E-15
1.39165  4.282866E-15
1.39197  4.360904E-15
1.3923  4.400721E-15
1.39262  4.523137E-15
1.39294  4.604607E-15
1.39326  4.457289E-15
1.39358  4.528190E-15
1.3939  4.482096E-15
1.39423  4.540337E-15
1.39455  4.440574E-15
1.39487  4.527452E-15
1.39519  4.277736E-15
1.39551  3.923497E-15
1.39584  3.912013E-15
1.39616  4.349560E-15
1.39648  4.445900E-15
1.3968  4.569904E-15
1.39712  4.524277E-15
1.39745  4.421118E-15
1.39777  4.370216E-15
1.39809  4.570380E-15
1.39841  4.493047E-15
1.39873  4.348267E-15
1.39906  4.339229E-15
1.39938  4.640751E-15
1.3997  4.359590E-15
1.40002  3.911118E-15
1.40034  4.160847E-15
1.40066  3.952721E-15
1.40099  3.991739E-15
1.40131  4.146397E-15
1.40163  4.649793E-15
1.40195  4.447657E-15
1.40227  4.379470E-15
1.4026  4.503297E-15
1.40292  4.626772E-15
1.40324  4.507102E-15
1.40356  4.384194E-15
1.40388  4.418289E-15
1.40421  4.403460E-15
1.40453  3.910761E-15
1.40485  4.074536E-15
1.40517  4.383863E-15
1.40549  4.493968E-15
1.40581  4.345283E-15
1.40614  4.410838E-15
1.40646  4.172201E-15
1.40678  4.353530E-15
1.4071  4.409365E-15
1.40742  4.530612E-15
1.40775  4.490977E-15
1.40807  4.389758E-15
1.40839  4.593538E-15
1.40871  4.233865E-15
1.40903  4.142545E-15
1.40936  4.323282E-15
1.40968  4.227984E-15
1.41  4.297956E-15
1.41032  4.340375E-15
1.41064  4.377137E-15
1.41096  4.365431E-15
1.41107  4.623214E-15
1.41148  4.439114E-15
1.41188  4.541092E-15
1.41229  4.639755E-15
1.4127  4.533045E-15
1.4131  4.393391E-15
1.41351  4.531190E-15
1.41392  4.498184E-15
1.41432  4.227070E-15
1.41473  4.326181E-15
1.41514  4.451090E-15
1.41554  4.521017E-15
1.41595  4.529584E-15
1.41636  4.548692E-15
1.41676  4.541920E-15
1.41717  4.520156E-15
1.41758  4.522000E-15
1.41798  4.509543E-15
1.41839  4.376061E-15
1.4188  4.414930E-15
1.4192  4.490895E-15
1.41961  4.314021E-15
1.42001  4.359840E-15
1.42042  4.468330E-15
1.42083  4.490592E-15
1.42123  4.509247E-15
1.42164  4.564590E-15
1.42205  4.529034E-15
1.42245  4.480424E-15
1.42286  4.515462E-15
1.42326  4.334868E-15
1.42367  4.499835E-15
1.42408  4.524706E-15
1.42448  4.507596E-15
1.42489  4.471149E-15
1.4253  4.618447E-15
1.4257  4.610618E-15
1.42611  4.601071E-15
1.42651  4.544234E-15
1.42692  4.591993E-15
1.42733  4.541394E-15
1.42773  4.422528E-15
1.42814  4.408092E-15
1.42855  4.523020E-15
1.42895  4.451386E-15
1.42936  4.505711E-15
1.42976  4.559029E-15
1.43017  4.523493E-15
1.43058  4.385314E-15
1.43098  4.478076E-15
1.43139  4.440918E-15
1.43179  4.319530E-15
1.4322  4.467702E-15
1.43261  4.501889E-15
1.43301  4.439453E-15
1.43342  4.402751E-15
1.43382  4.498526E-15
1.43423  4.511809E-15
1.43464  4.494549E-15
1.43504  4.382144E-15
1.43545  4.507191E-15
1.43585  4.428874E-15
1.43626  4.453860E-15
1.43667  4.287337E-15
1.43707  4.284038E-15
1.43748  4.408463E-15
1.43788  4.415118E-15
1.43829  4.378452E-15
1.4387  4.335160E-15
1.4391  4.476481E-15
1.43951  4.487173E-15
1.43991  4.491907E-15
1.44032  4.431847E-15
1.44073  4.477350E-15
1.44113  4.466640E-15
1.44154  4.536255E-15
1.44194  4.331036E-15
1.44235  4.397096E-15
1.44275  4.507538E-15
1.44316  4.500887E-15
1.44357  4.399513E-15
1.44397  4.601868E-15
1.44438  4.531017E-15
1.44478  4.346600E-15
1.44519  4.425382E-15
1.4456  4.549528E-15
1.446  4.404914E-15
1.44641  4.366748E-15
1.44681  4.482786E-15
1.44722  4.511669E-15
1.44762  4.488214E-15
1.44803  4.525396E-15
1.44844  4.531319E-15
1.44884  4.542893E-15
1.44925  4.511303E-15
1.44965  4.457518E-15
1.45006  4.419828E-15
1.45046  4.506180E-15
1.45087  4.619038E-15
1.45127  4.611166E-15
1.45168  4.707658E-15
1.45209  4.737521E-15
1.45249  4.809278E-15
1.4529  4.810965E-15
1.4533  4.816013E-15
1.45371  4.808457E-15
1.45411  4.759052E-15
1.45452  4.655285E-15
1.45492  4.647990E-15
1.45533  4.677778E-15
1.45574  4.641089E-15
1.45614  4.617732E-15
1.45655  4.607951E-15
1.45695  4.597412E-15
1.45736  4.632981E-15
1.45776  4.598648E-15
1.45817  4.580272E-15
1.45857  4.622116E-15
1.45898  4.634085E-15
1.45938  4.600976E-15
1.45979  4.650098E-15
1.4602  4.667314E-15
1.4606  4.602938E-15
1.46101  4.576503E-15
1.46141  4.662938E-15
1.46182  4.674937E-15
1.46222  4.563096E-15
1.46263  4.602254E-15
1.46303  4.574027E-15
1.46344  4.617014E-15
1.46384  4.580069E-15
1.46425  4.604646E-15
1.46465  4.591225E-15
1.46506  4.608707E-15
1.46546  4.582421E-15
1.46587  4.474164E-15
1.46628  4.559315E-15
1.46668  4.505691E-15
1.46709  4.487866E-15
1.46749  4.528890E-15
1.4679  4.573053E-15
1.4683  4.590289E-15
1.46871  4.527140E-15
1.46911  4.571693E-15
1.46952  4.591185E-15
1.46992  4.469443E-15
1.47033  4.421861E-15
1.47073  4.678476E-15
1.47114  4.578017E-15
1.47154  4.506930E-15
1.47195  4.660124E-15
1.47235  4.706088E-15
1.47276  4.606423E-15
1.47316  4.611996E-15
1.47357  4.663654E-15
1.47397  4.655964E-15
1.47438  4.668884E-15
1.47478  4.652418E-15
1.47519  4.628398E-15
1.47559  4.652599E-15
1.476  4.618448E-15
1.4764  4.627212E-15
1.47681  4.587540E-15
1.47721  4.583466E-15
1.47762  4.558913E-15
1.47802  4.598467E-15
1.47843  4.512963E-15
1.47883  4.552650E-15
1.47924  4.581693E-15
1.47964  4.494397E-15
1.48005  4.522044E-15
1.48045  4.595114E-15
1.48086  4.505665E-15
1.48126  4.582951E-15
1.48167  4.675166E-15
1.48207  4.672825E-15
1.48248  4.588254E-15
1.48288  4.711282E-15
1.48329  4.644691E-15
1.48369  4.605009E-15
1.4841  4.537025E-15
1.4845  4.530037E-15
1.48491  4.476934E-15
1.48531  4.524866E-15
1.48572  4.455111E-15
1.48612  4.526692E-15
1.48653  4.523983E-15
1.48693  4.554920E-15
1.48734  4.516493E-15
1.48774  4.612706E-15
1.48815  4.620350E-15
1.48855  4.578025E-15
1.48896  4.603983E-15
1.48936  4.649507E-15
1.48977  4.582221E-15
1.49017  4.574444E-15
1.49058  4.534400E-15
1.49098  4.561917E-15
1.49138  4.583771E-15
1.49179  4.577799E-15
1.49219  4.569367E-15
1.4926  4.630808E-15
1.493  4.579770E-15
1.49341  4.609859E-15
1.49381  4.625719E-15
1.49422  4.621861E-15
1.49462  4.577022E-15
1.49503  4.583710E-15
1.49543  4.577792E-15
1.49584  4.647865E-15
1.49624  4.670474E-15
1.49665  4.655599E-15
1.49705  4.661518E-15
1.49745  4.718797E-15
1.49786  4.679848E-15
1.49826  4.669775E-15
1.49867  4.621379E-15
1.49907  4.657055E-15
1.49948  4.629575E-15
1.49988  4.659906E-15
1.50029  4.660346E-15
1.50069  4.674368E-15
1.5011  4.636592E-15
1.5015  4.630398E-15
1.5019  4.624112E-15
1.50231  4.643219E-15
1.50271  4.639938E-15
1.50312  4.665404E-15
1.50352  4.648369E-15
1.50393  4.667548E-15
1.50433  4.654031E-15
1.50474  4.692295E-15
1.50514  4.699392E-15
1.50555  4.729871E-15
1.50595  4.705935E-15
1.50635  4.714130E-15
1.50676  4.729840E-15
1.50716  4.769250E-15
1.50757  4.689445E-15
1.50797  4.725800E-15
1.50838  4.726978E-15
1.50878  4.732937E-15
1.50918  4.713289E-15
1.50959  4.754573E-15
1.50999  4.736106E-15
1.5104  4.753188E-15
1.5108  4.696729E-15
1.51121  4.694669E-15
1.51161  4.645298E-15
1.51202  4.584073E-15
1.51242  4.559334E-15
1.51282  4.587585E-15
1.51323  4.580972E-15
1.51363  4.676658E-15
1.51404  4.687127E-15
1.51444  4.708690E-15
1.51485  4.719282E-15
1.51525  4.742505E-15
1.51565  4.745767E-15
1.51606  4.757178E-15
1.51646  4.757281E-15
1.51687  4.759844E-15
1.51727  4.759917E-15
1.51768  4.801314E-15
1.51808  4.836971E-15
1.51848  4.792776E-15
1.51889  4.826729E-15
1.51929  4.818047E-15
1.5197  4.767566E-15
1.5201  4.813422E-15
1.5205  4.782710E-15
1.52091  4.800854E-15
1.52131  4.800220E-15
1.52172  4.841008E-15
1.52212  4.785654E-15
1.52253  4.816622E-15
1.52293  4.809570E-15
1.52333  4.836437E-15
1.52374  4.826842E-15
1.52414  4.789316E-15
1.52455  4.829261E-15
1.52495  4.812637E-15
1.52535  4.791308E-15
1.52576  4.770613E-15
1.52616  4.717428E-15
1.52657  4.677106E-15
1.52697  4.638344E-15
1.52737  4.594490E-15
1.52778  4.521813E-15
1.52818  4.584944E-15
1.52859  4.533505E-15
1.52899  4.580747E-15
1.52939  4.560058E-15
1.5298  4.591033E-15
1.5302  4.580644E-15
1.53061  4.636738E-15
1.53101  4.652309E-15
1.53141  4.749028E-15
1.53182  4.740031E-15
1.53222  4.783649E-15
1.53263  4.760541E-15
1.53303  4.815483E-15
1.53343  4.768784E-15
1.53384  4.803546E-15
1.53424  4.723810E-15
1.53465  4.772550E-15
1.53505  4.745509E-15
1.53545  4.788714E-15
1.53586  4.724854E-15
1.53626  4.747698E-15
1.53667  4.730197E-15
1.53707  4.719051E-15
1.53747  4.694380E-15
1.53788  4.732848E-15
1.53828  4.701671E-15
1.53868  4.710384E-15
1.53909  4.696440E-15
1.53949  4.725667E-15
1.5399  4.734459E-15
1.5403  4.756759E-15
1.5407  4.753360E-15
1.54111  4.741660E-15
1.54151  4.687391E-15
1.54192  4.734862E-15
1.54232  4.714098E-15
1.54272  4.750944E-15
1.54313  4.760648E-15
1.54353  4.763674E-15
1.54393  4.738597E-15
1.54434  4.767869E-15
1.54474  4.749636E-15
1.54515  4.795760E-15
1.54555  4.766853E-15
1.54595  4.778360E-15
1.54636  4.724937E-15
1.54676  4.734109E-15
1.54716  4.723326E-15
1.54757  4.733009E-15
1.54797  4.736660E-15
1.54838  4.760039E-15
1.54878  4.711947E-15
1.54918  4.768221E-15
1.54959  4.718633E-15
1.54999  4.768934E-15
1.55039  4.736987E-15
1.5508  4.741948E-15
1.5512  4.706428E-15
1.55161  4.722288E-15
1.55201  4.728673E-15
1.55241  4.750188E-15
1.55282  4.720527E-15
1.55322  4.757426E-15
1.55362  4.730615E-15
1.55403  4.755578E-15
1.55443  4.727487E-15
1.55483  4.773542E-15
1.55524  4.776534E-15
1.55564  4.840143E-15
1.55604  4.828358E-15
1.55645  4.871806E-15
1.55685  4.848151E-15
1.55726  4.874290E-15
1.55766  4.862648E-15
1.55806  4.855472E-15
1.55847  4.856579E-15
1.55887  4.869651E-15
1.55927  4.840231E-15
1.55968  4.858586E-15
1.56008  4.840309E-15
1.56048  4.850205E-15
1.56089  4.829511E-15
1.56129  4.817093E-15
1.56169  4.768300E-15
1.5621  4.808405E-15
1.5625  4.801753E-15
1.5629  4.787739E-15
1.56331  4.761710E-15
1.56371  4.748147E-15
1.56412  4.699265E-15
1.56452  4.704564E-15
1.56492  4.752543E-15
1.56533  4.780604E-15
1.56573  4.731785E-15
1.56613  4.760175E-15
1.56654  4.725026E-15
1.56694  4.752596E-15
1.56734  4.718658E-15
1.56775  4.770504E-15
1.56815  4.722159E-15
1.56855  4.781192E-15
1.56896  4.762960E-15
1.56936  4.837442E-15
1.56976  4.824576E-15
1.57017  4.877319E-15
1.57057  4.863624E-15
1.57097  4.862973E-15
1.57138  4.851478E-15
1.57178  4.866215E-15
1.57218  4.874205E-15
1.57259  4.892954E-15
1.57299  4.885853E-15
1.57339  4.919949E-15
1.5738  4.915519E-15
1.5742  4.949009E-15
1.5746  4.900601E-15
1.57501  4.916031E-15
1.57541  4.867173E-15
1.57581  4.901595E-15
1.57622  4.841230E-15
1.57662  4.864442E-15
1.57702  4.813364E-15
1.57743  4.908161E-15
1.57783  4.906558E-15
1.57823  4.882292E-15
1.57864  4.833006E-15
1.57904  4.847229E-15
1.57944  4.790474E-15
1.57985  4.787757E-15
1.58025  4.710510E-15
1.58065  4.784041E-15
1.58106  4.747576E-15
1.58146  4.761216E-15
1.58186  4.772676E-15
1.58227  4.794267E-15
1.58267  4.707456E-15
1.58307  4.754433E-15
1.58348  4.691450E-15
1.58388  4.690556E-15
1.58428  4.632877E-15
1.58468  4.682944E-15
1.58509  4.654825E-15
1.58549  4.698381E-15
1.58589  4.708172E-15
1.5863  4.768378E-15
1.5867  4.772744E-15
1.5871  4.800926E-15
1.58751  4.811258E-15
1.58791  4.824373E-15
1.58831  4.825096E-15
1.58872  4.852845E-15
1.58912  4.840580E-15
1.58952  4.876496E-15
1.58993  4.858285E-15
1.59033  4.876906E-15
1.59073  4.873278E-15
1.59114  4.905303E-15
1.59154  4.877934E-15
1.59194  4.900085E-15
1.59234  4.870046E-15
1.59275  4.856829E-15
1.59315  4.788817E-15
1.59355  4.827329E-15
1.59396  4.769499E-15
1.59436  4.801186E-15
1.59476  4.760171E-15
1.59517  4.815483E-15
1.59557  4.789294E-15
1.59597  4.862595E-15
1.59638  4.892590E-15
1.59678  4.882620E-15
1.59718  4.849126E-15
1.59758  4.859242E-15
1.59799  4.820837E-15
1.59839  4.830165E-15
1.59879  4.784937E-15
1.5992  4.835037E-15
1.5996  4.788633E-15
1.6  4.793193E-15
1.60041  4.739618E-15
1.60081  4.771086E-15
1.60121  4.709227E-15
1.60161  4.690093E-15
1.60202  4.690539E-15
1.60242  4.621039E-15
1.60282  4.603021E-15
1.60323  4.561351E-15
1.60363  4.451003E-15
1.60403  4.490299E-15
1.60444  4.534594E-15
1.60484  4.558298E-15
1.60524  4.611197E-15
1.60564  4.679634E-15
1.60605  4.674906E-15
1.60645  4.700990E-15
1.60685  4.723167E-15
1.60726  4.766414E-15
1.60766  4.747006E-15
1.60806  4.744907E-15
1.60846  4.679437E-15
1.60887  4.774567E-15
1.60927  4.719255E-15
1.60967  4.738310E-15
1.61008  4.739780E-15
1.61048  4.768510E-15
1.61088  4.775198E-15
1.61128  4.802108E-15
1.61169  4.817938E-15
1.61209  4.870070E-15
1.61249  4.820817E-15
1.6129  4.862688E-15
1.6133  4.861243E-15
1.6137  4.881707E-15
1.6141  4.819006E-15
1.61451  4.783685E-15
1.61491  4.701154E-15
1.61531  4.690271E-15
1.61572  4.649961E-15
1.61612  4.631724E-15
1.61652  4.669944E-15
1.61692  4.697414E-15
1.61733  4.698209E-15
1.61773  4.755603E-15
1.61813  4.737070E-15
1.61854  4.809782E-15
1.61894  4.782750E-15
1.61934  4.823594E-15
1.61974  4.797617E-15
1.62015  4.863892E-15
1.62055  4.822954E-15
1.62095  4.815640E-15
1.62136  4.776469E-15
1.62176  4.786387E-15
1.62216  4.740603E-15
1.62256  4.742054E-15
1.62297  4.669804E-15
1.62337  4.697823E-15
1.62377  4.649638E-15
1.62418  4.643481E-15
1.62458  4.600798E-15
1.62498  4.632805E-15
1.62538  4.616659E-15
1.62579  4.631863E-15
1.62619  4.648868E-15
1.62659  4.665197E-15
1.62699  4.618888E-15
1.6274  4.654593E-15
1.6278  4.669040E-15
1.6282  4.686873E-15
1.62861  4.659653E-15
1.62901  4.691799E-15
1.62941  4.725622E-15
1.62981  4.748943E-15
1.63022  4.731979E-15
1.63062  4.731406E-15
1.63102  4.763734E-15
1.63142  4.780286E-15
1.63183  4.726322E-15
1.63223  4.774098E-15
1.63263  4.724645E-15
1.63303  4.766306E-15
1.63344  4.726033E-15
1.63384  4.752256E-15
1.63424  4.732494E-15
1.63465  4.762386E-15
1.63505  4.771371E-15
1.63545  4.791368E-15
1.63585  4.803584E-15
1.63626  4.874519E-15
1.63666  4.874518E-15
1.63706  4.923147E-15
1.63746  4.915253E-15
1.63787  4.946491E-15
1.63827  4.890561E-15
1.63867  4.876187E-15
1.63907  4.832628E-15
1.63948  4.770075E-15
1.63988  4.777394E-15
1.64028  4.816688E-15
1.64068  4.786757E-15
1.64109  4.817963E-15
1.64149  4.819506E-15
1.64189  4.850345E-15
1.6423  4.824226E-15
1.6427  4.867606E-15
1.6431  4.863865E-15
1.6435  4.864078E-15
1.64391  4.857759E-15
1.64431  4.871956E-15
1.64471  4.774210E-15
1.64511  4.742228E-15
1.64552  4.623663E-15
1.64592  4.617706E-15
1.64632  4.531627E-15
1.64672  4.547288E-15
1.64713  4.506478E-15
1.64753  4.554384E-15
1.64793  4.575420E-15
1.64833  4.631532E-15
1.64874  4.637992E-15
1.64914  4.700367E-15
1.64954  4.656472E-15
1.64994  4.722127E-15
1.65035  4.739644E-15
1.65075  4.677876E-15
1.65115  4.694096E-15
1.65155  4.658287E-15
1.65196  4.659371E-15
1.65236  4.724143E-15
1.65276  4.710154E-15
1.65316  4.765063E-15
1.65357  4.785502E-15
1.65397  4.826553E-15
1.65437  4.796866E-15
1.65477  4.852325E-15
1.65518  4.850362E-15
1.65558  4.863371E-15
1.65598  4.826625E-15
1.65638  4.850230E-15
1.65679  4.841298E-15
1.65719  4.861817E-15
1.65759  4.799035E-15
1.65799  4.816049E-15
1.6584  4.803551E-15
1.6588  4.822057E-15
1.6592  4.796104E-15
1.6596  4.822999E-15
1.66001  4.822722E-15
1.66041  4.819565E-15
1.66081  4.813762E-15
1.66121  4.822499E-15
1.66162  4.835628E-15
1.66202  4.837979E-15
1.66242  4.805590E-15
1.66282  4.827364E-15
1.66323  4.780395E-15
1.66363  4.787579E-15
1.66403  4.765409E-15
1.66443  4.755122E-15
1.66484  4.693729E-15
1.66524  4.719130E-15
1.66564  4.706525E-15
1.66604  4.690517E-15
1.66645  4.667346E-15
1.66685  4.687424E-15
1.66725  4.679989E-15
1.66765  4.699708E-15
1.66806  4.693202E-15
1.66846  4.728511E-15
1.66886  4.761193E-15
1.66926  4.845457E-15
1.66966  5.019147E-15
1.67007  5.266367E-15
1.67047  5.327648E-15
1.67087  5.449946E-15
1.67127  5.394104E-15
1.67168  5.245639E-15
1.67208  5.156671E-15
1.67248  4.991347E-15
1.67288  4.840591E-15
1.67329  4.801191E-15
1.67369  4.753928E-15
1.67409  4.730048E-15
1.67449  4.712654E-15
1.6749  4.725710E-15
1.6753  4.704394E-15
1.6757  4.717134E-15
1.6761  4.767750E-15
1.67651  4.752490E-15
1.67691  4.733351E-15
1.67731  4.847905E-15
1.67771  4.806315E-15
1.67811  4.829973E-15
1.67852  4.804285E-15
1.67892  4.788884E-15
1.67932  4.732434E-15
1.67972  4.668499E-15
1.68013  4.650668E-15
1.68053  4.639589E-15
1.68093  4.636958E-15
1.68133  4.665845E-15
1.68174  4.669166E-15
1.68214  4.699625E-15
1.68254  4.704826E-15
1.68294  4.789179E-15
1.68335  4.803346E-15
1.68375  4.821598E-15
1.68415  4.831445E-15
1.68455  4.829466E-15
1.68495  4.809860E-15
1.68536  4.850701E-15
1.68576  4.816512E-15
1.68616  4.833456E-15
1.68656  4.853423E-15
1.68697  4.799269E-15
1.68737  4.797351E-15
1.68777  4.781739E-15
1.68817  4.743161E-15
1.68858  4.723373E-15
1.68898  4.658622E-15
1.68938  4.607883E-15
1.68978  4.574689E-15
1.69018  4.626752E-15
1.69059  4.610059E-15
1.69099  4.686742E-15
1.69139  4.655784E-15
1.69179  4.680305E-15
1.6922  4.693010E-15
1.6926  4.710077E-15
1.693  4.685951E-15
1.6934  4.662521E-15
1.69381  4.654478E-15
1.69421  4.656126E-15
1.69461  4.674764E-15
1.69501  4.638908E-15
1.69541  4.663744E-15
1.69582  4.717873E-15
1.69622  4.695639E-15
1.69662  4.719555E-15
1.69702  4.737365E-15
1.69743  4.744320E-15
1.69783  4.749470E-15
1.69823  4.783094E-15
1.69863  4.713548E-15
1.69904  4.731633E-15
1.69944  4.711788E-15
1.69984  4.731354E-15
1.70024  4.656297E-15
1.70064  4.712749E-15
1.70105  4.730017E-15
1.70145  4.722730E-15
1.70185  4.740886E-15
1.70225  4.735898E-15
1.70266  4.721597E-15
1.70306  4.719366E-15
1.70346  4.702688E-15
1.70386  4.768723E-15
1.70426  4.803672E-15
1.70467  4.878759E-15
1.70507  4.862662E-15
1.70547  4.908635E-15
1.70587  4.891885E-15
1.70628  4.903003E-15
1.70668  4.888817E-15
1.70708  4.915871E-15
1.70748  4.927031E-15
1.70788  4.917857E-15
1.70829  4.925422E-15
1.70869  4.930193E-15
1.70909  4.913321E-15
1.70949  4.888652E-15
1.7099  4.838096E-15
1.7103  4.844030E-15
1.7107  4.769549E-15
1.7111  4.819355E-15
1.71151  4.752827E-15
1.71191  4.683401E-15
1.71231  4.718559E-15
1.71271  4.716501E-15
1.71311  4.675760E-15
1.71352  4.718480E-15
1.71392  4.706287E-15
1.71432  4.740260E-15
1.71472  4.735712E-15
1.71513  4.743952E-15
1.71553  4.731362E-15
1.71593  4.734020E-15
1.71633  4.712020E-15
1.71673  4.750165E-15
1.71714  4.724898E-15
1.71754  4.701521E-15
1.71794  4.692432E-15
1.71834  4.755796E-15
1.71875  4.732571E-15
1.71915  4.757549E-15
1.71955  4.791529E-15
1.71995  4.785583E-15
1.72035  4.798987E-15
1.72076  4.789254E-15
1.72116  4.798474E-15
1.72156  4.747237E-15
1.72196  4.760642E-15
1.72237  4.747970E-15
1.72277  4.736780E-15
1.72317  4.772799E-15
1.72357  4.746404E-15
1.72397  4.751694E-15
1.72438  4.760239E-15
1.72478  4.700404E-15
1.72518  4.672224E-15
1.72558  4.758417E-15
1.72599  4.711572E-15
1.72639  4.724221E-15
1.72679  4.729563E-15
1.72719  4.759864E-15
1.72759  4.731685E-15
1.728  4.775098E-15
1.7284  4.718266E-15
1.7288  4.712619E-15
1.7292  4.712379E-15
1.7296  4.705395E-15
1.73001  4.740878E-15
1.73041  4.734312E-15
1.73081  4.709655E-15
1.73121  4.736506E-15
1.73162  4.730123E-15
1.73202  4.768330E-15
1.73242  4.761162E-15
1.73282  4.763555E-15
1.73322  4.720656E-15
1.73363  4.687419E-15
1.73403  4.662744E-15
1.73443  4.619306E-15
1.73483  4.602559E-15
1.73524  4.559051E-15
1.73564  4.554803E-15
1.73604  4.552280E-15
1.73644  4.607910E-15
1.73684  4.601571E-15
1.73725  4.603760E-15
1.73765  4.671561E-15
1.73805  4.642787E-15
1.73845  4.645885E-15
1.73886  4.564509E-15
1.73926  4.580410E-15
1.73966  4.605554E-15
1.74006  4.611948E-15
1.74046  4.632133E-15
1.74087  4.676302E-15
1.74127  4.680307E-15
1.74167  4.721803E-15
1.74207  4.711883E-15
1.74248  4.764354E-15
1.74288  4.766869E-15
1.74328  4.767558E-15
1.74368  4.702950E-15
1.74408  4.721124E-15
1.74449  4.661280E-15
1.74489  4.673956E-15
1.74529  4.682338E-15
1.74569  4.626740E-15
1.7461  4.621319E-15
1.7465  4.647021E-15
1.7469  4.587396E-15
1.7473  4.599236E-15
1.7477  4.614187E-15
1.74811  4.646293E-15
1.74851  4.623247E-15
1.74891  4.650908E-15
1.74931  4.648864E-15
1.74972  4.632529E-15
1.75012  4.617145E-15
1.75052  4.561787E-15
1.75092  4.585162E-15
1.75132  4.611556E-15
1.75173  4.608584E-15
1.75213  4.590936E-15
1.75253  4.610425E-15
1.75293  4.663428E-15
1.75334  4.646360E-15
1.75374  4.636454E-15
1.75414  4.638542E-15
1.75454  4.627524E-15
1.75494  4.659740E-15
1.75535  4.668528E-15
1.75575  4.642823E-15
1.75615  4.666105E-15
1.75655  4.605715E-15
1.75696  4.605405E-15
1.75736  4.600650E-15
1.75776  4.602309E-15
1.75816  4.563186E-15
1.75856  4.576523E-15
1.75897  4.539959E-15
1.75937  4.538376E-15
1.75977  4.517294E-15
1.76017  4.442878E-15
1.76058  4.462558E-15
1.76098  4.503001E-15
1.76138  4.449491E-15
1.76178  4.464511E-15
1.76218  4.512837E-15
1.76259  4.492888E-15
1.76299  4.564647E-15
1.76339  4.613736E-15
1.76379  4.622584E-15
1.7642  4.711145E-15
1.7646  4.749168E-15
1.765  4.753457E-15
1.7654  4.759216E-15
1.7658  4.690178E-15
1.76621  4.667792E-15
1.76661  4.618069E-15
1.76701  4.645435E-15
1.76741  4.621012E-15
1.76782  4.567619E-15
1.76822  4.471902E-15
1.76862  4.401024E-15
1.76902  4.353946E-15
1.76942  4.345259E-15
1.76983  4.344442E-15
1.77023  4.290259E-15
1.77063  4.327343E-15
1.77103  4.332828E-15
1.77144  4.363141E-15
1.77184  4.415180E-15
1.77224  4.425998E-15
1.77264  4.432360E-15
1.77304  4.411967E-15
1.77345  4.391106E-15
1.77385  4.399843E-15
1.77425  4.359438E-15
1.77465  4.344022E-15
1.77506  4.286540E-15
1.77546  4.325660E-15
1.77586  4.371305E-15
1.77626  4.417315E-15
1.77666  4.409720E-15
1.77707  4.441690E-15
1.77747  4.433075E-15
1.77787  4.343828E-15
1.77827  4.292477E-15
1.77868  4.316435E-15
1.77908  4.340912E-15
1.77948  4.296179E-15
1.77988  4.341290E-15
1.78029  4.262252E-15
1.78069  4.246706E-15
1.78109  4.256903E-15
1.78149  4.267668E-15
1.78189  4.289974E-15
1.7823  4.320281E-15
1.7827  4.288955E-15
1.7831  4.299028E-15
1.7835  4.268172E-15
1.78391  4.177794E-15
1.78431  4.182545E-15
1.78471  4.286685E-15
1.78511  4.210601E-15
1.78551  4.137087E-15
1.78592  4.267361E-15
1.78632  4.260889E-15
1.78672  4.258505E-15
1.78712  4.333834E-15
1.78753  4.284071E-15
1.78793  4.281534E-15
1.78833  4.410936E-15
1.78873  4.317905E-15
1.78914  4.283330E-15
1.78954  4.250236E-15
1.78994  4.215653E-15
1.79034  4.188135E-15
1.79074  4.212517E-15
1.79115  4.159609E-15
1.79155  4.188363E-15
1.79195  4.258174E-15
1.79235  4.263047E-15
1.79276  4.265860E-15
1.79316  4.198787E-15
1.79356  4.265812E-15
1.79396  4.296502E-15
1.79437  4.268036E-15
1.79477  4.315277E-15
1.79517  4.318224E-15
1.79557  4.326031E-15
1.79597  4.234848E-15
1.79638  4.286816E-15
1.79678  4.259453E-15
1.79718  4.258527E-15
1.79758  4.200397E-15
1.79799  4.332131E-15
1.79839  4.351975E-15
1.79879  4.298075E-15
1.79919  4.230784E-15
1.7996  4.248324E-15
1.8  4.281436E-15
1.8004  4.013487E-15
1.8008  3.982776E-15
1.80121  4.022034E-15
1.80161  4.047321E-15
1.80201  4.086333E-15
1.80241  4.123237E-15
1.80281  4.123097E-15
1.80322  4.113397E-15
1.80362  4.160918E-15
1.80402  4.127466E-15
1.80442  4.156195E-15
1.80483  4.160110E-15
1.80523  4.092216E-15
1.80563  4.044122E-15
1.80603  4.101434E-15
1.80644  3.997194E-15
1.80684  3.974393E-15
1.80724  4.067103E-15
1.80764  4.186876E-15
1.80805  4.084186E-15
1.80845  4.132295E-15
1.80885  4.242864E-15
1.80925  4.217872E-15
1.80966  4.049464E-15
1.81006  4.071965E-15
1.81046  4.055757E-15
1.81086  4.131864E-15
1.81127  4.036394E-15
1.81167  3.910982E-15
1.81207  4.096792E-15
1.81247  4.171541E-15
1.81287  4.050694E-15
1.81328  4.239719E-15
1.81368  4.190928E-15
1.81408  4.193039E-15
1.81448  4.137728E-15
1.81489  4.083131E-15
1.81529  4.124928E-15
1.81569  4.085063E-15
1.81609  4.126258E-15
1.8165  4.226350E-15
1.8169  4.262836E-15
1.8173  4.413632E-15
1.8177  4.140391E-15
1.81811  4.344479E-15
1.81851  4.406402E-15
1.81891  4.284273E-15
1.88315  4.055437E-15
1.88369  4.094200E-15
1.88423  4.157002E-15
1.88477  4.028725E-15
1.88531  3.877541E-15
1.88585  3.934054E-15
1.88639  3.970364E-15
1.88693  3.974168E-15
1.88746  4.135470E-15
1.888  4.057514E-15
1.88854  4.096936E-15
1.88908  4.163620E-15
1.88962  4.188499E-15
1.89016  4.201420E-15
1.8907  4.257570E-15
1.89124  3.812029E-15
1.89178  3.762745E-15
1.89231  3.996064E-15
1.89285  4.026479E-15
1.89339  3.795564E-15
1.89393  4.017063E-15
1.89447  4.129727E-15
1.89501  4.153454E-15
1.89555  4.191051E-15
1.89609  4.269246E-15
1.89662  4.368932E-15
1.89716  4.280759E-15
1.8977  4.325974E-15
1.89824  4.582233E-15
1.89878  4.372161E-15
1.89932  4.094877E-15
1.89986  4.263322E-15
1.9004  4.091780E-15
1.90093  4.590751E-15
1.90147  4.566357E-15
1.90201  4.371364E-15
1.90255  4.518667E-15
1.90309  4.939448E-15
1.90363  5.140975E-15
1.90417  4.870368E-15
1.90471  5.102516E-15
1.90524  6.118255E-15
1.90578  6.930160E-15
1.90632  6.245222E-15
1.90686  6.740735E-15
1.9074  6.340056E-15
1.90794  5.724219E-15
1.90848  5.591407E-15
1.90902  5.636615E-15
1.90955  5.364745E-15
1.91009  5.091109E-15
1.91063  5.105536E-15
1.91117  5.034782E-15
1.91171  4.771368E-15
1.91225  4.676120E-15
1.91279  4.236364E-15
1.91332  4.385132E-15
1.91386  4.320601E-15
1.9144  4.331310E-15
1.91494  4.200068E-15
1.91548  4.094240E-15
1.91602  4.024231E-15
1.91656  4.292032E-15
1.9171  4.272060E-15
1.91763  4.194067E-15
1.91817  4.234906E-15
1.91871  4.313657E-15
1.91925  4.454813E-15
1.91979  4.642116E-15
1.92033  4.459241E-15
1.92087  3.894738E-15
1.9214  4.168441E-15
1.92194  4.159631E-15
1.92248  4.186371E-15
1.92302  4.219712E-15
1.92356  4.273558E-15
1.9241  4.266354E-15
1.92464  4.337358E-15
1.92517  4.105502E-15
1.92571  4.187532E-15
1.92625  4.154036E-15
1.92679  4.193885E-15
1.92733  4.196020E-15
1.92787  3.923846E-15
1.92841  3.948267E-15
1.92894  4.123631E-15
1.92948  4.022443E-15
1.93002  3.900793E-15
1.93056  4.108718E-15
1.9311  4.040505E-15
1.93164  3.986988E-15
1.93218  3.993833E-15
1.93271  4.047848E-15
1.93325  4.031341E-15
1.93379  4.116586E-15
1.93433  4.140271E-15
1.93487  4.140281E-15
1.93541  4.003039E-15
1.93595  4.071644E-15
1.93648  4.156051E-15
1.93702  4.042417E-15
1.93756  3.983718E-15
1.9381  4.049301E-15
1.93864  4.000071E-15
1.93918  3.978961E-15
1.93971  4.132883E-15
1.94025  3.969200E-15
1.94079  3.907322E-15
1.94133  4.091839E-15
1.94187  4.093811E-15
1.94241  4.015928E-15
1.94295  4.003320E-15
1.94348  4.066213E-15
1.94402  4.033410E-15
1.94456  4.101163E-15
1.9451  4.135756E-15
1.94564  4.203894E-15
1.94618  4.203222E-15
1.94671  4.292590E-15
1.94725  4.240588E-15
1.94779  4.226220E-15
1.94833  4.149542E-15
1.94887  4.177911E-15
1.94941  4.125861E-15
1.94994  4.187224E-15
1.95048  4.164082E-15
1.95102  4.218213E-15
1.95156  4.189704E-15
1.9521  4.195163E-15
1.95264  4.193881E-15
1.95318  4.187577E-15
1.95371  4.111638E-15
1.95425  4.066049E-15
1.95479  4.109209E-15
1.95533  4.067687E-15
1.95587  4.068389E-15
1.95641  4.062229E-15
1.95694  4.015849E-15
1.95748  4.011936E-15
1.95802  3.997226E-15
1.95856  3.978124E-15
1.9591  3.990823E-15
1.95964  4.057932E-15
1.96017  3.987959E-15
1.96071  4.059358E-15
1.96125  4.096425E-15
1.96179  4.062776E-15
1.96233  4.016460E-15
1.96287  4.036529E-15
1.9634  4.028398E-15
1.96394  4.022940E-15
1.96448  4.029580E-15
1.96502  4.078650E-15
1.96556  4.071922E-15
1.9661  4.115004E-15
1.96663  4.141486E-15
1.96717  4.136627E-15
1.96771  4.166361E-15
1.96825  4.184496E-15
1.96879  4.194377E-15
1.96933  4.230667E-15
1.96986  4.205549E-15
1.9704  4.204746E-15
1.97094  4.174791E-15
1.97148  4.181052E-15
1.97202  4.148099E-15
1.97255  4.176582E-15
1.97309  4.139492E-15
1.97363  4.172364E-15
1.97417  4.217261E-15
1.97471  4.223858E-15
1.97525  4.243688E-15
1.97578  4.373984E-15
1.97632  4.375924E-15
1.97686  4.413063E-15
1.9774  4.388790E-15
1.97794  4.376054E-15
1.97848  4.291785E-15
1.97901  4.230498E-15
1.97955  4.173348E-15
1.98009  4.209511E-15
1.98063  4.155573E-15
1.98117  4.163858E-15
1.9817  4.133186E-15
1.98224  4.175091E-15
1.98278  4.171493E-15
1.98332  4.182500E-15
1.98386  4.160865E-15
1.9844  4.198499E-15
1.98493  4.217383E-15
1.98547  4.243604E-15
1.98601  4.193858E-15
1.98655  4.226959E-15
1.98709  4.262487E-15
1.98762  4.273962E-15
1.98816  4.317997E-15
1.9887  4.468137E-15
1.98924  4.505463E-15
1.98978  4.549607E-15
1.99032  4.514301E-15
1.99085  4.499373E-15
1.99139  4.377995E-15
1.99193  4.360557E-15
1.99247  4.341778E-15
1.99301  4.369550E-15
1.99354  4.384071E-15
1.99408  4.449859E-15
1.99462  4.423834E-15
1.99516  4.401509E-15
1.9957  4.364134E-15
1.99623  4.280526E-15
1.99677  4.188058E-15
1.99731  4.166833E-15
1.99785  4.097778E-15
1.99839  4.115176E-15
1.99892  4.106409E-15
1.99946  4.173119E-15
2.  4.126878E-15
2.00054  4.121403E-15
2.00108  4.109019E-15
2.00162  4.043687E-15
2.00215  3.916061E-15
2.00269  3.957185E-15
2.00323  3.951965E-15
2.00377  3.939228E-15
2.00431  3.895927E-15
2.00484  3.805555E-15
2.00538  3.798315E-15
2.00592  3.831309E-15
2.00646  3.807945E-15
2.007  3.805481E-15
2.00753  3.856072E-15
2.00807  3.907068E-15
2.00861  3.886072E-15
2.00915  3.877745E-15
2.00969  3.905769E-15
2.01022  3.911198E-15
2.01076  3.833898E-15
2.0113  3.857442E-15
2.01184  3.812297E-15
2.01238  3.831543E-15
2.01291  3.840651E-15
2.01345  3.871082E-15
2.01399  3.855797E-15
2.01453  3.848842E-15
2.01507  3.898656E-15
2.0156  3.914132E-15
2.01614  3.859654E-15
2.01668  3.898739E-15
2.01722  3.910457E-15
2.01776  3.885104E-15
2.01829  3.858026E-15
2.01883  3.907686E-15
2.01937  3.900538E-15
2.01991  3.873906E-15
2.02045  3.899124E-15
2.02098  3.917728E-15
2.02152  3.917997E-15
2.02206  3.980381E-15
2.0226  3.949657E-15
2.02313  3.944145E-15
2.02367  3.938725E-15
2.02421  3.954352E-15
2.02475  3.916325E-15
2.02529  3.958504E-15
2.02582  3.954781E-15
2.02636  3.983480E-15
2.0269  3.975998E-15
2.02744  3.986494E-15
2.02798  3.988001E-15
2.02851  4.017461E-15
2.02905  3.964536E-15
2.02959  3.985403E-15
2.03013  3.969531E-15
2.03067  4.009411E-15
2.0312  3.990199E-15
2.03174  4.018083E-15
2.03228  4.030122E-15
2.03282  4.059124E-15
2.03335  4.055177E-15
2.03389  4.104308E-15
2.03443  4.039644E-15
2.03497  4.052151E-15
2.03551  4.044324E-15
2.03604  4.037756E-15
2.03658  4.028914E-15
2.03712  4.052694E-15
2.03766  4.037199E-15
2.0382  4.049451E-15
2.03873  4.041950E-15
2.03927  4.038765E-15
2.03981  4.073746E-15
2.04035  4.085784E-15
2.04088  4.036289E-15
2.04142  4.035927E-15
2.04196  4.042359E-15
2.0425  4.029689E-15
2.04304  4.000852E-15
2.04357  4.016171E-15
2.04411  4.015728E-15
2.04465  4.054038E-15
2.04519  4.049025E-15
2.04572  4.050736E-15
2.04626  4.032399E-15
2.0468  4.043147E-15
2.04734  4.031463E-15
2.04788  4.033854E-15
2.04841  4.016707E-15
2.04895  4.034594E-15
2.04949  4.011781E-15
2.05003  4.031180E-15
2.05057  3.981407E-15
2.0511  3.975014E-15
2.05164  3.951897E-15
2.05218  3.968515E-15
2.05272  3.941560E-15
2.05325  3.938387E-15
2.05379  3.926684E-15
2.05433  3.955781E-15
2.05487  3.970621E-15
2.0554  3.893192E-15
2.05594  3.961817E-15
2.05648  3.974088E-15
2.05702  3.934189E-15
2.05756  3.941504E-15
2.05809  3.922756E-15
2.05863  3.954480E-15
2.05917  3.958780E-15
2.05971  3.979763E-15
2.06024  3.972163E-15
2.06078  3.994495E-15
2.06132  4.001587E-15
2.06186  3.977579E-15
2.06239  3.941764E-15
2.06293  3.962960E-15
2.06347  3.952436E-15
2.06401  3.970026E-15
2.06455  3.967615E-15
2.06508  4.014729E-15
2.06562  4.037477E-15
2.06616  4.095493E-15
2.0667  4.089721E-15
2.06723  4.104894E-15
2.06777  4.101212E-15
2.06831  4.055764E-15
2.06885  3.992682E-15
2.06938  3.994627E-15
2.06992  3.969546E-15
2.07046  3.967166E-15
2.071  4.003921E-15
2.07154  4.031774E-15
2.07207  3.981780E-15
2.07261  4.012373E-15
2.07315  4.026916E-15
2.07369  4.035489E-15
2.07422  4.006847E-15
2.07476  4.010324E-15
2.0753  3.991203E-15
2.07584  4.016922E-15
2.07637  4.015770E-15
2.07691  4.014994E-15
2.07745  3.974079E-15
2.07799  3.991951E-15
2.07852  3.962630E-15
2.07906  3.978340E-15
2.0796  3.980486E-15
2.08014  3.973336E-15
2.08067  3.983645E-15
2.08121  3.998633E-15
2.08175  3.983889E-15
2.08229  4.003649E-15
2.08282  3.995493E-15
2.08336  3.987764E-15
2.0839  3.986064E-15
2.08444  3.990658E-15
2.08498  4.000570E-15
2.08551  4.020491E-15
2.08605  4.008987E-15
2.08659  4.047695E-15
2.08713  4.001080E-15
2.08766  4.037759E-15
2.0882  3.993053E-15
2.08874  4.010050E-15
2.08928  4.004879E-15
2.08981  4.016070E-15
2.09035  4.048363E-15
2.09089  4.108302E-15
2.09143  4.110652E-15
2.09196  4.132388E-15
2.0925  4.143212E-15
2.09304  4.133007E-15
2.09358  4.118965E-15
2.09411  4.100011E-15
2.09465  4.035903E-15
2.09519  4.051326E-15
2.09573  4.044430E-15
2.09626  4.042386E-15
2.0968  4.020358E-15
2.09734  4.026149E-15
2.09788  4.015285E-15
2.09841  4.023197E-15
2.09895  4.009867E-15
2.09949  4.034342E-15
2.10003  4.020413E-15
2.10056  4.037530E-15
2.1011  4.026951E-15
2.10164  4.039318E-15
2.10218  3.983873E-15
2.10271  3.994210E-15
2.10325  3.969445E-15
2.10379  3.986652E-15
2.10433  3.968320E-15
2.10486  3.985650E-15
2.1054  3.979933E-15
2.10594  4.006050E-15
2.10647  4.008776E-15
2.10701  4.037136E-15
2.10755  4.017800E-15
2.10809  4.023245E-15
2.10862  3.997588E-15
2.10916  3.988269E-15
2.1097  3.989685E-15
2.11024  4.009094E-15
2.11077  3.969819E-15
2.11131  3.996463E-15
2.11185  3.988768E-15
2.11239  4.000301E-15
2.11292  3.954057E-15
2.11346  3.979036E-15
2.114  3.954213E-15
2.11454  3.960988E-15
2.11507  3.943176E-15
2.11561  3.984055E-15
2.11615  3.966579E-15
2.11669  3.980882E-15
2.11722  3.958039E-15
2.11776  3.988861E-15
2.1183  3.967133E-15
2.11883  3.956294E-15
2.11937  3.937276E-15
2.11991  3.970330E-15
2.12045  3.950085E-15
2.12098  3.967270E-15
2.12152  3.956612E-15
2.12206  3.985730E-15
2.1226  3.966387E-15
2.12313  3.973517E-15
2.12367  3.937739E-15
2.12421  3.975763E-15
2.12475  3.953702E-15
2.12528  3.971414E-15
2.12582  3.944636E-15
2.12636  3.964874E-15
2.1269  3.942469E-15
2.12743  3.966481E-15
2.12797  3.963150E-15
2.12851  3.962173E-15
2.12904  3.946334E-15
2.12958  3.955867E-15
2.13012  3.944430E-15
2.13066  3.945443E-15
2.13119  3.940692E-15
2.13173  3.943032E-15
2.13227  3.952343E-15
2.13281  3.985261E-15
2.13334  3.966490E-15
2.13388  3.973669E-15
2.13442  3.975259E-15
2.13495  3.970712E-15
2.13549  3.940944E-15
2.13603  3.966059E-15
2.13657  3.936323E-15
2.1371  3.966297E-15
2.13764  3.936125E-15
2.13818  3.952312E-15
2.13872  3.933289E-15
2.13925  3.951030E-15
2.13979  3.907944E-15
2.14033  3.911776E-15
2.14086  3.888240E-15
2.1414  3.903839E-15
2.14194  3.883792E-15
2.14248  3.888507E-15
2.14301  3.873005E-15
2.14355  3.891992E-15
2.14409  3.896108E-15
2.14463  3.923281E-15
2.14516  3.894745E-15
2.1457  3.923166E-15
2.14624  3.908597E-15
2.14677  3.935495E-15
2.14731  3.909333E-15
2.14785  3.919119E-15
2.14839  3.901204E-15
2.14892  3.924876E-15
2.14946  3.899770E-15
2.15  3.904859E-15
2.15053  3.902424E-15
2.15107  3.925710E-15
2.15161  3.889426E-15
2.15215  3.891108E-15
2.15268  3.881785E-15
2.15322  3.907829E-15
2.15376  3.907239E-15
2.15429  3.940668E-15
2.15483  3.990151E-15
2.15537  4.097062E-15
2.15591  4.182874E-15
2.15644  4.234081E-15
2.15698  4.235061E-15
2.15752  4.184092E-15
2.15806  4.080322E-15
2.15859  3.994821E-15
2.15913  3.923205E-15
2.15967  3.912077E-15
2.1602  3.904976E-15
2.16074  3.906353E-15
2.16128  3.889931E-15
2.16182  3.906511E-15
2.16235  3.889877E-15
2.16289  3.921112E-15
2.16343  3.909559E-15
2.16396  3.917032E-15
2.1645  3.921229E-15
2.16504  3.966550E-15
2.16558  3.971608E-15
2.16611  4.006067E-15
2.16665  3.989524E-15
2.16719  4.002371E-15
2.16772  3.938936E-15
2.16826  3.926328E-15
2.1688  3.913133E-15
2.16933  3.919105E-15
2.16987  3.927327E-15
2.17041  3.918827E-15
2.17095  3.912619E-15
2.17148  3.916208E-15
2.17202  3.888766E-15
2.17256  3.925311E-15
2.17309  3.915220E-15
2.17363  3.913535E-15
2.17417  3.899235E-15
2.17471  3.903219E-15
2.17524  3.900743E-15
2.17578  3.903622E-15
2.17632  3.890113E-15
2.17685  3.902575E-15
2.17739  3.864365E-15
2.17793  3.904498E-15
2.17847  3.865448E-15
2.179  3.886894E-15
2.17954  3.844345E-15
2.18008  3.861389E-15
2.18061  3.847537E-15
2.18115  3.852565E-15
2.18169  3.835093E-15
2.18222  3.854470E-15
2.18276  3.839553E-15
2.1833  3.859254E-15
2.18384  3.843678E-15
2.18437  3.863369E-15
2.18491  3.842754E-15
2.18545  3.865212E-15
2.18598  3.877439E-15
2.18652  3.871902E-15
2.18706  3.874214E-15
2.18759  3.908280E-15
2.18813  3.896345E-15
2.18867  3.905104E-15
2.18921  3.888131E-15
2.18974  3.899678E-15
2.19028  3.891778E-15
2.19082  3.881091E-15
2.19135  3.867707E-15
2.19189  3.893023E-15
2.19243  3.887740E-15
2.19296  3.889666E-15
2.1935  3.889239E-15
2.19404  3.924236E-15
2.19458  3.907344E-15
2.19511  3.937982E-15
2.19565  3.938974E-15
2.19619  3.948564E-15
2.19672  3.934208E-15
2.19726  3.938009E-15
2.1978  3.939173E-15
2.19833  3.954024E-15
2.19887  3.967933E-15
2.19941  4.003496E-15
2.19994  4.109761E-15
2.20048  4.218639E-15
2.20102  4.217876E-15
2.20156  4.264426E-15
2.20209  4.236343E-15
2.20263  4.207559E-15
2.20317  4.127784E-15
2.2037  4.050443E-15
2.20424  4.002461E-15
2.20478  3.958757E-15
2.20531  3.968580E-15
2.20585  3.941117E-15
2.20639  3.915975E-15
2.20693  3.941693E-15
2.20746  3.926284E-15
2.208  3.926435E-15
2.20854  3.914939E-15
2.20907  3.905308E-15
2.20961  3.881394E-15
2.21015  3.889301E-15
2.21068  3.889939E-15
2.21122  3.907080E-15
2.21176  3.868266E-15
2.21229  3.852716E-15
2.21283  3.861292E-15
2.21337  3.850120E-15
2.2139  3.822955E-15
2.21444  3.831824E-15
2.21498  3.810842E-15
2.21552  3.814116E-15
2.21605  3.806129E-15
2.21659  3.828804E-15
2.21713  3.786881E-15
2.21766  3.816174E-15
2.2182  3.794747E-15
2.21874  3.804387E-15
2.21927  3.798964E-15
2.21981  3.833599E-15
2.22035  3.806212E-15
2.22088  3.815050E-15
2.22142  3.813976E-15
2.22196  3.817504E-15
2.22249  3.789145E-15
2.22303  3.810987E-15
2.22357  3.813015E-15
2.22411  3.811758E-15
2.22464  3.819502E-15
2.22518  3.826992E-15
2.22572  3.785265E-15
2.22625  3.782905E-15
2.22679  3.800348E-15
2.22733  3.799193E-15
2.22786  3.817214E-15
2.2284  3.818947E-15
2.22894  3.786789E-15
2.22947  3.829802E-15
2.23001  3.834962E-15
2.23055  3.824016E-15
2.23108  3.813649E-15
2.23162  3.807285E-15
2.23216  3.833888E-15
2.23269  3.807104E-15
2.23323  3.797527E-15
2.23377  3.819539E-15
2.2343  3.801339E-15
2.23484  3.786999E-15
2.23538  3.782632E-15
2.23591  3.793293E-15
2.23645  3.782613E-15
2.23699  3.785035E-15
2.23753  3.769034E-15
2.23806  3.777578E-15
2.2386  3.762885E-15
2.23914  3.754009E-15
2.23967  3.744808E-15
2.24021  3.741911E-15
2.24075  3.717216E-15
2.24128  3.729469E-15
2.24182  3.703051E-15
2.24236  3.692158E-15
2.24289  3.663573E-15
2.24343  3.683801E-15
2.24397  3.680448E-15
2.2445  3.717781E-15
2.24504  3.712736E-15
2.24558  3.716152E-15
2.24611  3.714796E-15
2.24665  3.738671E-15
2.24719  3.752778E-15
2.24772  3.749901E-15
2.24826  3.767859E-15
2.2488  3.785866E-15
2.24933  3.775380E-15
2.24987  3.763130E-15
2.25041  3.764742E-15
2.25094  3.768787E-15
2.25148  3.768646E-15
2.25202  3.771737E-15
2.25255  3.767452E-15
2.25309  3.770038E-15
2.25363  3.781185E-15
2.25416  3.767497E-15
2.2547  3.759929E-15
2.25524  3.767276E-15
2.25577  3.754521E-15
2.25631  3.732565E-15
2.25685  3.725342E-15
2.25738  3.729792E-15
2.25792  3.729621E-15
2.25846  3.784438E-15
2.25899  3.788148E-15
2.25953  3.815110E-15
2.26007  3.805901E-15
2.2606  3.789326E-15
2.26114  3.767453E-15
2.26168  3.759633E-15
2.26221  3.716959E-15
2.26275  3.696424E-15
2.26329  3.693447E-15
2.26382  3.704988E-15
2.26436  3.693470E-15
2.2649  3.694252E-15
2.26543  3.687588E-15
2.26597  3.688978E-15
2.26651  3.714450E-15
2.26704  3.720227E-15
2.26758  3.698284E-15
2.26812  3.728112E-15
2.26865  3.713758E-15
2.26919  3.708785E-15
2.26973  3.691321E-15
2.27026  3.741746E-15
2.2708  3.719713E-15
2.27134  3.707050E-15
2.27187  3.711855E-15
2.27241  3.706841E-15
2.27295  3.692934E-15
2.27348  3.703928E-15
2.27402  3.702025E-15
2.27456  3.680114E-15
2.27509  3.679975E-15
2.27563  3.680686E-15
2.27617  3.661623E-15
2.2767  3.661504E-15
2.27724  3.664220E-15
2.27778  3.674708E-15
2.27831  3.661936E-15
2.27885  3.684316E-15
2.27939  3.684348E-15
2.27992  3.690044E-15
2.28046  3.676866E-15
2.281  3.698182E-15
2.28153  3.676324E-15
2.28207  3.682617E-15
2.28261  3.694006E-15
2.28314  3.714572E-15
2.28368  3.702894E-15
2.28422  3.707778E-15
2.28475  3.724120E-15
2.28529  3.731669E-15
2.28583  3.712019E-15
2.28636  3.691043E-15
2.2869  3.690528E-15
2.28743  3.697348E-15
2.28797  3.677000E-15
2.28851  3.685998E-15
2.28904  3.641138E-15
2.28958  3.677646E-15
2.29012  3.662880E-15
2.29065  3.670104E-15
2.29119  3.654417E-15
2.29173  3.667881E-15
2.29226  3.676858E-15
2.2928  3.697109E-15
2.29334  3.659350E-15
2.29387  3.693841E-15
2.29441  3.657998E-15
2.29495  3.662579E-15
2.29548  3.667018E-15
2.29602  3.641486E-15
2.29656  3.635564E-15
2.29709  3.645645E-15
2.29763  3.642639E-15
2.29817  3.659536E-15
2.2987  3.628404E-15
2.29924  3.586191E-15
2.29977  3.571265E-15
2.30031  3.562639E-15
2.30085  3.568699E-15
2.30138  3.569097E-15
2.30192  3.574114E-15
2.30246  3.579363E-15
2.30299  3.593414E-15
2.30353  3.597833E-15
2.30407  3.591831E-15
2.3046  3.612555E-15
2.30514  3.611100E-15
2.30568  3.631835E-15
2.30621  3.631979E-15
2.30675  3.650020E-15
2.30729  3.614232E-15
2.30782  3.648689E-15
2.30836  3.619504E-15
2.30889  3.637899E-15
2.30943  3.629415E-15
2.30997  3.664733E-15
2.3105  3.630738E-15
2.31104  3.637840E-15
2.31158  3.634308E-15
2.31211  3.651194E-15
2.31265  3.628927E-15
2.31319  3.641782E-15
2.31372  3.641653E-15
2.31426  3.668544E-15
2.3148  3.654713E-15
2.31533  3.663800E-15
2.31587  3.623103E-15
2.31641  3.622600E-15
2.31694  3.599524E-15
2.31748  3.558808E-15
2.31801  3.528522E-15
2.31855  3.547858E-15
2.31909  3.574292E-15
2.31962  3.575055E-15
2.32016  3.554359E-15
2.3207  3.585877E-15
2.32123  3.584817E-15
2.32177  3.589489E-15
2.32231  3.602586E-15
2.32284  3.594681E-15
2.32338  3.581935E-15
2.32392  3.620135E-15
2.32445  3.602863E-15
2.32499  3.606694E-15
2.32552  3.598202E-15
2.32606  3.604088E-15
2.3266  3.577916E-15
2.32713  3.602334E-15
2.32767  3.583645E-15
2.32821  3.572824E-15
2.32874  3.574883E-15
2.32928  3.545026E-15
2.32982  3.486817E-15
2.33035  3.462145E-15
2.33089  3.416392E-15
2.33142  3.365080E-15
2.33196  3.329970E-15
2.3325  3.291569E-15
2.33303  3.286916E-15
2.33357  3.302545E-15
2.33411  3.336429E-15
2.33464  3.359965E-15
2.33518  3.342271E-15
2.33572  3.358365E-15
2.33625  3.382244E-15
2.33679  3.421362E-15
2.33732  3.439957E-15
2.33786  3.433795E-15
2.3384  3.456611E-15
2.33893  3.440881E-15
2.33947  3.436097E-15
2.34001  3.413664E-15
2.34054  3.438809E-15
2.34108  3.416215E-15
2.34162  3.429848E-15
2.34215  3.428110E-15
2.34269  3.420167E-15
2.34322  3.473275E-15
2.34376  3.443180E-15
2.3443  3.445543E-15
2.34483  3.427628E-15
2.34537  3.452649E-15
2.34591  3.428497E-15
2.34644  3.452608E-15
2.34698  3.426705E-15
2.34752  3.414843E-15
2.34805  3.452034E-15
2.34859  3.446370E-15
2.34912  3.398103E-15
2.34966  3.430322E-15
2.3502  3.421792E-15
2.35073  3.429765E-15
2.35127  3.409471E-15
2.35181  3.404596E-15
2.35234  3.414300E-15
2.35288  3.421907E-15
2.35341  3.413540E-15
2.35395  3.442408E-15
2.35449  3.427733E-15
2.35502  3.444077E-15
2.35556  3.450642E-15
2.3561  3.450879E-15
2.35663  3.440518E-15
2.35717  3.471470E-15
2.3577  3.456016E-15
2.35824  3.463391E-15
2.35878  3.469904E-15
2.35931  3.405567E-15
2.35985  3.360847E-15
2.36039  3.380724E-15
2.36092  3.306751E-15
2.36146  3.261101E-15
2.36199  3.231225E-15
2.36253  3.206166E-15
2.36307  3.223280E-15
2.3636  3.256832E-15
2.36414  3.256069E-15
2.36468  3.288578E-15
2.36521  3.290598E-15
2.36575  3.308632E-15
2.36629  3.306917E-15
2.36682  3.319069E-15
2.36736  3.325978E-15
2.36789  3.327806E-15
2.36843  3.339209E-15
2.36897  3.357404E-15
2.3695  3.352268E-15
2.37004  3.366799E-15
2.37058  3.369375E-15
2.37111  3.294355E-15
2.37165  3.294776E-15
2.37218  3.297160E-15
2.37272  3.311722E-15
2.37326  3.333691E-15
2.37379  3.335651E-15
2.37433  3.353511E-15
2.37486  3.341775E-15
2.3754  3.340253E-15
2.37594  3.306472E-15
2.37647  3.335901E-15
2.37701  3.331099E-15
2.37755  3.309879E-15
2.37808  3.304561E-15
2.37862  3.312593E-15
2.37915  3.295464E-15
2.37969  3.323880E-15
2.38023  3.331871E-15
2.38076  3.342292E-15
2.3813  3.326306E-15
2.38184  3.334409E-15
2.38237  3.316105E-15
2.38291  3.307032E-15
2.38344  3.278658E-15
2.38398  3.249425E-15
2.38452  3.252973E-15
2.38505  3.248627E-15
2.38559  3.286182E-15
2.38613  3.302027E-15
2.38666  3.277014E-15
2.3872  3.240697E-15
2.38773  3.276237E-15
2.38827  3.285422E-15
2.38881  3.246393E-15
2.38934  3.260821E-15
2.38988  3.265300E-15
2.39041  3.210423E-15
2.39095  3.167336E-15
2.39149  3.191136E-15
2.39202  3.127454E-15
2.39256  3.138654E-15
2.3931  3.156412E-15
2.39363  3.192072E-15
2.39417  3.183335E-15
2.3947  3.218884E-15
2.39524  3.184734E-15
2.39578  3.179944E-15
2.39631  3.194433E-15
2.39685  3.227390E-15
2.39738  3.189740E-15
2.39792  3.189574E-15
2.39846  3.228542E-15
2.39899  3.249406E-15
2.39953  3.242561E-15
2.40007  3.230980E-15
2.4006  3.221383E-15
2.40114  3.242054E-15
2.40167  3.262765E-15
2.40221  3.267963E-15
2.40275  3.254783E-15
2.40328  3.232840E-15
2.40382  3.254846E-15
2.40435  3.255592E-15
2.40489  3.231979E-15
2.40543  3.255999E-15
2.40596  3.269110E-15
2.4065  3.240914E-15
2.40703  3.242337E-15
2.40757  3.238286E-15
2.40811  3.239354E-15
2.40864  3.225154E-15
2.40918  3.257339E-15
2.40972  3.279030E-15
2.41025  3.208032E-15
2.41079  3.217804E-15
2.41132  3.226594E-15
2.41186  3.230830E-15
2.4124  3.198143E-15
2.41293  3.206942E-15
2.41347  3.195970E-15
2.414  3.236361E-15
2.41454  3.205860E-15
2.41508  3.128652E-15
2.41561  3.177329E-15
2.41615  3.204028E-15
2.41668  3.136110E-15
2.41722  3.165278E-15
2.41776  3.226430E-15
2.41829  3.186358E-15
2.41883  3.164540E-15
2.41937  3.109534E-15
2.4199  3.109298E-15
2.42044  3.160807E-15
2.42097  3.165974E-15
2.42151  3.149691E-15
2.42205  3.139196E-15
2.42258  3.115446E-15
2.42312  3.089015E-15
2.42365  3.094537E-15
2.42419  3.121356E-15
2.42473  3.123974E-15
2.42526  3.107580E-15
2.4258  3.141097E-15
2.42633  3.144170E-15
