0.81005  8.855020E-15
0.810252  8.589829E-15
0.810454  8.913433E-15
0.810656  8.907839E-15
0.810858  8.833284E-15
0.81106  8.714612E-15
0.811262  8.560826E-15
0.811464  8.934947E-15
0.811666  8.694483E-15
0.811868  8.588947E-15
0.81207  8.550971E-15
0.812272  8.724757E-15
0.812474  8.735807E-15
0.812676  8.482405E-15
0.812878  8.822400E-15
0.81308  8.740395E-15
0.813282  8.789887E-15
0.813442  8.629434E-15
0.813675  8.466045E-15
0.813909  8.534142E-15
0.814142  8.478201E-15
0.814376  8.286961E-15
0.81461  8.326725E-15
0.814843  8.471216E-15
0.815077  8.431490E-15
0.81531  8.732213E-15
0.815544  8.591305E-15
0.815777  8.306482E-15
0.816011  8.418228E-15
0.816245  8.432684E-15
0.816478  8.347724E-15
0.816712  8.280870E-15
0.816945  8.235828E-15
0.817179  8.610103E-15
0.817412  8.362004E-15
0.817646  8.406617E-15
0.817879  8.341096E-15
0.818112  8.232617E-15
0.818346  8.534923E-15
0.818579  8.307125E-15
0.818813  8.383016E-15
0.819046  8.369847E-15
0.81928  8.166660E-15
0.819513  8.405666E-15
0.819746  8.140013E-15
0.81998  8.376017E-15
0.820213  8.368011E-15
0.820447  8.316149E-15
0.82068  8.352548E-15
0.820913  8.229139E-15
0.821147  8.467044E-15
0.82138  8.449440E-15
0.821613  8.125700E-15
0.821847  8.250679E-15
0.82208  8.153150E-15
0.822313  8.257107E-15
0.822546  8.439950E-15
0.82278  8.362674E-15
0.823013  8.212628E-15
0.823246  8.248897E-15
0.82348  8.245985E-15
0.823713  8.129998E-15
0.823946  8.294800E-15
0.824179  8.285435E-15
0.824412  8.079550E-15
0.824646  8.151854E-15
0.824879  8.103413E-15
0.825112  8.278211E-15
0.825345  8.012451E-15
0.825578  8.278908E-15
0.825812  8.148587E-15
0.826045  8.200800E-15
0.826278  8.301967E-15
0.826511  8.337748E-15
0.826744  8.131515E-15
0.826977  8.173058E-15
0.82721  8.205042E-15
0.827443  8.109203E-15
0.827677  8.103132E-15
0.82791  8.179009E-15
0.828143  8.010093E-15
0.828376  8.108714E-15
0.828609  8.074077E-15
0.828842  8.349966E-15
0.829075  8.299989E-15
0.829308  8.316572E-15
0.829541  8.355476E-15
0.829774  8.217806E-15
0.830007  8.227123E-15
0.83024  8.265734E-15
0.830473  8.173950E-15
0.830706  8.289043E-15
0.830939  8.023643E-15
0.831172  8.176427E-15
0.831405  8.012541E-15
0.831638  8.043225E-15
0.831871  8.054425E-15
0.832104  8.039833E-15
0.832337  8.057350E-15
0.83257  8.093783E-15
0.832803  8.224479E-15
0.833035  8.166325E-15
0.833268  8.089885E-15
0.833501  7.987325E-15
0.833734  8.057561E-15
0.833967  8.026487E-15
0.8342  8.175137E-15
0.834433  8.209015E-15
0.834666  8.152156E-15
0.834898  8.091809E-15
0.835131  8.108572E-15
0.835364  8.015845E-15
0.835597  8.180830E-15
0.83583  8.157775E-15
0.836062  8.100302E-15
0.836295  8.051772E-15
0.836528  8.070017E-15
0.836761  8.087897E-15
0.836994  8.077955E-15
0.837226  8.154567E-15
0.837459  7.972199E-15
0.837692  7.917484E-15
0.837925  7.965289E-15
0.838157  8.096674E-15
0.83839  7.987641E-15
0.838623  8.033022E-15
0.838855  8.101257E-15
0.839088  8.017395E-15
0.839321  8.070217E-15
0.839553  7.944579E-15
0.839786  7.960912E-15
0.840019  7.922456E-15
0.840251  7.850912E-15
0.840484  7.953035E-15
0.840717  7.936691E-15
0.840949  7.939350E-15
0.841182  7.945623E-15
0.841415  7.911794E-15
0.841647  7.747709E-15
0.84188  7.835840E-15
0.842112  7.894758E-15
0.842345  7.921052E-15
0.842578  7.782938E-15
0.84281  7.904666E-15
0.843043  7.840272E-15
0.843275  7.943547E-15
0.843508  7.778040E-15
0.84374  7.934975E-15
0.843973  7.812953E-15
0.844205  7.846961E-15
0.844438  7.784848E-15
0.84467  7.977646E-15
0.844903  8.166689E-15
0.845135  8.137598E-15
0.845368  8.115861E-15
0.8456  7.981071E-15
0.845833  8.132152E-15
0.846065  8.009682E-15
0.846298  8.107375E-15
0.84653  8.199802E-15
0.846763  8.001908E-15
0.846995  7.977660E-15
0.847228  8.066778E-15
0.84746  8.164891E-15
0.847692  8.240294E-15
0.847925  8.287928E-15
0.848157  8.095117E-15
0.84839  8.166563E-15
0.848622  8.125842E-15
0.848854  8.147737E-15
0.849087  8.007596E-15
0.849319  8.093092E-15
0.849551  8.082329E-15
0.849784  8.075333E-15
0.850016  7.916051E-15
0.850248  7.975476E-15
0.850481  7.977588E-15
0.850713  8.016972E-15
0.850945  7.886173E-15
0.851178  7.936380E-15
0.85141  7.956399E-15
0.851642  7.834618E-15
0.851875  7.754465E-15
0.852107  8.137101E-15
0.852339  7.925855E-15
0.852571  8.000901E-15
0.852804  7.934579E-15
0.853036  8.129862E-15
0.853268  8.034941E-15
0.8535  8.056715E-15
0.853733  7.961642E-15
0.853965  8.023421E-15
0.854197  8.075626E-15
0.854429  7.891533E-15
0.854661  8.207813E-15
0.854894  8.161295E-15
0.855126  8.036373E-15
0.855358  7.970363E-15
0.85559  8.009120E-15
0.855822  8.058695E-15
0.856054  8.107451E-15
0.856287  8.162468E-15
0.856519  8.111287E-15
0.856751  8.047574E-15
0.856983  8.046289E-15
0.857215  7.841053E-15
0.857447  8.097521E-15
0.857679  7.963358E-15
0.857912  7.964592E-15
0.858144  8.006764E-15
0.858376  7.879625E-15
0.858608  8.074918E-15
0.85884  8.050594E-15
0.859072  8.227523E-15
0.859304  8.017391E-15
0.859536  7.991226E-15
0.859768  7.902169E-15
0.86  7.911423E-15
0.860232  7.943689E-15
0.860464  7.987528E-15
0.860696  8.108247E-15
0.860928  8.175926E-15
0.86116  8.269579E-15
0.861392  8.020126E-15
0.861624  7.935637E-15
0.861856  7.867024E-15
0.862088  7.911528E-15
0.86232  7.875231E-15
0.862552  7.797961E-15
0.862784  7.879558E-15
0.863016  7.987199E-15
0.863248  7.985336E-15
0.86348  7.902753E-15
0.863712  7.941351E-15
0.863944  8.019585E-15
0.864176  8.051854E-15
0.864408  8.178044E-15
0.86464  8.293474E-15
0.864872  8.317635E-15
0.865104  8.330685E-15
0.865335  8.382707E-15
0.865567  8.552744E-15
0.865799  8.368897E-15
0.866031  8.388614E-15
0.866263  8.328249E-15
0.866495  8.341370E-15
0.866727  8.367552E-15
0.866959  8.220142E-15
0.86719  8.433228E-15
0.867422  8.548414E-15
0.867654  8.426490E-15
0.867886  8.375440E-15
0.868118  8.476292E-15
0.86835  8.276579E-15
0.868581  8.212140E-15
0.868813  8.343806E-15
0.869045  8.135065E-15
0.869277  8.059784E-15
0.869509  8.053244E-15
0.86974  7.910767E-15
0.869972  7.896079E-15
0.870204  7.769805E-15
0.870436  7.923318E-15
0.870667  7.694191E-15
0.870899  7.713741E-15
0.871131  7.608252E-15
0.871363  7.813848E-15
0.871594  7.692632E-15
0.871826  7.807562E-15
0.872058  7.793781E-15
0.87229  7.704086E-15
0.872521  7.680065E-15
0.872753  7.815524E-15
0.872985  7.917108E-15
0.873216  7.793762E-15
0.873448  7.874809E-15
0.87368  7.811839E-15
0.873911  7.835142E-15
0.874143  7.701031E-15
0.874375  7.906195E-15
0.874606  7.774190E-15
0.874838  7.715860E-15
0.87507  7.771570E-15
0.875301  7.722758E-15
0.875533  7.684975E-15
0.875765  7.696807E-15
0.875996  7.672228E-15
0.876228  7.874521E-15
0.876459  7.792673E-15
0.876691  7.733153E-15
0.876923  7.829226E-15
0.877154  7.838505E-15
0.877386  7.686323E-15
0.877617  7.821985E-15
0.877849  7.554826E-15
0.878081  7.716357E-15
0.878312  7.676566E-15
0.878544  7.617525E-15
0.878775  7.640048E-15
0.879007  7.722951E-15
0.879238  7.650039E-15
0.87947  7.814801E-15
0.879702  7.612092E-15
0.879933  7.817502E-15
0.880165  7.584627E-15
0.880396  7.592674E-15
0.880628  7.705044E-15
0.880859  7.811048E-15
0.881091  7.625471E-15
0.881322  7.600332E-15
0.881554  7.715012E-15
0.881785  7.625268E-15
0.882017  7.594278E-15
0.882248  7.627660E-15
0.88248  7.743677E-15
0.882711  7.824213E-15
0.882943  7.694496E-15
0.883174  7.962670E-15
0.883405  8.074246E-15
0.883637  7.971958E-15
0.883868  8.051838E-15
0.8841  8.018764E-15
0.884331  8.064008E-15
0.884563  8.056502E-15
0.884794  8.024074E-15
0.885026  7.968978E-15
0.885257  7.911311E-15
0.885488  7.989414E-15
0.88572  7.824116E-15
0.885951  7.842471E-15
0.886183  7.615724E-15
0.886414  7.728103E-15
0.886645  7.696001E-15
0.886877  7.616895E-15
0.887108  7.695138E-15
0.887339  7.769693E-15
0.887571  7.791040E-15
0.887802  7.676921E-15
0.888034  7.721942E-15
0.888265  7.702182E-15
0.888496  7.654876E-15
0.888728  7.708465E-15
0.888959  7.733488E-15
0.88919  7.689239E-15
0.889422  7.665702E-15
0.889653  7.679924E-15
0.889884  7.653211E-15
0.890116  7.692928E-15
0.890347  7.645867E-15
0.890578  7.733282E-15
0.890809  7.637318E-15
0.891041  7.655452E-15
0.891272  7.660372E-15
0.891503  7.536112E-15
0.891735  7.556644E-15
0.891966  7.584619E-15
0.892197  7.392151E-15
0.892428  7.419133E-15
0.89266  7.367378E-15
0.892891  7.380811E-15
0.893122  7.217174E-15
0.893353  7.361215E-15
0.893585  7.285140E-15
0.893816  7.265376E-15
0.894047  7.229392E-15
0.894278  7.150024E-15
0.89451  7.240461E-15
0.894741  7.097386E-15
0.894972  7.091788E-15
0.895203  7.200304E-15
0.895434  7.102565E-15
0.895666  7.104851E-15
0.895897  7.142973E-15
0.896128  7.246023E-15
0.896359  7.088526E-15
0.89659  6.954525E-15
0.896822  7.046499E-15
0.897053  7.119192E-15
0.897284  7.125598E-15
0.897515  6.960791E-15
0.897746  7.124091E-15
0.897978  6.988661E-15
0.898209  7.000912E-15
0.89844  7.074368E-15
0.898671  7.094510E-15
0.898902  7.166321E-15
0.899133  7.055953E-15
0.899364  6.909877E-15
0.899596  7.099064E-15
0.899827  7.141372E-15
0.900058  7.204713E-15
0.900289  7.069149E-15
0.90052  7.159706E-15
0.900751  6.816953E-15
0.900982  6.789681E-15
0.901213  6.869299E-15
0.901444  6.755297E-15
0.901676  6.874234E-15
0.901907  6.915253E-15
0.902138  6.910722E-15
0.902369  6.860096E-15
0.9026  7.001369E-15
0.902831  7.017830E-15
0.903062  7.162648E-15
0.903293  7.088677E-15
0.903524  7.129193E-15
0.903755  7.086633E-15
0.903986  7.073656E-15
0.904217  7.090291E-15
0.904448  7.054519E-15
0.904679  7.032887E-15
0.904911  7.086381E-15
0.905142  7.084487E-15
0.905373  7.334497E-15
0.905604  7.059090E-15
0.905835  7.077068E-15
0.906066  7.053831E-15
0.906297  7.159504E-15
0.906528  7.067663E-15
0.906759  7.018168E-15
0.90699  7.093735E-15
0.907221  7.109607E-15
0.907452  7.219950E-15
0.907683  7.244169E-15
0.907914  7.217348E-15
0.908145  7.269884E-15
0.908376  7.189805E-15
0.908607  6.964784E-15
0.908838  7.048608E-15
0.909069  7.176449E-15
0.9093  7.152122E-15
0.909531  7.190090E-15
0.909762  6.981307E-15
0.909993  7.159536E-15
0.910223  7.053279E-15
0.910454  7.155429E-15
0.910685  7.142110E-15
0.910916  7.104905E-15
0.911147  7.140730E-15
0.911378  7.273936E-15
0.911609  7.144194E-15
0.91184  7.163171E-15
0.912071  7.291967E-15
0.912302  7.386627E-15
0.912533  7.480280E-15
0.912764  7.391571E-15
0.912995  7.614721E-15
0.913226  7.406259E-15
0.913457  7.470788E-15
0.913687  7.651570E-15
0.913918  7.676639E-15
0.914149  7.623698E-15
0.91438  7.644251E-15
0.914611  7.496968E-15
0.914842  7.423326E-15
0.915073  7.380454E-15
0.915304  7.355094E-15
0.915535  7.267644E-15
0.915766  7.288901E-15
0.915996  7.130988E-15
0.916227  7.318672E-15
0.916458  7.205520E-15
0.916689  7.135909E-15
0.91692  7.002666E-15
0.917151  7.086691E-15
0.917382  7.127569E-15
0.917612  7.131707E-15
0.917843  6.971754E-15
0.918074  7.210279E-15
0.918305  7.001815E-15
0.918536  7.072658E-15
0.918767  7.107124E-15
0.918998  6.892873E-15
0.919228  6.953977E-15
0.919459  7.114588E-15
0.91969  7.196403E-15
0.919921  7.035968E-15
0.920152  7.120217E-15
0.920382  7.106961E-15
0.920613  7.227424E-15
0.920844  7.110086E-15
0.921075  7.256984E-15
0.921306  7.288891E-15
0.921537  7.311264E-15
0.921767  7.173306E-15
0.921998  7.499105E-15
0.922229  7.323610E-15
0.92246  7.228106E-15
0.922691  7.187069E-15
0.922921  7.199480E-15
0.923152  7.145510E-15
0.923383  7.182077E-15
0.923614  7.159181E-15
0.923845  7.356179E-15
0.924075  7.131636E-15
0.924306  7.080560E-15
0.924537  7.058214E-15
0.924768  6.968017E-15
0.924998  7.108698E-15
0.925229  6.982727E-15
0.92546  7.163104E-15
0.925691  7.056360E-15
0.925921  7.105935E-15
0.926152  7.062986E-15
0.926383  7.150602E-15
0.926614  7.004094E-15
0.926844  7.121473E-15
0.927075  7.061791E-15
0.927306  6.949273E-15
0.927537  7.070583E-15
0.927767  7.152265E-15
0.927998  7.058374E-15
0.928229  7.115026E-15
0.92846  7.106270E-15
0.92869  7.205765E-15
0.928921  7.226606E-15
0.929152  6.943994E-15
0.929383  7.207243E-15
0.929613  7.184437E-15
0.929844  7.118278E-15
0.930075  7.329402E-15
0.930305  7.268916E-15
0.930536  7.244764E-15
0.930767  7.335194E-15
0.930998  7.157009E-15
0.931228  7.177615E-15
0.931459  7.113662E-15
0.93169  7.566372E-15
0.93192  7.523120E-15
0.932151  7.292535E-15
0.932382  7.548810E-15
0.932612  7.574508E-15
0.932843  7.483805E-15
0.933074  7.633594E-15
0.933304  7.442965E-15
0.933535  7.578499E-15
0.933766  7.416402E-15
0.933997  7.448023E-15
0.934227  7.586860E-15
0.934458  7.831980E-15
0.934689  7.420556E-15
0.934919  7.350939E-15
0.93515  7.339798E-15
0.935381  7.520163E-15
0.935611  7.352003E-15
0.935842  7.281656E-15
0.936073  7.352155E-15
0.936303  7.495500E-15
0.936534  7.266580E-15
0.936765  7.416695E-15
0.936995  7.297338E-15
0.937226  7.144112E-15
0.937457  7.036557E-15
0.937687  7.322912E-15
0.937918  7.359516E-15
0.938148  7.194786E-15
0.938379  7.115325E-15
0.93861  7.092519E-15
0.93884  7.047142E-15
0.939071  7.054416E-15
0.939302  6.907239E-15
0.939532  6.841882E-15
0.939621  6.837312E-15
0.939893  6.812265E-15
0.940164  6.751084E-15
0.940436  6.695210E-15
0.940707  6.695582E-15
0.940978  6.809397E-15
0.94125  6.800219E-15
0.941521  6.817816E-15
0.941793  6.813969E-15
0.942064  6.894611E-15
0.942335  6.752950E-15
0.942607  6.768607E-15
0.942878  6.793820E-15
0.94315  6.751415E-15
0.943421  6.765858E-15
0.943692  6.910746E-15
0.943964  6.778185E-15
0.944235  6.826822E-15
0.944506  6.728627E-15
0.944777  6.835131E-15
0.945049  6.717779E-15
0.94532  6.797477E-15
0.945591  6.738286E-15
0.945863  6.677950E-15
0.946134  6.739063E-15
0.946405  6.671765E-15
0.946676  6.659718E-15
0.946948  6.721178E-15
0.947219  6.733687E-15
0.94749  6.652288E-15
0.947761  6.675216E-15
0.948033  6.719069E-15
0.948304  6.682461E-15
0.948575  6.622313E-15
0.948846  6.595073E-15
0.949118  6.627394E-15
0.949389  6.515643E-15
0.94966  6.585083E-15
0.949931  6.621165E-15
0.950202  6.689079E-15
0.950473  6.627642E-15
0.950745  6.668513E-15
0.951016  6.502827E-15
0.951287  6.555832E-15
0.951558  6.507277E-15
0.951829  6.536563E-15
0.9521  6.602547E-15
0.952371  6.616463E-15
0.952643  6.669090E-15
0.952914  6.709777E-15
0.953185  6.561291E-15
0.953456  6.628930E-15
0.953727  6.594323E-15
0.953998  6.517546E-15
0.954269  6.561240E-15
0.95454  6.644240E-15
0.954811  6.537691E-15
0.955082  6.604547E-15
0.955353  6.658576E-15
0.955625  6.675933E-15
0.955896  6.674551E-15
0.956167  6.721762E-15
0.956438  6.803699E-15
0.956709  6.734067E-15
0.95698  6.619348E-15
0.957251  6.680170E-15
0.957522  6.664645E-15
0.957793  6.714692E-15
0.958064  6.661430E-15
0.958335  6.701643E-15
0.958606  6.689315E-15
0.958877  6.679024E-15
0.959148  6.793374E-15
0.959419  6.728993E-15
0.959689  6.828351E-15
0.95996  6.737682E-15
0.960231  6.710668E-15
0.960502  6.636099E-15
0.960773  6.722904E-15
0.961044  6.652117E-15
0.961315  6.670758E-15
0.961586  6.648796E-15
0.961857  6.688045E-15
0.962128  6.698665E-15
0.962399  6.660193E-15
0.96267  6.584253E-15
0.96294  6.688882E-15
0.963211  6.690835E-15
0.963482  6.614784E-15
0.963753  6.673867E-15
0.964024  6.571252E-15
0.964295  6.600665E-15
0.964566  6.584493E-15
0.964836  6.570085E-15
0.965107  6.549532E-15
0.965378  6.479892E-15
0.965649  6.561570E-15
0.96592  6.496014E-15
0.966191  6.547919E-15
0.966461  6.529284E-15
0.966732  6.592192E-15
0.967003  6.573868E-15
0.967274  6.581621E-15
0.967544  6.587824E-15
0.967815  6.653692E-15
0.968086  6.624100E-15
0.968357  6.579591E-15
0.968628  6.586390E-15
0.968898  6.573944E-15
0.969169  6.641157E-15
0.96944  6.639151E-15
0.96971  6.587642E-15
0.969981  6.616350E-15
0.970252  6.614833E-15
0.970523  6.649077E-15
0.970793  6.739135E-15
0.971064  6.772367E-15
0.971335  6.709298E-15
0.971605  6.736052E-15
0.971876  6.797827E-15
0.972147  6.672709E-15
0.972417  6.745028E-15
0.972688  6.823009E-15
0.972959  6.776796E-15
0.973229  6.813828E-15
0.9735  6.885570E-15
0.973771  6.888880E-15
0.974041  6.909919E-15
0.974312  6.895653E-15
0.974583  6.906853E-15
0.974853  6.939941E-15
0.975124  6.914849E-15
0.975394  6.937308E-15
0.975665  6.942873E-15
0.975936  6.914184E-15
0.976206  6.856423E-15
0.976477  6.813482E-15
0.976747  6.910176E-15
0.977018  6.815220E-15
0.977288  6.829556E-15
0.977559  6.804547E-15
0.97783  6.840808E-15
0.9781  6.753740E-15
0.978371  6.749218E-15
0.978641  6.712458E-15
0.978912  6.709951E-15
0.979182  6.781968E-15
0.979453  6.694418E-15
0.979723  6.756351E-15
0.979994  6.759311E-15
0.980264  6.654032E-15
0.980535  6.731553E-15
0.980805  6.784861E-15
0.981076  6.590044E-15
0.981346  6.637205E-15
0.981617  6.656944E-15
0.981887  6.658091E-15
0.982158  6.664519E-15
0.982428  6.575651E-15
0.982699  6.669644E-15
0.982969  6.655647E-15
0.983239  6.602840E-15
0.98351  6.639403E-15
0.98378  6.618816E-15
0.984051  6.647746E-15
0.984321  6.638165E-15
0.984591  6.714558E-15
0.984862  6.709065E-15
0.985132  6.693476E-15
0.985403  6.616054E-15
0.985673  6.587144E-15
0.985943  6.560985E-15
0.986214  6.684477E-15
0.986484  6.716621E-15
0.986755  6.649283E-15
0.987025  6.702001E-15
0.987295  6.698463E-15
0.987566  6.698388E-15
0.987836  6.657566E-15
0.988106  6.657400E-15
0.988377  6.689568E-15
0.988647  6.522804E-15
0.988917  6.569674E-15
0.989188  6.568332E-15
0.989458  6.587678E-15
0.989728  6.586413E-15
0.989999  6.574215E-15
0.990269  6.580082E-15
0.990539  6.629554E-15
0.990809  6.577058E-15
0.99108  6.666509E-15
0.99135  6.648512E-15
0.99162  6.660315E-15
0.991891  6.632473E-15
0.992161  6.633463E-15
0.992431  6.710956E-15
0.992701  6.702341E-15
0.992972  6.664329E-15
0.993242  6.769035E-15
0.993512  6.720835E-15
0.993782  6.695114E-15
0.994052  6.728360E-15
0.994323  6.832375E-15
0.994593  6.833038E-15
0.994863  6.871635E-15
0.995133  6.780171E-15
0.995404  6.837839E-15
0.995674  6.954760E-15
0.995944  6.960747E-15
0.996214  6.972013E-15
0.996484  6.937232E-15
0.996754  7.079037E-15
0.997025  7.088767E-15
0.997295  7.178565E-15
0.997565  7.248837E-15
0.997835  7.241396E-15
0.998105  7.312226E-15
0.998375  7.377493E-15
0.998645  7.494037E-15
0.998916  7.570914E-15
0.999186  7.607445E-15
0.999456  7.622882E-15
0.999726  7.739721E-15
0.999996  7.738175E-15
1.00027  7.784966E-15
1.00054  7.881935E-15
1.00081  7.873244E-15
1.00108  8.005815E-15
1.00135  8.003344E-15
1.00162  7.946678E-15
1.00189  7.950824E-15
1.00216  7.873819E-15
1.00243  7.881160E-15
1.0027  7.739265E-15
1.00297  7.755907E-15
1.00324  7.672332E-15
1.00351  7.542518E-15
1.00378  7.578490E-15
1.00405  7.597963E-15
1.00432  7.520670E-15
1.00459  7.510568E-15
1.00486  7.538093E-15
1.00513  7.623983E-15
1.0054  7.557242E-15
1.00567  7.617512E-15
1.00594  7.616331E-15
1.00621  7.755049E-15
1.00648  7.732696E-15
1.00675  7.800674E-15
1.00702  7.824153E-15
1.00729  7.938563E-15
1.00756  7.943797E-15
1.00783  7.952849E-15
1.0081  7.823720E-15
1.00837  7.844946E-15
1.00864  7.784122E-15
1.00891  7.675942E-15
1.00918  7.615462E-15
1.00945  7.434647E-15
1.00972  7.489693E-15
1.00999  7.421986E-15
1.01026  7.392754E-15
1.01053  7.428779E-15
1.0108  7.433655E-15
1.01107  7.403674E-15
1.01134  7.528331E-15
1.01161  7.594292E-15
1.01188  7.615447E-15
1.01215  7.652738E-15
1.01242  7.705189E-15
1.01269  7.685373E-15
1.01296  7.690441E-15
1.01323  7.690267E-15
1.0135  7.695494E-15
1.01377  7.550081E-15
1.01403  7.452868E-15
1.0143  7.282792E-15
1.01457  7.204172E-15
1.01484  7.078970E-15
1.01511  6.934203E-15
1.01538  6.861104E-15
1.01565  6.809121E-15
1.01592  6.766013E-15
1.01619  6.630979E-15
1.01646  6.702238E-15
1.01673  6.701063E-15
1.017  6.588905E-15
1.01727  6.553376E-15
1.01754  6.521407E-15
1.01781  6.493347E-15
1.01808  6.513827E-15
1.01835  6.482363E-15
1.01862  6.469397E-15
1.01889  6.498728E-15
1.01916  6.503267E-15
1.01943  6.452797E-15
1.0197  6.486536E-15
1.01997  6.443897E-15
1.02024  6.451040E-15
1.02051  6.426394E-15
1.02078  6.412512E-15
1.02105  6.401838E-15
1.02132  6.385443E-15
1.02159  6.412693E-15
1.02186  6.412104E-15
1.02213  6.432148E-15
1.0224  6.327014E-15
1.02267  6.377678E-15
1.02294  6.393863E-15
1.02321  6.399378E-15
1.02348  6.505657E-15
1.02375  6.442493E-15
1.02402  6.529985E-15
1.02429  6.614789E-15
1.02456  6.639314E-15
1.02483  6.694447E-15
1.0251  6.796280E-15
1.02536  6.767978E-15
1.02563  6.838078E-15
1.0259  6.834844E-15
1.02617  6.947720E-15
1.02644  7.105032E-15
1.02671  7.028369E-15
1.02698  7.072516E-15
1.02725  7.048565E-15
1.02752  7.110665E-15
1.02779  7.049115E-15
1.02806  6.935378E-15
1.02833  6.837754E-15
1.0286  6.675697E-15
1.02887  6.585787E-15
1.02914  6.513553E-15
1.02941  6.427192E-15
1.02968  6.346237E-15
1.02995  6.355679E-15
1.03022  6.235981E-15
1.03049  6.233715E-15
1.03076  6.175226E-15
1.03103  6.130314E-15
1.0313  6.150908E-15
1.03157  6.185468E-15
1.03184  6.040922E-15
1.03211  6.106426E-15
1.03237  6.095770E-15
1.03264  6.022622E-15
1.03291  6.034998E-15
1.03318  6.051868E-15
1.03345  6.001777E-15
1.03372  6.029423E-15
1.03399  5.960742E-15
1.03426  5.993505E-15
1.03453  5.976662E-15
1.0348  6.020008E-15
1.03507  6.010362E-15
1.03534  5.967184E-15
1.03561  5.918559E-15
1.03588  5.824289E-15
1.03615  5.875730E-15
1.03642  5.866362E-15
1.03669  5.854211E-15
1.03696  5.905712E-15
1.03723  5.925415E-15
1.0375  5.854901E-15
1.03777  5.842834E-15
1.03803  5.829721E-15
1.0383  5.817692E-15
1.03857  5.786065E-15
1.03884  5.787442E-15
1.03911  5.758094E-15
1.03938  5.758756E-15
1.03965  5.767749E-15
1.03992  5.733534E-15
1.04019  5.682081E-15
1.04046  5.615820E-15
1.04073  5.582814E-15
1.041  5.700727E-15
1.04127  5.662504E-15
1.04154  5.656717E-15
1.04181  5.662494E-15
1.04208  5.628153E-15
1.04235  5.584181E-15
1.04262  5.564670E-15
1.04288  5.585827E-15
1.04315  5.562122E-15
1.04342  5.607435E-15
1.04369  5.532510E-15
1.04396  5.626256E-15
1.04423  5.627520E-15
1.0445  5.618031E-15
1.04477  5.603328E-15
1.04504  5.607267E-15
1.04531  5.574109E-15
1.04558  5.613953E-15
1.04585  5.528205E-15
1.04612  5.598950E-15
1.04639  5.515155E-15
1.04666  5.609155E-15
1.04693  5.612275E-15
1.04719  5.474149E-15
1.04746  5.587920E-15
1.04773  5.630057E-15
1.048  5.604825E-15
1.04827  5.562501E-15
1.04854  5.606705E-15
1.04881  5.657735E-15
1.04908  5.595695E-15
1.04935  5.692157E-15
1.04962  5.658742E-15
1.04989  5.697439E-15
1.05016  5.584277E-15
1.05043  5.621327E-15
1.0507  5.608530E-15
1.05096  5.648548E-15
1.05123  5.575717E-15
1.0515  5.641386E-15
1.05177  5.549610E-15
1.05204  5.612315E-15
1.05231  5.563035E-15
1.05258  5.607519E-15
1.05285  5.574253E-15
1.05312  5.547520E-15
1.05339  5.609380E-15
1.05366  5.512444E-15
1.05393  5.499347E-15
1.0542  5.541143E-15
1.05447  5.527318E-15
1.05473  5.467202E-15
1.055  5.544856E-15
1.05527  5.524079E-15
1.05554  5.550141E-15
1.05581  5.512856E-15
1.05608  5.473197E-15
1.05635  5.565663E-15
1.05662  5.541416E-15
1.05689  5.605449E-15
1.05716  5.581004E-15
1.05743  5.541452E-15
1.0577  5.547392E-15
1.05797  5.587046E-15
1.05823  5.517682E-15
1.0585  5.538716E-15
1.05877  5.600049E-15
1.05904  5.563312E-15
1.05931  5.543795E-15
1.05958  5.544899E-15
1.05985  5.491467E-15
1.06012  5.487505E-15
1.06039  5.480225E-15
1.06066  5.479244E-15
1.06093  5.441083E-15
1.0612  5.441720E-15
1.06146  5.460057E-15
1.06173  5.435573E-15
1.062  5.540913E-15
1.06227  5.487455E-15
1.06254  5.465910E-15
1.06281  5.478513E-15
1.06308  5.473525E-15
1.06335  5.510111E-15
1.06362  5.507211E-15
1.06389  5.560210E-15
1.06416  5.491562E-15
1.06443  5.564000E-15
1.06469  5.616288E-15
1.06496  5.587747E-15
1.06523  5.637245E-15
1.0655  5.612108E-15
1.06577  5.622528E-15
1.06604  5.637294E-15
1.06631  5.609697E-15
1.06658  5.595814E-15
1.06685  5.699744E-15
1.06712  5.716068E-15
1.06739  5.708082E-15
1.06765  5.665466E-15
1.06792  5.737226E-15
1.06819  5.731257E-15
1.06846  5.728270E-15
1.06873  5.681449E-15
1.069  5.773394E-15
1.06927  5.605389E-15
1.06954  5.643732E-15
1.06981  5.706011E-15
1.07008  5.656747E-15
1.07035  5.600820E-15
1.07061  5.600141E-15
1.07088  5.591739E-15
1.07115  5.596035E-15
1.07142  5.666148E-15
1.07169  5.649610E-15
1.07196  5.637072E-15
1.07223  5.658976E-15
1.0725  5.588886E-15
1.07277  5.661062E-15
1.07304  5.707583E-15
1.0733  5.704603E-15
1.07357  5.784233E-15
1.07384  5.737903E-15
1.07411  5.771715E-15
1.07438  5.794003E-15
1.07465  5.852887E-15
1.07492  5.877859E-15
1.07519  5.854951E-15
1.07546  5.745816E-15
1.07573  5.797537E-15
1.07599  5.790440E-15
1.07626  5.828250E-15
1.07653  5.701929E-15
1.0768  5.731902E-15
1.07707  5.751937E-15
1.07734  5.760132E-15
1.07761  5.731709E-15
1.07788  5.727396E-15
1.07815  5.647487E-15
1.07842  5.708809E-15
1.07868  5.614870E-15
1.07895  5.663862E-15
1.07922  5.765594E-15
1.07949  5.721316E-15
1.07976  5.770006E-15
1.08003  5.838357E-15
1.0803  5.741573E-15
1.08057  5.739073E-15
1.08084  5.772439E-15
1.08111  5.811533E-15
1.08137  5.794948E-15
1.08164  5.777929E-15
1.08191  5.796859E-15
1.08218  5.797216E-15
1.08245  5.815195E-15
1.08272  5.771016E-15
1.08299  5.796035E-15
1.08326  5.752055E-15
1.08353  5.885081E-15
1.08379  5.897309E-15
1.08406  5.892363E-15
1.08433  5.935998E-15
1.0846  5.948650E-15
1.08487  5.907937E-15
1.08514  5.965198E-15
1.08541  5.945367E-15
1.08568  5.987967E-15
1.08595  6.061547E-15
1.08622  6.012048E-15
1.08648  6.071734E-15
1.08675  6.084048E-15
1.08702  6.188762E-15
1.08729  6.253808E-15
1.08756  6.228315E-15
1.08783  6.132281E-15
1.0881  6.216328E-15
1.08837  6.199742E-15
1.08864  6.236814E-15
1.0889  6.305752E-15
1.08917  6.294832E-15
1.08944  6.284380E-15
1.08971  6.335963E-15
1.08998  6.339681E-15
1.09025  6.412950E-15
1.09052  6.401324E-15
1.09079  6.449036E-15
1.09105  6.546248E-15
1.09132  6.556529E-15
1.09159  6.596028E-15
1.09186  6.605276E-15
1.09213  6.651389E-15
1.0924  6.682185E-15
1.09267  6.590772E-15
1.09294  6.620252E-15
1.09321  6.624562E-15
1.09347  6.712855E-15
1.09374  6.735893E-15
1.09401  6.665011E-15
1.09428  6.609551E-15
1.09455  6.540918E-15
1.09482  6.560537E-15
1.09509  6.495010E-15
1.09536  6.402265E-15
1.09563  6.354716E-15
1.09589  6.310275E-15
1.09616  6.228085E-15
1.09643  6.131720E-15
1.0967  6.149477E-15
1.09697  6.103547E-15
1.09724  6.005924E-15
1.09751  5.894053E-15
1.09778  5.934507E-15
1.09804  5.891247E-15
1.09831  5.819572E-15
1.09858  5.697767E-15
1.09885  5.715148E-15
1.09912  5.592580E-15
1.09939  5.699739E-15
1.09966  5.691333E-15
1.09993  5.574711E-15
1.10019  5.637180E-15
1.10046  5.620620E-15
1.10073  5.505869E-15
1.101  5.486233E-15
1.10127  5.452662E-15
1.10154  5.475539E-15
1.10181  5.420746E-15
1.10208  5.442827E-15
1.10234  5.419865E-15
1.10261  5.423463E-15
1.10288  5.344710E-15
1.10315  5.373971E-15
1.10342  5.344606E-15
1.10369  5.366473E-15
1.10396  5.303225E-15
1.10423  5.194483E-15
1.10449  5.250704E-15
1.10476  5.224608E-15
1.10503  5.247552E-15
1.1053  5.233971E-15
1.10557  5.200328E-15
1.10584  5.240600E-15
1.10611  5.237580E-15
1.10638  5.158863E-15
1.10664  5.248520E-15
1.10691  5.168750E-15
1.10718  5.221916E-15
1.10745  5.238449E-15
1.10772  5.168952E-15
1.10799  5.157712E-15
1.10826  5.165918E-15
1.10853  5.198262E-15
1.10879  5.164828E-15
1.10906  5.219882E-15
1.10933  5.069583E-15
1.1096  5.158840E-15
1.10987  5.219363E-15
1.11014  5.160720E-15
1.11041  5.273119E-15
1.11068  5.139846E-15
1.11094  5.219590E-15
1.11121  5.223641E-15
1.11148  5.266809E-15
1.11175  5.261593E-15
1.11202  5.207747E-15
1.11229  5.238992E-15
1.11256  5.231659E-15
1.11283  5.303068E-15
1.11309  5.248410E-15
1.11336  5.314319E-15
1.11363  5.413076E-15
1.1139  5.435686E-15
1.11417  5.387784E-15
1.11444  5.316667E-15
1.11471  5.388629E-15
1.11497  5.363776E-15
1.11524  5.351395E-15
1.11551  5.327540E-15
1.11578  5.291511E-15
1.11605  5.376470E-15
1.11632  5.381634E-15
1.11659  5.421969E-15
1.11686  5.264405E-15
1.11712  5.457500E-15
1.11739  5.322225E-15
1.11766  5.258663E-15
1.11793  5.317819E-15
1.1182  5.364487E-15
1.11847  5.247839E-15
1.11874  5.307541E-15
1.119  5.375417E-15
1.11927  5.349379E-15
1.11954  5.357669E-15
1.11981  5.456846E-15
1.12008  5.373539E-15
1.12035  5.328847E-15
1.12062  5.213720E-15
1.12089  5.267853E-15
1.12115  5.298235E-15
1.12142  5.337474E-15
1.12169  5.303816E-15
1.12196  5.417910E-15
1.12223  5.500475E-15
1.1225  5.399382E-15
1.12277  5.433377E-15
1.12303  5.335395E-15
1.1233  5.573660E-15
1.12357  5.488916E-15
1.12384  5.256028E-15
1.12411  5.339620E-15
1.12438  5.409637E-15
1.12465  5.359792E-15
1.12492  5.312676E-15
1.12518  5.435542E-15
1.12545  5.328556E-15
1.12572  5.295478E-15
1.12599  5.471252E-15
1.12626  5.477206E-15
1.12653  5.442633E-15
1.1268  5.477365E-15
1.12706  5.377000E-15
1.12733  5.395384E-15
1.1276  5.480580E-15
1.12787  5.465901E-15
1.12814  5.495429E-15
1.1283  5.617952E-15
1.12863  5.683682E-15
1.12895  5.617303E-15
1.12928  5.747851E-15
1.1296  5.811756E-15
1.12993  5.855490E-15
1.13026  5.860873E-15
1.13058  5.807814E-15
1.13091  5.812847E-15
1.13123  5.749548E-15
1.13156  5.799946E-15
1.13188  5.740493E-15
1.13221  5.770194E-15
1.13253  5.694977E-15
1.13286  5.642209E-15
1.13318  5.635166E-15
1.13351  5.556706E-15
1.13383  5.494499E-15
1.13416  5.608611E-15
1.13448  5.829881E-15
1.13481  5.643989E-15
1.13513  5.537663E-15
1.13546  5.465361E-15
1.13578  5.456116E-15
1.13611  5.296063E-15
1.13643  5.118786E-15
1.13676  5.116696E-15
1.13709  5.129238E-15
1.13741  5.046423E-15
1.13774  4.989952E-15
1.13806  5.058893E-15
1.13839  5.071080E-15
1.13871  5.012184E-15
1.13904  4.949321E-15
1.13936  5.042714E-15
1.13969  4.975370E-15
1.14001  4.952294E-15
1.14034  4.932452E-15
1.14066  4.943601E-15
1.14099  4.959507E-15
1.14131  4.956227E-15
1.14164  4.905528E-15
1.14196  4.880376E-15
1.14229  4.896530E-15
1.14261  4.824200E-15
1.14294  4.868349E-15
1.14326  4.840564E-15
1.14359  4.850162E-15
1.14391  4.855374E-15
1.14424  4.822821E-15
1.14456  4.818325E-15
1.14489  4.831410E-15
1.14521  4.858200E-15
1.14554  4.817657E-15
1.14586  4.773796E-15
1.14619  4.800222E-15
1.14651  4.795626E-15
1.14684  4.831237E-15
1.14716  4.772442E-15
1.14749  4.800083E-15
1.14781  4.698041E-15
1.14814  4.724457E-15
1.14846  4.702332E-15
1.14879  4.617954E-15
1.14911  4.606375E-15
1.14944  4.714736E-15
1.14976  4.718541E-15
1.15008  4.632374E-15
1.15041  4.666811E-15
1.15073  4.674334E-15
1.15106  4.645650E-15
1.15138  4.638950E-15
1.15171  4.630214E-15
1.15203  4.663069E-15
1.15236  4.649493E-15
1.15268  4.579696E-15
1.15301  4.563344E-15
1.15333  4.637149E-15
1.15366  4.618341E-15
1.15398  4.591169E-15
1.15431  4.574282E-15
1.15463  4.615730E-15
1.15496  4.618438E-15
1.15528  4.597545E-15
1.15561  4.567314E-15
1.15593  4.578541E-15
1.15626  4.590983E-15
1.15658  4.609375E-15
1.15691  4.586657E-15
1.15723  4.571678E-15
1.15755  4.567652E-15
1.15788  4.561527E-15
1.1582  4.561216E-15
1.15853  4.609420E-15
1.15885  4.599602E-15
1.15918  4.597093E-15
1.1595  4.593803E-15
1.15983  4.602628E-15
1.16015  4.631917E-15
1.16048  4.610864E-15
1.1608  4.622217E-15
1.16113  4.608695E-15
1.16145  4.635864E-15
1.16177  4.633905E-15
1.1621  4.626810E-15
1.16242  4.618963E-15
1.16275  4.636475E-15
1.16307  4.627287E-15
1.1634  4.637156E-15
1.16372  4.645578E-15
1.16405  4.673631E-15
1.16437  4.655235E-15
1.1647  4.666101E-15
1.16502  4.655480E-15
1.16534  4.641204E-15
1.16567  4.639788E-15
1.16599  4.626208E-15
1.16632  4.635338E-15
1.16664  4.644349E-15
1.16697  4.682491E-15
1.16729  4.671217E-15
1.16762  4.661255E-15
1.16794  4.698776E-15
1.16826  4.653225E-15
1.16859  4.725808E-15
1.16891  4.686926E-15
1.16924  4.716380E-15
1.16956  4.703803E-15
1.16989  4.682929E-15
1.17021  4.707265E-15
1.17054  4.696691E-15
1.17086  4.756333E-15
1.17118  4.733822E-15
1.17151  4.764299E-15
1.17183  4.785203E-15
1.17216  4.785252E-15
1.17248  4.733449E-15
1.17281  4.798614E-15
1.17313  4.824490E-15
1.17345  4.849819E-15
1.17378  4.893776E-15
1.1741  4.855326E-15
1.17443  4.829548E-15
1.17475  4.843630E-15
1.17508  4.864546E-15
1.1754  4.824881E-15
1.17572  4.850755E-15
1.17605  4.885213E-15
1.17637  4.888202E-15
1.1767  4.908480E-15
1.17702  4.999679E-15
1.17735  5.008081E-15
1.17767  5.021573E-15
1.17799  5.086385E-15
1.17832  5.136882E-15
1.17864  5.148128E-15
1.17897  5.152261E-15
1.17929  5.191254E-15
1.17962  5.189101E-15
1.17994  5.244558E-15
1.18026  5.253589E-15
1.18059  5.320817E-15
1.18091  5.345905E-15
1.18124  5.418221E-15
1.18156  5.467515E-15
1.18189  5.556936E-15
1.18221  5.602928E-15
1.18253  5.635839E-15
1.18286  5.672029E-15
1.18318  5.694548E-15
1.18351  5.765544E-15
1.18383  5.832509E-15
1.18415  5.888063E-15
1.18448  5.916909E-15
1.1848  5.950520E-15
1.18513  5.942226E-15
1.18545  5.939768E-15
1.18577  5.923316E-15
1.1861  5.842331E-15
1.18642  5.833101E-15
1.18675  5.764767E-15
1.18707  5.740207E-15
1.18739  5.726374E-15
1.18772  5.722891E-15
1.18804  5.745930E-15
1.18837  5.692063E-15
1.18869  5.709462E-15
1.18901  5.753989E-15
1.18934  5.718828E-15
1.18966  5.725441E-15
1.18999  5.755541E-15
1.19031  5.797423E-15
1.19063  5.829155E-15
1.19096  5.870271E-15
1.19128  5.868224E-15
1.19161  5.825774E-15
1.19193  5.757344E-15
1.19225  5.651779E-15
1.19258  5.638519E-15
1.1929  5.550825E-15
1.19323  5.487912E-15
1.19355  5.382625E-15
1.19387  5.329219E-15
1.1942  5.297524E-15
1.19452  5.228284E-15
1.19485  5.186993E-15
1.19517  5.133654E-15
1.19549  5.098567E-15
1.19582  5.107225E-15
1.19614  5.052806E-15
1.19647  5.032623E-15
1.19679  5.019035E-15
1.19711  4.968477E-15
1.19744  4.967849E-15
1.19776  4.939050E-15
1.19808  4.961347E-15
1.19841  4.959879E-15
1.19873  4.929354E-15
1.19906  4.886264E-15
1.19938  4.895268E-15
1.1997  4.865887E-15
1.20003  4.865864E-15
1.20035  4.824414E-15
1.20068  4.842905E-15
1.201  4.842236E-15
1.20132  4.836611E-15
1.20165  4.802742E-15
1.20197  4.778999E-15
1.20229  4.771167E-15
1.20262  4.777634E-15
1.20294  4.749725E-15
1.20327  4.786432E-15
1.20359  4.794210E-15
1.20391  4.762746E-15
1.20424  4.731286E-15
1.20456  4.807067E-15
1.20488  4.768423E-15
1.20521  4.743458E-15
1.20553  4.728829E-15
1.20586  4.737778E-15
1.20618  4.719460E-15
1.2065  4.722106E-15
1.20683  4.694845E-15
1.20715  4.658824E-15
1.20747  4.674820E-15
1.2078  4.654292E-15
1.20812  4.638345E-15
1.20844  4.593862E-15
1.20877  4.582226E-15
1.20909  4.561552E-15
1.20942  4.534781E-15
1.20974  4.542883E-15
1.21006  4.535312E-15
1.21039  4.586612E-15
1.21071  4.553279E-15
1.21103  4.532547E-15
1.21136  4.504109E-15
1.21168  4.488858E-15
1.212  4.490854E-15
1.21233  4.488017E-15
1.21265  4.516738E-15
1.21297  4.505311E-15
1.2133  4.481834E-15
1.21362  4.494217E-15
1.21395  4.474856E-15
1.21427  4.495839E-15
1.21459  4.470319E-15
1.21492  4.459223E-15
1.21524  4.481224E-15
1.21556  4.485706E-15
1.21589  4.490171E-15
1.21621  4.453577E-15
1.21653  4.444434E-15
1.21686  4.447775E-15
1.21718  4.427972E-15
1.2175  4.448207E-15
1.21783  4.456951E-15
1.21815  4.455753E-15
1.21847  4.481275E-15
1.2188  4.439062E-15
1.21912  4.491266E-15
1.21945  4.468064E-15
1.21977  4.453653E-15
1.22009  4.471759E-15
1.22042  4.452136E-15
1.22074  4.455385E-15
1.22106  4.443225E-15
1.22139  4.500302E-15
1.22171  4.485277E-15
1.22203  4.478805E-15
1.22236  4.485003E-15
1.22268  4.491189E-15
1.223  4.477273E-15
1.22333  4.509121E-15
1.22365  4.529571E-15
1.22397  4.533154E-15
1.2243  4.551806E-15
1.22462  4.546249E-15
1.22494  4.548969E-15
1.22527  4.563005E-15
1.22559  4.524897E-15
1.22591  4.552094E-15
1.22624  4.528910E-15
1.22656  4.541504E-15
1.22688  4.489154E-15
1.22721  4.522479E-15
1.22753  4.484538E-15
1.22785  4.515412E-15
1.22818  4.496601E-15
1.2285  4.446379E-15
1.22882  4.496275E-15
1.22915  4.522055E-15
1.22947  4.526840E-15
1.22979  4.535656E-15
1.23012  4.546832E-15
1.23044  4.490615E-15
1.23076  4.487396E-15
1.23109  4.514151E-15
1.23141  4.516109E-15
1.23173  4.528659E-15
1.23206  4.540886E-15
1.23238  4.566993E-15
1.2327  4.580525E-15
1.23303  4.571553E-15
1.23335  4.542008E-15
1.23367  4.555921E-15
1.234  4.549358E-15
1.23432  4.554018E-15
1.23464  4.533976E-15
1.23496  4.577305E-15
1.23529  4.559163E-15
1.23561  4.598417E-15
1.23593  4.563069E-15
1.23626  4.619309E-15
1.23658  4.578693E-15
1.2369  4.612695E-15
1.23723  4.593929E-15
1.23755  4.621001E-15
1.23787  4.639869E-15
1.2382  4.642338E-15
1.23852  4.653768E-15
1.23884  4.662101E-15
1.23917  4.678451E-15
1.23949  4.732524E-15
1.23981  4.700072E-15
1.24014  4.716070E-15
1.24046  4.768844E-15
1.24078  4.794630E-15
1.2411  4.795281E-15
1.24143  4.824266E-15
1.24175  4.841049E-15
1.24207  4.931744E-15
1.2424  4.916284E-15
1.24272  4.977256E-15
1.24304  4.997646E-15
1.24337  5.013081E-15
1.24369  5.025847E-15
1.24401  5.048119E-15
1.24434  5.088975E-15
1.24466  5.063274E-15
1.24498  5.023079E-15
1.2453  5.034525E-15
1.24563  5.001186E-15
1.24595  4.977282E-15
1.24627  4.910088E-15
1.2466  4.898428E-15
1.24692  4.856771E-15
1.24724  4.850378E-15
1.24757  4.817309E-15
1.24789  4.784501E-15
1.24821  4.789701E-15
1.24854  4.722292E-15
1.24886  4.738855E-15
1.24918  4.675697E-15
1.2495  4.673164E-15
1.24983  4.689606E-15
1.25015  4.671077E-15
1.25047  4.681772E-15
1.2508  4.645549E-15
1.25112  4.679699E-15
1.25144  4.627631E-15
1.25177  4.619544E-15
1.25209  4.631893E-15
1.25241  4.659750E-15
1.25273  4.641807E-15
1.25306  4.650699E-15
1.25338  4.635764E-15
1.2537  4.659141E-15
1.25403  4.651124E-15
1.25435  4.657448E-15
1.25467  4.672769E-15
1.25499  4.646223E-15
1.25532  4.661200E-15
1.25564  4.663251E-15
1.25596  4.664870E-15
1.25629  4.649162E-15
1.25661  4.687467E-15
1.25693  4.701022E-15
1.25725  4.689325E-15
1.25758  4.721420E-15
1.2579  4.725284E-15
1.25822  4.737731E-15
1.25855  4.711131E-15
1.25887  4.795254E-15
1.25919  4.765387E-15
1.25951  4.798229E-15
1.25984  4.809508E-15
1.26016  4.852316E-15
1.26048  4.815645E-15
1.26081  4.831404E-15
1.26113  4.882719E-15
1.26145  4.889870E-15
1.26177  4.916297E-15
1.2621  4.958893E-15
1.26242  4.890773E-15
1.26274  4.991296E-15
1.26307  4.997607E-15
1.26339  5.087268E-15
1.26371  5.056622E-15
1.26403  5.072527E-15
1.26436  5.102278E-15
1.26468  5.111333E-15
1.265  5.140882E-15
1.26533  5.189584E-15
1.26565  5.184532E-15
1.26597  5.170345E-15
1.26629  5.157218E-15
1.26662  5.285566E-15
1.26694  5.261029E-15
1.26726  5.266266E-15
1.26758  5.278362E-15
1.26791  5.325064E-15
1.26823  5.332966E-15
1.26855  5.341649E-15
1.26888  5.292751E-15
1.2692  5.334601E-15
1.26952  5.352498E-15
1.26984  5.353513E-15
1.27017  5.359371E-15
1.27049  5.361128E-15
1.27081  5.299106E-15
1.27113  5.334533E-15
1.27146  5.351334E-15
1.27178  5.350631E-15
1.2721  5.388153E-15
1.27243  5.419281E-15
1.27275  5.347126E-15
1.27307  5.411952E-15
1.27339  5.377384E-15
1.27372  5.411599E-15
1.27404  5.426861E-15
1.27436  5.413218E-15
1.27468  5.403740E-15
1.27501  5.360679E-15
1.27533  5.328301E-15
1.27565  5.378037E-15
1.27597  5.347122E-15
1.2763  5.359685E-15
1.27662  5.349507E-15
1.27694  5.363581E-15
1.27727  5.322119E-15
1.27759  5.345528E-15
1.27791  5.325685E-15
1.27823  5.398518E-15
1.27856  5.329962E-15
1.27888  5.336105E-15
1.2792  5.364425E-15
1.27952  5.408928E-15
1.27985  5.390349E-15
1.28017  5.425903E-15
1.28049  5.440099E-15
1.28081  5.475603E-15
1.28114  5.495279E-15
1.28146  5.678234E-15
1.28178  5.792686E-15
1.2821  5.837433E-15
1.28243  5.870366E-15
1.28275  5.947061E-15
1.28307  5.941638E-15
1.28339  6.021813E-15
1.28372  5.963703E-15
1.28404  6.024854E-15
1.28436  5.976829E-15
1.28469  6.077428E-15
1.28501  6.018411E-15
1.28533  6.051563E-15
1.28565  6.021138E-15
1.28598  6.034130E-15
1.2863  5.993227E-15
1.28662  6.006940E-15
1.28694  6.036915E-15
1.28727  6.070234E-15
1.28759  6.022867E-15
1.28791  6.048297E-15
1.28823  6.024003E-15
1.28856  6.014798E-15
1.28888  5.980941E-15
1.2892  5.939373E-15
1.28952  5.914700E-15
1.28985  5.948848E-15
1.29017  5.927313E-15
1.29049  5.957744E-15
1.29081  5.912098E-15
1.29114  5.960031E-15
1.29146  5.971117E-15
1.29178  5.975174E-15
1.2921  5.938992E-15
1.29243  6.023529E-15
1.29275  6.015033E-15
1.29307  6.089799E-15
1.29339  6.104630E-15
1.29372  6.190487E-15
1.29404  6.172268E-15
1.29436  6.240769E-15
1.29468  6.251482E-15
1.295  6.279825E-15
1.29533  6.302094E-15
1.29565  6.314814E-15
1.29597  6.376651E-15
1.29629  6.341670E-15
1.29662  6.334040E-15
1.29694  6.310103E-15
1.29726  6.257339E-15
1.29758  6.173589E-15
1.29791  6.077206E-15
1.29823  6.017549E-15
1.29855  5.898239E-15
1.29887  5.778875E-15
1.2992  5.722490E-15
1.29952  5.635464E-15
1.29984  5.532931E-15
1.30016  5.493448E-15
1.30049  5.429413E-15
1.30081  5.329527E-15
1.30113  5.274763E-15
1.30145  5.253076E-15
1.30178  5.194820E-15
1.3021  5.166464E-15
1.30242  5.157806E-15
1.30274  5.152465E-15
1.30306  5.091385E-15
1.30339  5.113781E-15
1.30371  5.041671E-15
1.30403  5.009636E-15
1.30435  5.000035E-15
1.30468  4.977004E-15
1.305  4.930774E-15
1.30532  4.914974E-15
1.30564  4.888638E-15
1.30597  4.898260E-15
1.30629  4.927370E-15
1.30661  4.883011E-15
1.30693  4.788939E-15
1.30726  4.860801E-15
1.30758  4.799081E-15
1.3079  4.816962E-15
1.30822  4.743584E-15
1.30854  4.756576E-15
1.30887  4.747851E-15
1.30919  4.758628E-15
1.30951  4.727209E-15
1.30983  4.711454E-15
1.31016  4.737077E-15
1.31048  4.735784E-15
1.3108  4.692676E-15
1.31112  4.691003E-15
1.31145  4.676456E-15
1.31177  4.697815E-15
1.31209  4.728299E-15
1.31241  4.635088E-15
1.31273  4.694741E-15
1.31306  4.732812E-15
1.31338  4.726357E-15
1.3137  4.708029E-15
1.31402  4.723242E-15
1.31435  4.737475E-15
1.31467  4.721683E-15
1.31499  4.747850E-15
1.31531  4.719382E-15
1.31563  4.769806E-15
1.31596  4.740634E-15
1.31628  4.808561E-15
1.3166  4.748630E-15
1.31692  4.728254E-15
1.31725  4.711217E-15
1.31757  4.727714E-15
1.31789  4.732462E-15
1.31821  4.744462E-15
1.31854  4.739674E-15
1.31886  4.780001E-15
1.31918  4.801744E-15
1.3195  4.784780E-15
1.31982  4.743268E-15
1.32015  4.758864E-15
1.32047  4.664807E-15
1.32079  4.681038E-15
1.32111  4.604151E-15
1.32144  4.621333E-15
1.32176  4.569877E-15
1.32208  4.626989E-15
1.3224  4.549267E-15
1.32272  4.559707E-15
1.32305  4.550860E-15
1.32337  4.527574E-15
1.32369  4.554235E-15
1.32401  4.542945E-15
1.32433  4.525214E-15
1.32466  4.548115E-15
1.32498  4.505234E-15
1.3253  4.510115E-15
1.32562  4.467209E-15
1.32595  4.519440E-15
1.32627  4.532051E-15
1.32659  4.572169E-15
1.32691  4.538158E-15
1.32723  4.559761E-15
1.32756  4.499523E-15
1.32788  4.540679E-15
1.3282  4.548293E-15
1.32852  4.538046E-15
1.32885  4.604106E-15
1.32917  4.573019E-15
1.32949  4.577149E-15
1.32981  4.599502E-15
1.33013  4.584947E-15
1.33046  4.567043E-15
1.33078  4.613171E-15
1.3311  4.645664E-15
1.33142  4.599512E-15
1.33174  4.604290E-15
1.33207  4.675843E-15
1.33239  4.665662E-15
1.33271  4.626771E-15
1.33303  4.679738E-15
1.33336  4.747693E-15
1.33368  4.737944E-15
1.334  4.755455E-15
1.33432  4.751851E-15
1.33464  4.818408E-15
1.33497  4.806026E-15
1.33529  4.821443E-15
1.33561  4.929263E-15
1.33593  4.882384E-15
1.33625  4.881771E-15
1.33658  4.916396E-15
1.3369  4.988280E-15
1.33722  4.959738E-15
1.33754  5.001277E-15
1.33786  4.980497E-15
1.33819  4.985985E-15
1.33851  4.942135E-15
1.33883  4.943165E-15
1.33915  4.864485E-15
1.33948  4.845334E-15
1.3398  4.868648E-15
1.34012  4.859753E-15
1.34044  4.719129E-15
1.34076  4.705903E-15
1.34109  4.685782E-15
1.34141  4.698996E-15
1.34173  4.567806E-15
1.34205  4.556410E-15
1.34237  4.626855E-15
1.3427  4.566557E-15
1.34302  4.478004E-15
1.34334  4.540233E-15
1.34366  4.580862E-15
1.34398  4.644879E-15
1.34431  4.565660E-15
1.34463  4.524314E-15
1.34495  4.535061E-15
1.34527  4.518028E-15
1.34559  4.485812E-15
1.34592  4.419604E-15
1.34624  4.498754E-15
1.34656  4.447549E-15
1.34688  4.403862E-15
1.34721  4.502090E-15
1.34753  4.574690E-15
1.34785  4.539133E-15
1.34817  4.437883E-15
1.34849  4.575666E-15
1.34882  4.499460E-15
1.34914  4.457401E-15
1.34946  4.435197E-15
1.34978  4.550669E-15
1.42492  4.277998E-15
1.42532  4.329758E-15
1.42573  4.216024E-15
1.42614  4.204483E-15
1.42654  4.239045E-15
1.42695  4.295897E-15
1.42735  4.298622E-15
1.42776  4.304574E-15
1.42817  4.370033E-15
1.42857  4.360188E-15
1.42898  4.246459E-15
1.42938  4.278255E-15
1.42979  4.240744E-15
1.4302  4.139320E-15
1.4306  4.173383E-15
1.43101  4.265750E-15
1.43141  4.275782E-15
1.43182  4.389419E-15
1.43223  4.419851E-15
1.43263  4.386432E-15
1.43304  4.267517E-15
1.43344  4.315150E-15
1.43385  4.363846E-15
1.43425  4.285575E-15
1.43466  4.208291E-15
1.43507  4.262528E-15
1.43547  4.274529E-15
1.43588  4.245641E-15
1.43628  4.205982E-15
1.43669  4.197498E-15
1.4371  4.325338E-15
1.4375  4.392401E-15
1.43791  4.291370E-15
1.43831  4.239593E-15
1.43872  4.245430E-15
1.43912  4.282262E-15
1.43953  4.209419E-15
1.43994  4.186454E-15
1.44034  4.203988E-15
1.44075  4.287202E-15
1.44115  4.249625E-15
1.44156  4.241249E-15
1.44196  4.163514E-15
1.44237  4.289373E-15
1.44278  4.226305E-15
1.44318  4.159810E-15
1.44359  4.184619E-15
1.44399  4.253592E-15
1.4444  4.146250E-15
1.4448  4.142156E-15
1.44521  4.312575E-15
1.44561  4.319179E-15
1.44602  4.208812E-15
1.44643  4.245936E-15
1.44683  4.305102E-15
1.44724  4.198289E-15
1.44764  4.173870E-15
1.44805  4.193277E-15
1.44845  4.153598E-15
1.44886  4.126172E-15
1.44926  4.172990E-15
1.44967  4.212755E-15
1.45008  4.259162E-15
1.45048  4.377786E-15
1.45089  4.332595E-15
1.45129  4.304261E-15
1.4517  4.342225E-15
1.4521  4.284260E-15
1.45251  4.205908E-15
1.45291  4.180879E-15
1.45332  4.164706E-15
1.45372  4.141407E-15
1.45413  4.128904E-15
1.45454  4.133553E-15
1.45494  4.141601E-15
1.45535  4.132888E-15
1.45575  4.129383E-15
1.45616  4.171914E-15
1.45656  4.185447E-15
1.45697  4.162156E-15
1.45737  4.183205E-15
1.45778  4.151227E-15
1.45818  4.116261E-15
1.45859  4.141009E-15
1.45899  4.130968E-15
1.4594  4.135170E-15
1.4598  4.188094E-15
1.46021  4.162906E-15
1.46062  4.150190E-15
1.46102  4.226040E-15
1.46143  4.215235E-15
1.46183  4.148329E-15
1.46224  4.182132E-15
1.46264  4.233339E-15
1.46305  4.219378E-15
1.46345  4.163190E-15
1.46386  4.138930E-15
1.46426  4.190295E-15
1.46467  4.194786E-15
1.46507  4.183079E-15
1.46548  4.148053E-15
1.46588  4.222303E-15
1.46629  4.281821E-15
1.46669  4.269397E-15
1.4671  4.211221E-15
1.4675  4.236108E-15
1.46791  4.176442E-15
1.46831  4.175158E-15
1.46872  4.180511E-15
1.46912  4.264630E-15
1.46953  4.237880E-15
1.46993  4.214104E-15
1.47034  4.379906E-15
1.47074  4.397119E-15
1.47115  4.254610E-15
1.47155  4.301188E-15
1.47196  4.400156E-15
1.47236  4.324493E-15
1.47277  4.235492E-15
1.47317  4.324544E-15
1.47358  4.293714E-15
1.47398  4.229126E-15
1.47439  4.200552E-15
1.47479  4.217547E-15
1.4752  4.244737E-15
1.4756  4.246777E-15
1.47601  4.220773E-15
1.47641  4.258885E-15
1.47682  4.279490E-15
1.47722  4.302869E-15
1.47763  4.295467E-15
1.47803  4.264634E-15
1.47844  4.232284E-15
1.47884  4.293813E-15
1.47925  4.258575E-15
1.47965  4.262127E-15
1.48006  4.316396E-15
1.48046  4.285481E-15
1.48087  4.231270E-15
1.48127  4.330580E-15
1.48168  4.375479E-15
1.48208  4.273249E-15
1.48249  4.300566E-15
1.48289  4.321975E-15
1.4833  4.305685E-15
1.4837  4.312600E-15
1.48411  4.316149E-15
1.48451  4.292932E-15
1.48491  4.305339E-15
1.48532  4.336692E-15
1.48572  4.329462E-15
1.48613  4.370622E-15
1.48653  4.389282E-15
1.48694  4.382312E-15
1.48734  4.417731E-15
1.48775  4.450530E-15
1.48815  4.400594E-15
1.48856  4.390372E-15
1.48896  4.445322E-15
1.48937  4.456689E-15
1.48977  4.388765E-15
1.49018  4.378905E-15
1.49058  4.402876E-15
1.49099  4.432551E-15
1.49139  4.379071E-15
1.49179  4.407638E-15
1.4922  4.420720E-15
1.4926  4.437307E-15
1.49301  4.414977E-15
1.49341  4.440207E-15
1.49382  4.436545E-15
1.49422  4.445915E-15
1.49463  4.445012E-15
1.49503  4.467375E-15
1.49544  4.492949E-15
1.49584  4.517952E-15
1.49624  4.520755E-15
1.49665  4.504761E-15
1.49705  4.485031E-15
1.49746  4.486969E-15
1.49786  4.479875E-15
1.49827  4.476473E-15
1.49867  4.493844E-15
1.49908  4.517866E-15
1.49948  4.506083E-15
1.49988  4.509585E-15
1.50029  4.538204E-15
1.50069  4.538496E-15
1.5011  4.539928E-15
1.5015  4.568083E-15
1.50191  4.575340E-15
1.50231  4.612544E-15
1.50272  4.627653E-15
1.50312  4.701047E-15
1.50352  4.706514E-15
1.50393  4.734691E-15
1.50433  4.761920E-15
1.50474  4.776913E-15
1.50514  4.793822E-15
1.50555  4.804456E-15
1.50595  4.799957E-15
1.50636  4.809268E-15
1.50676  4.825742E-15
1.50716  4.862999E-15
1.50757  4.868501E-15
1.50797  4.954013E-15
1.50838  4.964065E-15
1.50878  4.999587E-15
1.50919  4.981133E-15
1.50959  5.052222E-15
1.50999  5.065220E-15
1.5104  5.080331E-15
1.5108  5.112946E-15
1.51121  5.152202E-15
1.51161  5.191769E-15
1.51202  5.249015E-15
1.51242  5.289557E-15
1.51282  5.339177E-15
1.51323  5.376628E-15
1.51363  5.466515E-15
1.51404  5.509760E-15
1.51444  5.611767E-15
1.51484  5.672095E-15
1.51525  5.748537E-15
1.51565  5.826577E-15
1.51606  5.943388E-15
1.51646  6.019740E-15
1.51687  6.113173E-15
1.51727  6.185020E-15
1.51767  6.259319E-15
1.51808  6.313026E-15
1.51848  6.439363E-15
1.51889  6.485044E-15
1.51929  6.537342E-15
1.51969  6.449100E-15
1.5201  6.408855E-15
1.5205  6.297560E-15
1.52091  6.175591E-15
1.52131  6.037978E-15
1.52171  5.891492E-15
1.52212  5.768675E-15
1.52252  5.624442E-15
1.52293  5.521242E-15
1.52333  5.413768E-15
1.52373  5.330000E-15
1.52414  5.304946E-15
1.52454  5.201722E-15
1.52495  5.186599E-15
1.52535  5.099335E-15
1.52576  5.065321E-15
1.52616  4.995290E-15
1.52656  4.936716E-15
1.52697  4.890599E-15
1.52737  4.847130E-15
1.52777  4.816378E-15
1.52818  4.790369E-15
1.52858  4.804652E-15
1.52899  4.802126E-15
1.52939  4.720433E-15
1.52979  4.729718E-15
1.5302  4.726945E-15
1.5306  4.687839E-15
1.53101  4.661322E-15
1.53141  4.641097E-15
1.53181  4.588106E-15
1.53222  4.593314E-15
1.53262  4.559284E-15
1.53303  4.524181E-15
1.53343  4.500146E-15
1.53383  4.515413E-15
1.53424  4.490705E-15
1.53464  4.483262E-15
1.53505  4.479396E-15
1.53545  4.477911E-15
1.53585  4.447877E-15
1.53626  4.427562E-15
1.53666  4.422631E-15
1.53706  4.401456E-15
1.53747  4.399642E-15
1.53787  4.407836E-15
1.53828  4.378094E-15
1.53868  4.367097E-15
1.53908  4.383345E-15
1.53949  4.394408E-15
1.53989  4.361664E-15
1.54029  4.347952E-15
1.5407  4.363739E-15
1.5411  4.351074E-15
1.54151  4.318033E-15
1.54191  4.318132E-15
1.54231  4.299503E-15
1.54272  4.307739E-15
1.54312  4.283994E-15
1.54352  4.264766E-15
1.54393  4.259256E-15
1.54433  4.256971E-15
1.54474  4.239611E-15
1.54514  4.259819E-15
1.54554  4.262472E-15
1.54595  4.255729E-15
1.54635  4.237631E-15
1.54675  4.251686E-15
1.54716  4.262128E-15
1.54756  4.258561E-15
1.54796  4.261517E-15
1.54837  4.258343E-15
1.54877  4.226182E-15
1.54918  4.257422E-15
1.54958  4.233218E-15
1.54998  4.228044E-15
1.55039  4.215725E-15
1.55079  4.247657E-15
1.55119  4.267201E-15
1.5516  4.234226E-15
1.552  4.252133E-15
1.5524  4.243352E-15
1.55281  4.226085E-15
1.55321  4.204118E-15
1.55362  4.209662E-15
1.55402  4.196468E-15
1.55442  4.176217E-15
1.55483  4.189643E-15
1.55523  4.166322E-15
1.55563  4.184840E-15
1.55604  4.152000E-15
1.55644  4.176981E-15
1.55684  4.164440E-15
1.55725  4.199839E-15
1.55765  4.205764E-15
1.55805  4.199516E-15
1.55846  4.214966E-15
1.55886  4.224227E-15
1.55926  4.209379E-15
1.55967  4.204782E-15
1.56007  4.229199E-15
1.56047  4.244359E-15
1.56088  4.209431E-15
1.56128  4.236357E-15
1.56169  4.214809E-15
1.56209  4.217695E-15
1.56249  4.207476E-15
1.5629  4.225381E-15
1.5633  4.208310E-15
1.5637  4.213674E-15
1.56411  4.195523E-15
1.56451  4.210205E-15
1.56491  4.200475E-15
1.56532  4.216935E-15
1.56572  4.210337E-15
1.56612  4.202302E-15
1.56653  4.197244E-15
1.56693  4.227876E-15
1.56733  4.214625E-15
1.56774  4.204000E-15
1.56814  4.220194E-15
1.56854  4.222814E-15
1.56895  4.219907E-15
1.56935  4.212446E-15
1.56975  4.228599E-15
1.57016  4.230304E-15
1.57056  4.193489E-15
1.57096  4.223532E-15
1.57137  4.198192E-15
1.57177  4.238392E-15
1.57217  4.223018E-15
1.57258  4.254961E-15
1.57298  4.238998E-15
1.57338  4.232809E-15
1.57379  4.257193E-15
1.57419  4.248580E-15
1.57459  4.241283E-15
1.575  4.236994E-15
1.5754  4.239613E-15
1.5758  4.226096E-15
1.57621  4.258525E-15
1.57661  4.252569E-15
1.57701  4.239116E-15
1.57742  4.253406E-15
1.57782  4.199914E-15
1.57822  4.200197E-15
1.57863  4.174488E-15
1.57903  4.198284E-15
1.57943  4.175491E-15
1.57983  4.204814E-15
1.58024  4.183018E-15
1.58064  4.183977E-15
1.58104  4.170493E-15
1.58145  4.194380E-15
1.58185  4.196532E-15
1.58225  4.187819E-15
1.58266  4.184412E-15
1.58306  4.211851E-15
1.58346  4.180890E-15
1.58387  4.230952E-15
1.58427  4.188919E-15
1.58467  4.224356E-15
1.58508  4.216735E-15
1.58548  4.194572E-15
1.58588  4.203788E-15
1.58629  4.220119E-15
1.58669  4.179803E-15
1.58709  4.181415E-15
1.5875  4.158197E-15
1.5879  4.184798E-15
1.5883  4.167678E-15
1.5887  4.185253E-15
1.58911  4.186484E-15
1.58951  4.232463E-15
1.58991  4.242127E-15
1.59032  4.237594E-15
1.59072  4.225975E-15
1.59112  4.262463E-15
1.59153  4.180830E-15
1.59193  4.220165E-15
1.59233  4.230958E-15
1.59274  4.217534E-15
1.59314  4.209961E-15
1.59354  4.197763E-15
1.59394  4.165041E-15
1.59435  4.192685E-15
1.59475  4.158900E-15
1.59515  4.192713E-15
1.59556  4.174506E-15
1.59596  4.216530E-15
1.59636  4.205551E-15
1.59677  4.236136E-15
1.59717  4.185310E-15
1.59757  4.177928E-15
1.59797  4.178724E-15
1.59838  4.158056E-15
1.59878  4.176804E-15
1.59918  4.194480E-15
1.59959  4.169351E-15
1.59999  4.173798E-15
1.60039  4.187042E-15
1.6008  4.204610E-15
1.6012  4.220791E-15
1.6016  4.234449E-15
1.602  4.223615E-15
1.60241  4.213604E-15
1.60281  4.192768E-15
1.60321  4.205801E-15
1.60362  4.202679E-15
1.60402  4.243898E-15
1.60442  4.233933E-15
1.60482  4.237570E-15
1.60523  4.227840E-15
1.60563  4.232340E-15
1.60603  4.253771E-15
1.60644  4.239054E-15
1.60684  4.267242E-15
1.60724  4.273202E-15
1.60765  4.256858E-15
1.60805  4.305679E-15
1.60845  4.271952E-15
1.60885  4.279349E-15
1.60926  4.282098E-15
1.60966  4.291003E-15
1.61006  4.239124E-15
1.61047  4.264676E-15
1.61087  4.213789E-15
1.61127  4.247781E-15
1.61167  4.225075E-15
1.61208  4.235459E-15
1.61248  4.243035E-15
1.61288  4.256920E-15
1.61329  4.259886E-15
1.61369  4.288689E-15
1.61409  4.249948E-15
1.61449  4.283188E-15
1.6149  4.247091E-15
1.6153  4.255573E-15
1.6157  4.258308E-15
1.61611  4.255506E-15
1.61651  4.253729E-15
1.61691  4.265116E-15
1.61731  4.249651E-15
1.61772  4.244900E-15
1.61812  4.245411E-15
1.61852  4.211371E-15
1.61892  4.220868E-15
1.61933  4.220547E-15
1.61973  4.200798E-15
1.62013  4.227996E-15
1.62054  4.231742E-15
1.62094  4.232206E-15
1.62134  4.202419E-15
1.62174  4.207716E-15
1.62215  4.175261E-15
1.62255  4.161994E-15
1.62295  4.145179E-15
1.62336  4.140790E-15
1.62376  4.182821E-15
1.62416  4.184294E-15
1.62456  4.167804E-15
1.62497  4.194808E-15
1.62537  4.147278E-15
1.62577  4.187478E-15
1.62617  4.160564E-15
1.62658  4.174384E-15
1.62698  4.158489E-15
1.62738  4.152452E-15
1.62779  4.149310E-15
1.62819  4.173322E-15
1.62859  4.152955E-15
1.62899  4.166778E-15
1.6294  4.163875E-15
1.6298  4.163059E-15
1.6302  4.175529E-15
1.6306  4.192750E-15
1.63101  4.154299E-15
1.63141  4.207077E-15
1.63181  4.193964E-15
1.63222  4.193211E-15
1.63262  4.198384E-15
1.63302  4.181600E-15
1.63342  4.150560E-15
1.63383  4.181177E-15
1.63423  4.173215E-15
1.63463  4.186072E-15
1.63503  4.186770E-15
1.63544  4.184862E-15
1.63584  4.217717E-15
1.63624  4.226274E-15
1.63664  4.222857E-15
1.63705  4.222425E-15
1.63745  4.205655E-15
1.63785  4.228458E-15
1.63825  4.209043E-15
1.63866  4.245844E-15
1.63906  4.202244E-15
1.63946  4.226830E-15
1.63987  4.189643E-15
1.64027  4.186363E-15
1.64067  4.155448E-15
1.64107  4.173715E-15
1.64148  4.148506E-15
1.64188  4.153082E-15
1.64228  4.192470E-15
1.64268  4.189870E-15
1.64309  4.192816E-15
1.64349  4.183119E-15
1.64389  4.230582E-15
1.64429  4.205115E-15
1.6447  4.217098E-15
1.6451  4.235898E-15
1.6455  4.213413E-15
1.6459  4.203279E-15
1.64631  4.205818E-15
1.64671  4.202377E-15
1.64711  4.169831E-15
1.64751  4.212327E-15
1.64792  4.198797E-15
1.64832  4.164354E-15
1.64872  4.172794E-15
1.64912  4.193978E-15
1.64953  4.188237E-15
1.64993  4.184942E-15
1.65033  4.159900E-15
1.65073  4.168505E-15
1.65114  4.145459E-15
1.65154  4.175118E-15
1.65194  4.152771E-15
1.65235  4.183073E-15
1.65275  4.149777E-15
1.65315  4.154872E-15
1.65355  4.153332E-15
1.65396  4.150655E-15
1.65436  4.154322E-15
1.65476  4.169152E-15
1.65516  4.148365E-15
1.65557  4.145762E-15
1.65597  4.141109E-15
1.65637  4.146488E-15
1.65677  4.125364E-15
1.65718  4.158010E-15
1.65758  4.107680E-15
1.65798  4.139547E-15
1.65838  4.142121E-15
1.65879  4.120631E-15
1.65919  4.135383E-15
1.65959  4.144431E-15
1.65999  4.112475E-15
1.6604  4.135723E-15
1.6608  4.121742E-15
1.6612  4.146453E-15
1.6616  4.130953E-15
1.66201  4.109892E-15
1.66241  4.114439E-15
1.66281  4.127071E-15
1.66321  4.121430E-15
1.66361  4.153422E-15
1.66402  4.103178E-15
1.66442  4.139594E-15
1.66482  4.153241E-15
1.66522  4.188059E-15
1.66563  4.142218E-15
1.66603  4.182728E-15
1.66643  4.154769E-15
1.66683  4.195404E-15
1.66724  4.152719E-15
1.66764  4.178935E-15
1.66804  4.139941E-15
1.66844  4.167993E-15
1.66885  4.152542E-15
1.66925  4.155304E-15
1.66965  4.153087E-15
1.67005  4.170008E-15
1.67046  4.150091E-15
1.67086  4.166608E-15
1.67126  4.155142E-15
1.67166  4.176482E-15
1.67207  4.177244E-15
1.67247  4.178725E-15
1.67287  4.156085E-15
1.67327  4.153075E-15
1.67368  4.165289E-15
1.67408  4.162836E-15
1.67448  4.138379E-15
1.67488  4.175066E-15
1.67529  4.176043E-15
1.67569  4.189454E-15
1.67609  4.200945E-15
1.67649  4.194666E-15
1.6769  4.228536E-15
1.6773  4.215978E-15
1.6777  4.196032E-15
1.6781  4.210990E-15
1.6785  4.200449E-15
1.67891  4.194462E-15
1.67931  4.172996E-15
1.67971  4.171684E-15
1.68011  4.168881E-15
1.68052  4.194861E-15
1.68092  4.178065E-15
1.68132  4.168420E-15
1.68172  4.167358E-15
1.68213  4.207606E-15
1.68253  4.220435E-15
1.68293  4.202141E-15
1.68333  4.195350E-15
1.68374  4.215816E-15
1.68414  4.219625E-15
1.68454  4.204720E-15
1.68494  4.212920E-15
1.68535  4.204067E-15
1.68575  4.179975E-15
1.68615  4.181801E-15
1.68655  4.183791E-15
1.68695  4.213585E-15
1.68736  4.164861E-15
1.68776  4.164867E-15
1.68816  4.174154E-15
1.68856  4.174301E-15
1.68897  4.176617E-15
1.68937  4.161384E-15
1.68977  4.169997E-15
1.69017  4.176125E-15
1.69058  4.168242E-15
1.69098  4.182820E-15
1.69138  4.165099E-15
1.69178  4.192852E-15
1.69219  4.163607E-15
1.69259  4.174743E-15
1.69299  4.149444E-15
1.69339  4.162731E-15
1.69379  4.162372E-15
1.6942  4.149830E-15
1.6946  4.150205E-15
1.695  4.170457E-15
1.6954  4.163663E-15
1.69581  4.159248E-15
1.69621  4.161418E-15
1.69661  4.199082E-15
1.69701  4.170256E-15
1.69742  4.183316E-15
1.69782  4.176218E-15
1.69822  4.167124E-15
1.69862  4.169105E-15
1.69902  4.188472E-15
1.69943  4.183422E-15
1.69983  4.176244E-15
1.70023  4.182107E-15
1.70063  4.204819E-15
1.70104  4.160821E-15
1.70144  4.201986E-15
1.70184  4.184934E-15
1.70224  4.212997E-15
1.70265  4.180228E-15
1.70305  4.200480E-15
1.70345  4.170954E-15
1.70385  4.201088E-15
1.70425  4.192264E-15
1.70466  4.194779E-15
1.70506  4.190898E-15
1.70546  4.217333E-15
1.70586  4.199785E-15
1.70627  4.227931E-15
1.70667  4.208700E-15
1.70707  4.220168E-15
1.70747  4.213564E-15
1.70788  4.240560E-15
1.70828  4.215982E-15
1.70868  4.237818E-15
1.70908  4.220786E-15
1.70948  4.230176E-15
1.70989  4.236884E-15
1.71029  4.206164E-15
1.71069  4.228668E-15
1.71109  4.254018E-15
1.7115  4.201892E-15
1.7119  4.225911E-15
1.7123  4.215638E-15
1.7127  4.203589E-15
1.71311  4.231802E-15
1.71351  4.206116E-15
1.71391  4.233025E-15
1.71431  4.241479E-15
1.71471  4.216056E-15
1.71512  4.226423E-15
1.71552  4.245731E-15
1.71592  4.232014E-15
1.71632  4.201078E-15
1.71673  4.221685E-15
1.71713  4.205066E-15
1.71753  4.226688E-15
1.71793  4.246049E-15
1.71834  4.241077E-15
1.71874  4.226179E-15
1.71914  4.242088E-15
1.71954  4.243407E-15
1.71994  4.259573E-15
1.72035  4.218825E-15
1.72075  4.279164E-15
1.72115  4.251696E-15
1.72155  4.286654E-15
1.72196  4.272897E-15
1.72236  4.318058E-15
1.72276  4.293100E-15
1.72316  4.287513E-15
1.72356  4.302658E-15
1.72397  4.294089E-15
1.72437  4.263049E-15
1.72477  4.291207E-15
1.72517  4.265825E-15
1.72558  4.300051E-15
1.72598  4.320338E-15
1.72638  4.291728E-15
1.72678  4.284994E-15
1.72719  4.279452E-15
1.72759  4.261321E-15
1.72799  4.275412E-15
1.72839  4.252478E-15
1.72879  4.264312E-15
1.7292  4.252771E-15
1.7296  4.273886E-15
1.73  4.276131E-15
1.7304  4.244312E-15
1.73081  4.242700E-15
1.73121  4.292728E-15
1.73161  4.287057E-15
1.73201  4.295432E-15
1.73241  4.281965E-15
1.73282  4.287702E-15
1.73322  4.291721E-15
1.73362  4.295586E-15
1.73402  4.247700E-15
1.73443  4.258652E-15
1.73483  4.230800E-15
1.73523  4.243495E-15
1.73563  4.210660E-15
1.73604  4.197740E-15
1.73644  4.227675E-15
1.73684  4.215901E-15
1.73724  4.250233E-15
1.73764  4.240851E-15
1.73805  4.240031E-15
1.73845  4.248872E-15
1.73885  4.265234E-15
1.73925  4.287224E-15
1.73966  4.271691E-15
1.74006  4.251709E-15
1.74046  4.290996E-15
1.74086  4.310998E-15
1.74127  4.310480E-15
1.74167  4.262332E-15
1.74207  4.258493E-15
1.74247  4.246728E-15
1.74287  4.267724E-15
1.74328  4.250021E-15
1.74368  4.246243E-15
1.74408  4.253556E-15
1.74448  4.268978E-15
1.74489  4.265381E-15
1.74529  4.245276E-15
1.74569  4.255059E-15
1.74609  4.260155E-15
1.74649  4.297640E-15
1.7469  4.299210E-15
1.7473  4.281278E-15
1.7477  4.266933E-15
1.7481  4.242924E-15
1.74851  4.248445E-15
1.74891  4.256972E-15
1.74931  4.230274E-15
1.74971  4.215316E-15
1.75012  4.222373E-15
1.75052  4.224763E-15
1.75092  4.253280E-15
1.75132  4.253466E-15
1.75172  4.222657E-15
1.75213  4.222886E-15
1.75253  4.260928E-15
1.75293  4.252719E-15
1.75333  4.200634E-15
1.75374  4.223330E-15
1.75414  4.200657E-15
1.75454  4.234031E-15
1.75494  4.246708E-15
1.75535  4.222219E-15
1.75575  4.224843E-15
1.75615  4.255095E-15
1.75655  4.264316E-15
1.75695  4.282663E-15
1.75736  4.217510E-15
1.75776  4.236489E-15
1.75816  4.229858E-15
1.75856  4.218209E-15
1.75897  4.220066E-15
1.75937  4.249955E-15
1.75977  4.206073E-15
1.76017  4.235270E-15
1.76058  4.219420E-15
1.76098  4.225283E-15
1.76138  4.248849E-15
1.76178  4.240679E-15
1.76218  4.275337E-15
1.76259  4.240422E-15
1.76299  4.259925E-15
1.76339  4.217201E-15
1.76379  4.233851E-15
1.7642  4.199064E-15
1.7646  4.218379E-15
1.765  4.258145E-15
1.7654  4.343275E-15
1.76581  4.289803E-15
1.76621  4.206430E-15
1.76661  4.254414E-15
1.76701  4.278778E-15
1.76742  4.212939E-15
1.76782  4.196578E-15
1.76822  4.170698E-15
1.76862  4.147251E-15
1.76902  4.156712E-15
1.76943  4.162813E-15
1.76983  4.190374E-15
1.77023  4.191318E-15
1.77063  4.201463E-15
1.77104  4.170228E-15
1.77144  4.159216E-15
1.77184  4.193508E-15
1.77224  4.192232E-15
1.77265  4.187625E-15
1.77305  4.175878E-15
1.77345  4.210699E-15
1.77385  4.203190E-15
1.77425  4.215525E-15
1.77466  4.204323E-15
1.77506  4.222189E-15
1.77546  4.243029E-15
1.77586  4.264112E-15
1.77627  4.249969E-15
1.77667  4.224925E-15
1.77707  4.250182E-15
1.77747  4.204198E-15
1.77788  4.224292E-15
1.77828  4.289302E-15
1.77868  4.262152E-15
1.77908  4.257610E-15
1.77949  4.229888E-15
1.77989  4.231845E-15
1.78029  4.250001E-15
1.78069  4.278079E-15
1.7811  4.302941E-15
1.7815  4.224554E-15
1.7819  4.253819E-15
1.7823  4.259262E-15
1.7827  4.248054E-15
1.78311  4.241984E-15
1.78351  4.264539E-15
1.78391  4.314624E-15
1.78431  4.379553E-15
1.78472  4.328209E-15
1.78512  4.284172E-15
1.78552  4.337217E-15
1.78592  4.332642E-15
1.78633  4.240144E-15
1.78673  4.318957E-15
1.78713  4.287004E-15
1.78753  4.283879E-15
1.78794  4.226121E-15
1.78834  4.274735E-15
1.78874  4.274418E-15
1.78914  4.249280E-15
1.78955  4.248470E-15
1.78995  4.282525E-15
1.79035  4.326161E-15
1.79075  4.298429E-15
1.79116  4.296733E-15
1.79156  4.335610E-15
1.79196  4.328130E-15
1.79236  4.325483E-15
1.79277  4.326324E-15
1.79317  4.360862E-15
1.79357  4.378598E-15
1.79397  4.298948E-15
1.79437  4.336787E-15
1.79478  4.351618E-15
1.79518  4.294283E-15
1.79558  4.264338E-15
1.79598  4.286146E-15
1.79639  4.356541E-15
1.79679  4.337443E-15
1.79719  4.272701E-15
1.79759  4.344372E-15
1.798  4.309158E-15
1.94668  4.866051E-15
1.94722  4.860289E-15
1.94776  4.829319E-15
1.9483  4.831682E-15
1.94884  4.842966E-15
1.94938  4.833667E-15
1.94992  4.795967E-15
1.95046  4.784846E-15
1.95099  4.733068E-15
1.95153  4.700132E-15
1.95207  4.692124E-15
1.95261  4.701677E-15
1.95315  4.720911E-15
1.95369  4.718612E-15
1.95423  4.750455E-15
1.95477  4.782022E-15
1.9553  4.840846E-15
1.95584  4.852922E-15
1.95638  4.872073E-15
1.95692  4.822659E-15
1.95746  4.860044E-15
1.958  4.843705E-15
1.95854  4.857182E-15
1.95908  4.872139E-15
1.95961  4.743504E-15
1.96015  4.692463E-15
1.96069  4.709950E-15
1.96123  4.642468E-15
1.96177  4.623185E-15
1.96231  4.625321E-15
1.96285  4.669016E-15
1.96338  4.698662E-15
1.96392  4.700350E-15
1.96446  4.693440E-15
1.965  4.687969E-15
1.96554  4.651361E-15
1.96608  4.633934E-15
1.96662  4.603502E-15
1.96715  4.597312E-15
1.96769  4.618635E-15
1.96823  4.585235E-15
1.96877  4.569641E-15
1.96931  4.581913E-15
1.96985  4.568771E-15
1.97039  4.533092E-15
1.97092  4.582687E-15
1.97146  4.590228E-15
1.972  4.595045E-15
1.97254  4.584869E-15
1.97308  4.596271E-15
1.97362  4.625147E-15
1.97415  4.579495E-15
1.97469  4.556122E-15
1.97523  4.558753E-15
1.97577  4.566430E-15
1.97631  4.546274E-15
1.97685  4.522067E-15
1.97739  4.556094E-15
1.97792  4.557274E-15
1.97846  4.540118E-15
1.979  4.565133E-15
1.97954  4.624082E-15
1.98008  4.625492E-15
1.98062  4.584228E-15
1.98115  4.593135E-15
1.98169  4.594980E-15
1.98223  4.569271E-15
1.98277  4.582930E-15
1.98331  4.575513E-15
1.98385  4.571954E-15
1.98439  4.587625E-15
1.98492  4.595551E-15
1.98546  4.584972E-15
1.986  4.597898E-15
1.98654  4.676313E-15
1.98708  4.656359E-15
1.98762  4.631062E-15
1.98815  4.655033E-15
1.98869  4.664620E-15
1.98923  4.648071E-15
1.98977  4.669270E-15
1.99031  4.682573E-15
1.99085  4.677842E-15
1.99138  4.703372E-15
1.99192  4.678255E-15
1.99246  4.655073E-15
1.993  4.668306E-15
1.99354  4.683290E-15
1.99408  4.692530E-15
1.99461  4.669132E-15
1.99515  4.701366E-15
1.99569  4.708900E-15
1.99623  4.738707E-15
1.99677  4.728716E-15
1.99731  4.747361E-15
1.99784  4.802653E-15
1.99838  4.800114E-15
1.99892  4.838532E-15
1.99946  4.910812E-15
2.  4.937405E-15
2.00054  4.942062E-15
2.00107  5.007208E-15
2.00161  4.994426E-15
2.00215  5.046497E-15
2.00269  5.103047E-15
2.00323  5.086878E-15
2.00376  5.116967E-15
2.0043  5.110110E-15
2.00484  5.095624E-15
2.00538  5.092437E-15
2.00592  5.070802E-15
2.00646  4.995654E-15
2.00699  4.956936E-15
2.00753  4.942668E-15
2.00807  4.872795E-15
2.00861  4.814496E-15
2.00915  4.819135E-15
2.00968  4.806778E-15
2.01022  4.786282E-15
2.01076  4.781651E-15
2.0113  4.811164E-15
2.01184  4.837622E-15
2.01238  4.871746E-15
2.01291  4.880278E-15
2.01345  4.876960E-15
2.01399  4.839317E-15
2.01453  4.853483E-15
2.01507  4.845744E-15
2.0156  4.860888E-15
2.01614  4.826758E-15
2.01668  4.849723E-15
2.01722  4.823173E-15
2.01776  4.822754E-15
2.01829  4.812621E-15
2.01883  4.770125E-15
2.01937  4.764992E-15
2.01991  4.731007E-15
2.02045  4.715504E-15
2.02098  4.703499E-15
2.02152  4.670703E-15
2.02206  4.669000E-15
2.0226  4.672727E-15
2.02314  4.635585E-15
2.02367  4.634389E-15
2.02421  4.637222E-15
2.02475  4.618718E-15
2.02529  4.617314E-15
2.02583  4.605963E-15
2.02637  4.592665E-15
2.0269  4.584900E-15
2.02744  4.601308E-15
2.02798  4.615698E-15
2.02852  4.617535E-15
2.02906  4.585336E-15
2.02959  4.585946E-15
2.03013  4.608205E-15
2.03067  4.586125E-15
2.03121  4.593389E-15
2.03175  4.588207E-15
2.03228  4.579045E-15
2.03282  4.579821E-15
2.03336  4.560964E-15
2.0339  4.573391E-15
2.03444  4.567363E-15
2.03497  4.548187E-15
2.03551  4.567337E-15
2.03605  4.554791E-15
2.03659  4.568653E-15
2.03712  4.561546E-15
2.03766  4.557729E-15
2.0382  4.580257E-15
2.03874  4.556807E-15
2.03928  4.583361E-15
2.03981  4.606252E-15
2.04035  4.611690E-15
2.04089  4.612047E-15
2.04143  4.589042E-15
2.04197  4.609820E-15
2.0425  4.590024E-15
2.04304  4.607248E-15
2.04358  4.620749E-15
2.04412  4.617566E-15
2.04466  4.606524E-15
2.04519  4.617597E-15
2.04573  4.613318E-15
2.04627  4.604687E-15
2.04681  4.620276E-15
2.04734  4.632387E-15
2.04788  4.647566E-15
2.04842  4.650173E-15
2.04896  4.657675E-15
2.0495  4.694736E-15
2.05003  4.682413E-15
2.05057  4.691382E-15
2.05111  4.719293E-15
2.05165  4.706786E-15
2.05219  4.732579E-15
2.05272  4.731514E-15
2.05326  4.775125E-15
2.0538  4.755793E-15
2.05434  4.777150E-15
2.05487  4.787483E-15
2.05541  4.790264E-15
2.05595  4.787690E-15
2.05649  4.805709E-15
2.05703  4.785659E-15
2.05756  4.813397E-15
2.0581  4.797201E-15
2.05864  4.802759E-15
2.05918  4.769930E-15
2.05971  4.755540E-15
2.06025  4.756109E-15
2.06079  4.759004E-15
2.06133  4.713854E-15
2.06186  4.720945E-15
2.0624  4.719609E-15
2.06294  4.741236E-15
2.06348  4.741106E-15
2.06402  4.747219E-15
2.06455  4.734824E-15
2.06509  4.741841E-15
2.06563  4.738269E-15
2.06617  4.714011E-15
2.0667  4.722838E-15
2.06724  4.732958E-15
2.06778  4.707045E-15
2.06832  4.724736E-15
2.06886  4.697777E-15
2.06939  4.704865E-15
2.06993  4.688809E-15
2.07047  4.691832E-15
2.07101  4.706813E-15
2.07154  4.696934E-15
2.07208  4.678886E-15
2.07262  4.667009E-15
2.07316  4.678278E-15
2.07369  4.648351E-15
2.07423  4.659958E-15
2.07477  4.663253E-15
2.07531  4.654133E-15
2.07584  4.642886E-15
2.07638  4.652541E-15
2.07692  4.649286E-15
2.07746  4.636831E-15
2.078  4.624456E-15
2.07853  4.605098E-15
2.07907  4.619815E-15
2.07961  4.583615E-15
2.08015  4.599504E-15
2.08068  4.595287E-15
2.08122  4.594044E-15
2.08176  4.588484E-15
2.0823  4.610703E-15
2.08283  4.598927E-15
2.08337  4.603453E-15
2.08391  4.599247E-15
2.08445  4.611850E-15
2.08498  4.587909E-15
2.08552  4.609898E-15
2.08606  4.591577E-15
2.0866  4.593072E-15
2.08713  4.589300E-15
2.08767  4.590695E-15
2.08821  4.601246E-15
2.08875  4.574236E-15
2.08928  4.572899E-15
2.08982  4.577549E-15
2.09036  4.570668E-15
2.0909  4.581229E-15
2.09143  4.569275E-15
2.09197  4.582696E-15
2.09251  4.589180E-15
2.09305  4.583877E-15
2.09358  4.591469E-15
2.09412  4.574199E-15
2.09466  4.590386E-15
2.0952  4.585647E-15
2.09573  4.561430E-15
2.09627  4.564819E-15
2.09681  4.581128E-15
2.09735  4.565227E-15
2.09788  4.584454E-15
2.09842  4.586997E-15
2.09896  4.563043E-15
2.0995  4.564924E-15
2.10003  4.567934E-15
2.10057  4.573786E-15
2.10111  4.578626E-15
2.10165  4.562541E-15
2.10218  4.563775E-15
2.10272  4.568716E-15
2.10326  4.575883E-15
2.1038  4.566978E-15
2.10433  4.551251E-15
2.10487  4.568979E-15
2.10541  4.558670E-15
2.10595  4.582266E-15
2.10648  4.578101E-15
2.10702  4.589293E-15
2.10756  4.581583E-15
2.1081  4.578517E-15
2.10863  4.581110E-15
2.10917  4.588286E-15
2.10971  4.594315E-15
2.11024  4.588702E-15
2.11078  4.581737E-15
2.11132  4.603007E-15
2.11186  4.595480E-15
2.11239  4.595150E-15
2.11293  4.600819E-15
2.11347  4.593934E-15
2.11401  4.588264E-15
2.11454  4.593598E-15
2.11508  4.594177E-15
2.11562  4.600641E-15
2.11616  4.602623E-15
2.11669  4.605395E-15
2.11723  4.583843E-15
2.11777  4.608662E-15
2.1183  4.589351E-15
2.11884  4.596613E-15
2.11938  4.601437E-15
2.11992  4.623207E-15
2.12045  4.610358E-15
2.12099  4.622884E-15
2.12153  4.614545E-15
2.12207  4.602188E-15
2.1226  4.599099E-15
2.12314  4.619821E-15
2.12368  4.617705E-15
2.12422  4.633102E-15
2.12475  4.611512E-15
2.12529  4.624821E-15
2.12583  4.605441E-15
2.12636  4.595069E-15
2.1269  4.614371E-15
2.12744  4.609327E-15
2.12798  4.608638E-15
2.12851  4.622599E-15
2.12905  4.616905E-15
2.12959  4.640657E-15
2.13013  4.630766E-15
2.13066  4.618715E-15
2.1312  4.631693E-15
2.13174  4.630432E-15
2.13227  4.632732E-15
2.13281  4.637540E-15
2.13335  4.632611E-15
2.13389  4.642087E-15
2.13442  4.634145E-15
2.13496  4.650540E-15
2.1355  4.662132E-15
2.13603  4.665620E-15
2.13657  4.660109E-15
2.13711  4.667595E-15
2.13765  4.650087E-15
2.13818  4.666884E-15
2.13872  4.656475E-15
2.13926  4.662492E-15
2.1398  4.650918E-15
2.14033  4.655370E-15
2.14087  4.665714E-15
2.14141  4.670284E-15
2.14194  4.671103E-15
2.14248  4.683979E-15
2.14302  4.679156E-15
2.14356  4.699730E-15
2.14409  4.686516E-15
2.14463  4.711537E-15
2.14517  4.710659E-15
2.1457  4.717180E-15
2.14624  4.707976E-15
2.14678  4.720543E-15
2.14732  4.732819E-15
2.14785  4.722555E-15
2.14839  4.729956E-15
2.14893  4.740337E-15
2.14946  4.744705E-15
2.15  4.751992E-15
2.15054  4.755582E-15
2.15108  4.772244E-15
2.15161  4.771761E-15
2.15215  4.787200E-15
2.15269  4.807610E-15
2.15322  4.787930E-15
2.15376  4.798999E-15
2.1543  4.806921E-15
2.15484  4.799076E-15
2.15537  4.790890E-15
2.15591  4.788208E-15
2.15645  4.777276E-15
2.15698  4.770020E-15
2.15752  4.751220E-15
2.15806  4.748911E-15
2.1586  4.765800E-15
2.15913  4.763952E-15
2.15967  4.772567E-15
2.16021  4.769911E-15
2.16074  4.760287E-15
2.16128  4.749204E-15
2.16182  4.756375E-15
2.16235  4.761860E-15
2.16289  4.779851E-15
2.16343  4.760087E-15
2.16397  4.759402E-15
2.1645  4.745934E-15
2.16504  4.778343E-15
2.16558  4.811790E-15
2.16611  4.834185E-15
2.16665  4.831719E-15
2.16719  4.820809E-15
2.16773  4.812047E-15
2.16826  4.803759E-15
2.1688  4.803163E-15
2.16934  4.803965E-15
2.16987  4.788713E-15
2.17041  4.789683E-15
2.17095  4.814908E-15
2.17148  4.823229E-15
2.17202  4.821303E-15
2.17256  4.825537E-15
2.1731  4.827670E-15
2.17363  4.815574E-15
2.17417  4.844895E-15
2.17471  4.850593E-15
2.17524  4.840007E-15
2.17578  4.872062E-15
2.17632  4.869722E-15
2.17685  4.845256E-15
2.17739  4.863928E-15
2.17793  4.896110E-15
2.17847  4.884741E-15
2.179  4.881377E-15
2.17954  4.896816E-15
2.18008  4.902912E-15
2.18061  4.910588E-15
2.18115  4.920683E-15
2.18169  4.907003E-15
2.18222  4.922800E-15
2.18276  4.926012E-15
2.1833  4.920522E-15
2.18383  4.916221E-15
2.18437  4.924784E-15
2.18491  4.920021E-15
2.18545  4.927812E-15
2.18598  4.914611E-15
2.18652  4.936217E-15
2.18706  4.926575E-15
2.18759  4.932851E-15
2.18813  4.932512E-15
2.18867  4.955085E-15
2.1892  4.965714E-15
2.18974  4.946650E-15
2.19028  4.956939E-15
2.19081  4.960333E-15
2.19135  4.941820E-15
2.19189  4.989605E-15
2.19243  4.993171E-15
2.19296  4.990301E-15
2.1935  5.000709E-15
2.19404  5.010436E-15
2.19457  5.008771E-15
2.19511  5.015271E-15
2.19565  5.020142E-15
2.19618  5.020888E-15
2.19672  5.034485E-15
2.19726  5.057710E-15
2.19779  5.083749E-15
2.19833  5.100856E-15
2.19887  5.119467E-15
2.19941  5.158281E-15
2.19994  5.181323E-15
2.20048  5.199103E-15
2.20102  5.197976E-15
2.20155  5.227414E-15
2.20209  5.236837E-15
2.20263  5.235440E-15
2.20316  5.253855E-15
2.2037  5.284957E-15
2.20424  5.314482E-15
2.20477  5.330060E-15
2.20531  5.351865E-15
2.20585  5.391711E-15
2.20638  5.402065E-15
2.20692  5.436709E-15
2.20746  5.452698E-15
2.20799  5.453160E-15
2.20853  5.481733E-15
2.20907  5.512467E-15
2.20961  5.507695E-15
2.21014  5.545062E-15
2.21068  5.592409E-15
2.21122  5.625708E-15
2.21175  5.636862E-15
2.21229  5.671550E-15
2.21283  5.697643E-15
2.21336  5.730413E-15
2.2139  5.796785E-15
2.21444  5.852654E-15
2.21497  5.922140E-15
2.21551  5.975648E-15
2.21605  6.063714E-15
2.21658  6.106878E-15
2.21712  6.169899E-15
2.21766  6.245345E-15
2.21819  6.303836E-15
2.21873  6.354599E-15
2.21927  6.404488E-15
2.2198  6.463801E-15
2.22034  6.525365E-15
2.22088  6.601158E-15
2.22141  6.708233E-15
2.22195  6.715968E-15
2.22249  6.738604E-15
2.22303  6.708243E-15
2.22356  6.612328E-15
2.2241  6.523330E-15
2.22464  6.402174E-15
2.22517  6.319521E-15
2.22571  6.212233E-15
2.22625  6.132386E-15
2.22678  6.018741E-15
2.22732  5.928066E-15
2.22786  5.829384E-15
2.22839  5.753321E-15
2.22893  5.690228E-15
2.22947  5.620729E-15
2.23  5.569482E-15
2.23054  5.520393E-15
2.23108  5.469339E-15
2.23161  5.464208E-15
2.23215  5.402489E-15
2.23269  5.407183E-15
2.23322  5.358628E-15
2.23376  5.343697E-15
2.2343  5.297380E-15
2.23483  5.288731E-15
2.23537  5.241855E-15
2.23591  5.212303E-15
2.23644  5.200834E-15
2.23698  5.168082E-15
2.23752  5.184453E-15
2.23805  5.150719E-15
2.23859  5.130064E-15
2.23913  5.125815E-15
2.23966  5.101786E-15
2.2402  5.084038E-15
2.24074  5.071730E-15
2.24127  5.055579E-15
2.24181  5.031442E-15
2.24235  5.032658E-15
2.24288  5.019858E-15
2.24342  5.007888E-15
2.24396  4.993175E-15
2.24449  4.980500E-15
2.24503  4.976995E-15
2.24557  4.972755E-15
2.2461  4.983094E-15
2.24664  4.958547E-15
2.24718  4.950886E-15
2.24771  4.943363E-15
2.24825  4.921644E-15
2.24879  4.911530E-15
2.24932  4.918902E-15
2.24986  4.914168E-15
2.2504  4.906244E-15
2.25093  4.907914E-15
2.25147  4.869204E-15
2.25201  4.878005E-15
2.25254  4.860411E-15
2.25308  4.869091E-15
2.25362  4.882047E-15
2.25415  4.870177E-15
2.25469  4.848796E-15
2.25523  4.867883E-15
2.25576  4.841141E-15
2.2563  4.848187E-15
2.25684  4.838962E-15
2.25737  4.834916E-15
2.25791  4.827180E-15
2.25845  4.827018E-15
2.25898  4.820020E-15
2.25952  4.803357E-15
2.26006  4.819565E-15
2.26059  4.813889E-15
2.26113  4.830172E-15
2.26167  4.829223E-15
2.2622  4.827712E-15
2.26274  4.830570E-15
2.26328  4.826002E-15
2.26381  4.824169E-15
2.26435  4.811166E-15
2.26489  4.816390E-15
2.26542  4.795999E-15
2.26596  4.769403E-15
2.2665  4.789677E-15
2.26703  4.786183E-15
2.26757  4.783894E-15
2.26811  4.808616E-15
2.26864  4.794779E-15
2.26918  4.783103E-15
2.26972  4.800987E-15
2.27025  4.812261E-15
2.27079  4.778596E-15
2.27133  4.772992E-15
2.27186  4.796725E-15
2.2724  4.792740E-15
2.27293  4.773029E-15
2.27347  4.760171E-15
2.27401  4.767314E-15
2.27454  4.761472E-15
2.27508  4.791232E-15
2.27562  4.789843E-15
2.27615  4.777857E-15
2.27669  4.773398E-15
2.27723  4.778500E-15
2.27776  4.777926E-15
2.2783  4.777128E-15
2.27884  4.752223E-15
2.27937  4.750076E-15
2.27991  4.781590E-15
2.28045  4.789794E-15
2.28098  4.770761E-15
2.28152  4.758978E-15
2.28206  4.800164E-15
2.28259  4.818048E-15
2.28313  4.782142E-15
2.28367  4.768122E-15
2.2842  4.803940E-15
2.28474  4.782626E-15
2.28528  4.791793E-15
2.28581  4.776437E-15
2.28635  4.752322E-15
2.28689  4.767330E-15
2.28742  4.743942E-15
2.28796  4.770607E-15
2.28849  4.768574E-15
2.28903  4.779303E-15
2.28957  4.815869E-15
2.2901  4.783387E-15
2.29064  4.777130E-15
2.29118  4.803256E-15
2.29171  4.818605E-15
2.29225  4.821154E-15
2.29279  4.792099E-15
2.29332  4.793567E-15
2.29386  4.811392E-15
2.2944  4.813620E-15
2.29493  4.829829E-15
2.29547  4.837860E-15
2.29601  4.847142E-15
2.29654  4.827102E-15
2.29708  4.830504E-15
2.29762  4.861833E-15
2.29815  4.852458E-15
2.29869  4.846923E-15
2.29922  4.856881E-15
2.29976  4.895347E-15
2.3003  4.884928E-15
2.30083  4.865735E-15
2.30137  4.851521E-15
2.30191  4.872612E-15
2.30244  4.878218E-15
2.30298  4.883211E-15
2.30352  4.909656E-15
2.30405  4.904325E-15
2.30459  4.896820E-15
2.30513  4.900817E-15
2.30566  4.901806E-15
2.3062  4.877636E-15
2.30674  4.877616E-15
2.30727  4.893391E-15
2.30781  4.857097E-15
2.30835  4.829072E-15
2.30888  4.829742E-15
2.30942  4.820066E-15
2.30995  4.794803E-15
2.31049  4.773987E-15
2.31103  4.772589E-15
2.31156  4.774026E-15
2.3121  4.783901E-15
2.31264  4.758907E-15
2.31317  4.755246E-15
2.31371  4.756237E-15
2.31425  4.769806E-15
2.31478  4.750174E-15
2.31532  4.755237E-15
2.31586  4.786332E-15
2.31639  4.849258E-15
2.31693  4.865098E-15
2.31747  4.839536E-15
2.318  4.873846E-15
2.31854  4.874072E-15
2.31907  4.863442E-15
2.31961  4.823710E-15
2.32015  4.817636E-15
2.32068  4.792694E-15
2.32122  4.801932E-15
2.32176  4.792632E-15
2.32229  4.782948E-15
2.32283  4.780812E-15
2.32337  4.767093E-15
2.3239  4.745983E-15
2.32444  4.741837E-15
2.32498  4.746898E-15
2.32551  4.754648E-15
2.32605  4.728478E-15
2.32658  4.740062E-15
2.32712  4.733199E-15
2.32766  4.725387E-15
2.32819  4.734717E-15
2.32873  4.752120E-15
2.32927  4.718354E-15
2.3298  4.734854E-15
2.33034  4.746798E-15
2.33088  4.743396E-15
2.33141  4.744791E-15
2.33195  4.736562E-15
2.33249  4.720081E-15
2.33302  4.735263E-15
2.33356  4.747956E-15
2.33409  4.744349E-15
2.33463  4.758587E-15
2.33517  4.747112E-15
2.3357  4.751689E-15
2.33624  4.739023E-15
2.33678  4.741995E-15
2.33731  4.762606E-15
2.33785  4.782130E-15
2.33839  4.780077E-15
2.33892  4.763142E-15
2.33946  4.799647E-15
2.34  4.808159E-15
2.34053  4.789979E-15
2.34107  4.782008E-15
2.3416  4.803959E-15
2.34214  4.760454E-15
2.34268  4.758237E-15
2.34321  4.748947E-15
2.34375  4.744579E-15
2.34429  4.755774E-15
2.34482  4.754334E-15
2.34536  4.745264E-15
2.3459  4.727443E-15
2.34643  4.743044E-15
2.34697  4.738490E-15
2.3475  4.785330E-15
2.34804  4.760836E-15
2.34858  4.744507E-15
2.34911  4.731957E-15
2.34965  4.778347E-15
2.35019  4.789063E-15
2.35072  4.775851E-15
2.35126  4.769698E-15
2.3518  4.804486E-15
2.35233  4.796692E-15
2.35287  4.764086E-15
2.3534  4.780066E-15
2.35394  4.735141E-15
2.35448  4.728374E-15
2.35501  4.740151E-15
2.35555  4.765689E-15
2.35609  4.719581E-15
2.35662  4.730354E-15
2.35716  4.732786E-15
2.3577  4.767375E-15
2.35823  4.776755E-15
2.35877  4.739478E-15
2.35931  4.703900E-15
2.35984  4.712049E-15
2.36038  4.709056E-15
2.36091  4.698361E-15
2.36145  4.717695E-15
2.36199  4.691375E-15
2.36252  4.689159E-15
2.36306  4.712240E-15
2.3636  4.725410E-15
2.36413  4.703572E-15
2.36467  4.697033E-15
2.36521  4.698397E-15
2.36574  4.706796E-15
2.36628  4.699453E-15
2.36681  4.720922E-15
2.36735  4.757133E-15
2.36789  4.716310E-15
2.36842  4.741953E-15
2.36896  4.722952E-15
2.3695  4.744171E-15
2.37003  4.846414E-15
2.37057  4.859585E-15
2.37111  4.853914E-15
2.37164  4.869247E-15
2.37218  4.880939E-15
2.37271  4.805260E-15
2.37325  4.783553E-15
2.37379  4.739902E-15
2.37432  4.734021E-15
2.37486  4.720535E-15
2.3754  4.716073E-15
2.37593  4.738313E-15
2.37647  4.748762E-15
2.37701  4.728968E-15
2.37754  4.751272E-15
2.37808  4.763339E-15
2.37861  4.716470E-15
2.37915  4.718308E-15
2.37969  4.752587E-15
2.38022  4.724355E-15
2.38076  4.691761E-15
2.3813  4.685540E-15
2.38183  4.691346E-15
2.38237  4.696973E-15
2.38291  4.752846E-15
2.38344  4.767413E-15
2.38398  4.774049E-15
2.38451  4.761302E-15
2.38505  4.745394E-15
2.38559  4.777216E-15
2.38612  4.763084E-15
2.38666  4.736479E-15
2.3872  4.751887E-15
2.38773  4.753695E-15
2.38827  4.729790E-15
2.3888  4.700574E-15
2.38934  4.723730E-15
2.38988  4.719537E-15
2.39041  4.683646E-15
2.39095  4.767276E-15
2.39149  4.764844E-15
2.39202  4.699775E-15
2.39256  4.738891E-15
2.3931  4.723103E-15
2.39363  4.698980E-15
2.39417  4.713834E-15
2.3947  4.694796E-15
2.39524  4.699760E-15
2.39578  4.687442E-15
2.39631  4.754559E-15
2.39685  4.741382E-15
2.39739  4.698112E-15
2.39792  4.714407E-15
2.39846  4.719458E-15
2.399  4.691976E-15
2.39953  4.692103E-15
2.40007  4.712561E-15
2.4006  4.704462E-15
2.40114  4.675368E-15
2.40168  4.680750E-15
2.40221  4.682373E-15
2.40275  4.668666E-15
2.40329  4.698093E-15
2.40382  4.768994E-15
2.40436  4.715607E-15
2.4049  4.721129E-15
2.40543  4.755853E-15
2.40597  4.748512E-15
2.4065  4.748682E-15
2.40704  4.753698E-15
2.40758  4.723527E-15
2.40811  4.710398E-15
2.40865  4.719953E-15
2.40919  4.768087E-15
2.40972  4.749782E-15
2.41026  4.701252E-15
2.41079  4.714777E-15
2.41133  4.759761E-15
2.41187  4.729072E-15
2.4124  4.695673E-15
2.41294  4.688448E-15
2.41348  4.714869E-15
2.41401  4.736127E-15
2.41455  4.684425E-15
2.41509  4.742222E-15
2.41562  4.842295E-15
2.41616  4.796308E-15
2.41669  4.694134E-15
2.41723  4.738214E-15
2.41777  4.767669E-15
2.4183  4.834045E-15
2.41884  4.884059E-15
2.41938  4.794891E-15
2.41991  4.775972E-15
2.42045  4.745048E-15
2.42099  4.716958E-15
2.42152  4.693828E-15
2.42206  4.690331E-15
2.42259  4.669300E-15
2.42313  4.722402E-15
2.42367  4.760337E-15
2.4242  4.729204E-15
2.42474  4.705449E-15
2.42528  4.719093E-15
2.42581  4.755489E-15
2.42635  4.755099E-15
