0.805953  3.023970E-15
0.806155  3.054677E-15
0.806357  2.984748E-15
0.806559  2.875922E-15
0.806761  2.870813E-15
0.806963  3.040636E-15
0.807166  2.962034E-15
0.807368  3.000256E-15
0.80757  3.052967E-15
0.807772  3.133988E-15
0.807974  3.091560E-15
0.808176  2.890133E-15
0.808378  2.905454E-15
0.80858  3.126514E-15
0.808782  3.023117E-15
0.808984  3.165277E-15
0.809186  3.029464E-15
0.809388  3.118431E-15
0.809591  2.970470E-15
0.809624  3.114854E-15
0.809858  3.166193E-15
0.810092  3.250577E-15
0.810325  3.349724E-15
0.810559  3.303267E-15
0.810793  3.228188E-15
0.811026  3.358171E-15
0.81126  3.317999E-15
0.811494  3.379277E-15
0.811727  3.201979E-15
0.811961  3.230692E-15
0.812194  3.183111E-15
0.812428  3.019444E-15
0.812661  3.249198E-15
0.812895  3.182829E-15
0.813129  3.143719E-15
0.813362  3.430601E-15
0.813596  3.175939E-15
0.813829  3.153544E-15
0.814063  3.434715E-15
0.814296  3.118413E-15
0.81453  3.060488E-15
0.814763  3.131896E-15
0.814997  3.095087E-15
0.81523  2.927129E-15
0.815464  3.082699E-15
0.815697  3.083657E-15
0.815931  2.879067E-15
0.816164  3.082940E-15
0.816397  3.128828E-15
0.816631  3.317122E-15
0.816864  3.280659E-15
0.817098  3.291120E-15
0.817331  3.165308E-15
0.817564  3.151861E-15
0.817798  3.376587E-15
0.818031  3.246326E-15
0.818265  3.193684E-15
0.818498  3.163802E-15
0.818731  3.130403E-15
0.818965  3.287536E-15
0.819198  3.180253E-15
0.819431  3.179899E-15
0.819665  3.300791E-15
0.819898  3.051297E-15
0.820131  3.355343E-15
0.820365  3.378089E-15
0.820598  3.362925E-15
0.820831  3.211670E-15
0.821064  3.189597E-15
0.821298  3.114145E-15
0.821531  3.216015E-15
0.821764  3.205162E-15
0.821997  3.351218E-15
0.822231  3.217239E-15
0.822464  3.181924E-15
0.822697  3.168379E-15
0.82293  3.272631E-15
0.823163  3.058911E-15
0.823397  3.025783E-15
0.82363  3.187137E-15
0.823863  3.075495E-15
0.824096  3.140100E-15
0.824329  3.284122E-15
0.824562  3.144627E-15
0.824795  3.241576E-15
0.825029  3.109523E-15
0.825262  3.053289E-15
0.825495  3.117485E-15
0.825728  3.004561E-15
0.825961  2.905012E-15
0.826194  3.020319E-15
0.826427  3.248924E-15
0.82666  3.349351E-15
0.826893  3.139186E-15
0.827126  3.109173E-15
0.827359  2.920790E-15
0.827592  3.412901E-15
0.827825  3.309515E-15
0.828058  3.216341E-15
0.828291  3.189357E-15
0.828524  3.184889E-15
0.828758  3.155395E-15
0.82899  3.162896E-15
0.829223  2.936719E-15
0.829456  3.107965E-15
0.829689  3.115985E-15
0.829922  3.083750E-15
0.830155  3.029743E-15
0.830388  2.956291E-15
0.830621  2.945963E-15
0.830854  2.882592E-15
0.831087  3.078008E-15
0.83132  3.167598E-15
0.831553  3.038616E-15
0.831786  3.095726E-15
0.832019  2.903679E-15
0.832252  3.237140E-15
0.832484  3.161711E-15
0.832717  3.164752E-15
0.83295  3.044280E-15
0.833183  3.230008E-15
0.833416  3.181615E-15
0.833649  3.202667E-15
0.833881  3.176836E-15
0.834114  2.995053E-15
0.834347  3.026518E-15
0.83458  3.049846E-15
0.834813  3.122116E-15
0.835046  3.043303E-15
0.835278  3.035740E-15
0.835511  3.210238E-15
0.835744  3.204583E-15
0.835977  3.048451E-15
0.836209  3.234098E-15
0.836442  3.146176E-15
0.836675  3.147795E-15
0.836908  3.226468E-15
0.83714  3.092963E-15
0.837373  3.204738E-15
0.837606  3.185899E-15
0.837838  3.167651E-15
0.838071  3.006391E-15
0.838304  2.984031E-15
0.838536  3.191165E-15
0.838769  3.017508E-15
0.839002  3.114540E-15
0.839234  3.192130E-15
0.839467  3.124288E-15
0.8397  3.111394E-15
0.839932  3.130218E-15
0.840165  3.379315E-15
0.840398  3.174365E-15
0.84063  3.154544E-15
0.840863  3.114849E-15
0.841095  3.156899E-15
0.841328  3.099157E-15
0.841561  3.121372E-15
0.841793  3.174318E-15
0.842026  3.150060E-15
0.842258  3.086116E-15
0.842491  3.073792E-15
0.842723  3.153557E-15
0.842956  3.154414E-15
0.843188  2.997796E-15
0.843421  3.016649E-15
0.843653  3.310337E-15
0.843886  3.168202E-15
0.844118  3.146384E-15
0.844351  3.018256E-15
0.844583  3.042257E-15
0.844816  3.170261E-15
0.845048  3.031057E-15
0.845281  2.983195E-15
0.845513  2.902271E-15
0.845746  2.784428E-15
0.845978  2.897289E-15
0.846211  2.791155E-15
0.846443  2.828946E-15
0.846676  2.865873E-15
0.846908  2.826320E-15
0.84714  2.782728E-15
0.847373  2.866646E-15
0.847605  2.938297E-15
0.847838  2.994442E-15
0.84807  2.974334E-15
0.848302  2.945810E-15
0.848535  2.901254E-15
0.848767  3.040339E-15
0.848999  2.909959E-15
0.849232  3.013141E-15
0.849464  2.827319E-15
0.849696  2.762115E-15
0.849929  2.917927E-15
0.850161  2.870806E-15
0.850393  2.837269E-15
0.850626  2.802880E-15
0.850858  2.859732E-15
0.85109  2.929090E-15
0.851323  2.898224E-15
0.851555  2.969906E-15
0.851787  2.900036E-15
0.852019  2.847111E-15
0.852252  2.791648E-15
0.852484  2.868060E-15
0.852716  2.999767E-15
0.852948  2.946680E-15
0.853181  2.856703E-15
0.853413  2.942553E-15
0.853645  2.890260E-15
0.853877  2.803118E-15
0.854109  2.809441E-15
0.854342  2.941070E-15
0.854574  2.819101E-15
0.854806  2.758853E-15
0.855038  2.883739E-15
0.85527  2.830039E-15
0.855503  2.877045E-15
0.855735  2.941450E-15
0.855967  2.960663E-15
0.856199  3.014133E-15
0.856431  2.896871E-15
0.856663  2.881613E-15
0.856895  2.992301E-15
0.857128  2.908264E-15
0.85736  2.974370E-15
0.857592  2.905418E-15
0.857824  2.725688E-15
0.858056  2.789562E-15
0.858288  2.792687E-15
0.85852  2.758735E-15
0.858752  2.771797E-15
0.858984  2.935378E-15
0.859216  2.780310E-15
0.859448  2.780401E-15
0.85968  2.849112E-15
0.859913  2.845274E-15
0.860145  2.812876E-15
0.860377  2.834625E-15
0.860609  2.866370E-15
0.860841  2.981013E-15
0.861073  2.930215E-15
0.861305  2.801687E-15
0.861537  2.805969E-15
0.861769  2.882764E-15
0.862001  2.842838E-15
0.862233  2.843578E-15
0.862465  2.987848E-15
0.862697  2.953737E-15
0.862929  2.748819E-15
0.86316  2.820507E-15
0.863392  2.869502E-15
0.863624  2.805313E-15
0.863856  2.820058E-15
0.864088  2.842403E-15
0.86432  2.750067E-15
0.864552  2.813876E-15
0.864784  2.789095E-15
0.865016  2.947277E-15
0.865248  2.820684E-15
0.86548  2.982405E-15
0.865712  2.895520E-15
0.865944  2.956921E-15
0.866175  2.933703E-15
0.866407  2.848729E-15
0.866639  2.772472E-15
0.866871  2.744872E-15
0.867103  2.877697E-15
0.867335  2.782071E-15
0.867567  2.739079E-15
0.867798  2.856001E-15
0.86803  2.801330E-15
0.868262  2.923425E-15
0.868494  2.794329E-15
0.868726  2.918015E-15
0.868958  2.784426E-15
0.869189  2.771135E-15
0.869421  2.872903E-15
0.869653  2.724879E-15
0.869885  2.753066E-15
0.870116  2.768549E-15
0.870348  2.715770E-15
0.87058  2.784723E-15
0.870812  2.800866E-15
0.871044  2.778322E-15
0.871275  2.867341E-15
0.871507  2.795084E-15
0.871739  2.789961E-15
0.871971  2.811561E-15
0.872202  2.890331E-15
0.872434  2.810405E-15
0.872666  2.780325E-15
0.872897  2.970833E-15
0.873129  2.938439E-15
0.873361  2.888221E-15
0.873592  2.831855E-15
0.873824  2.891639E-15
0.874056  2.898792E-15
0.874288  2.909880E-15
0.874519  2.870397E-15
0.874751  2.927552E-15
0.874983  3.005736E-15
0.875214  2.865032E-15
0.875446  2.872559E-15
0.875677  2.967116E-15
0.875909  3.123774E-15
0.876141  3.033418E-15
0.876372  2.904718E-15
0.876604  3.018221E-15
0.876836  2.837708E-15
0.877067  3.047699E-15
0.877299  2.906475E-15
0.87753  2.935365E-15
0.877762  2.906162E-15
0.877994  2.970006E-15
0.878225  2.852290E-15
0.878457  2.935681E-15
0.878688  2.927485E-15
0.87892  2.796515E-15
0.879152  2.933897E-15
0.879383  2.721153E-15
0.879615  2.821694E-15
0.879846  2.799087E-15
0.880078  2.742338E-15
0.880309  2.750089E-15
0.880541  2.848639E-15
0.880772  2.747760E-15
0.881004  2.703063E-15
0.881235  2.788284E-15
0.881467  2.803480E-15
0.881698  2.721682E-15
0.88193  2.852462E-15
0.882161  2.773869E-15
0.882393  2.773425E-15
0.882624  2.768407E-15
0.882856  2.636498E-15
0.883087  2.701107E-15
0.883319  2.788799E-15
0.88355  2.813679E-15
0.883782  2.852018E-15
0.884013  2.815742E-15
0.884245  2.736810E-15
0.884476  2.756629E-15
0.884708  2.603837E-15
0.884939  2.632115E-15
0.88517  2.691275E-15
0.885402  2.746884E-15
0.885633  2.678462E-15
0.885865  2.753714E-15
0.886096  2.841591E-15
0.886327  2.711532E-15
0.886559  2.685046E-15
0.88679  2.816630E-15
0.887022  2.700771E-15
0.887253  2.945131E-15
0.887484  2.793293E-15
0.887716  2.681421E-15
0.887947  2.644320E-15
0.888178  2.721687E-15
0.88841  2.763003E-15
0.888641  2.643935E-15
0.888873  2.707449E-15
0.889104  2.640271E-15
0.889335  2.715842E-15
0.889567  2.731025E-15
0.889798  2.716305E-15
0.890029  2.734429E-15
0.890261  2.671553E-15
0.890492  2.771234E-15
0.890723  2.614523E-15
0.890954  2.666779E-15
0.891186  2.687549E-15
0.891417  2.621735E-15
0.891648  2.643428E-15
0.89188  2.702314E-15
0.892111  2.647492E-15
0.892342  2.664206E-15
0.892574  2.711633E-15
0.892805  2.592377E-15
0.893036  2.493441E-15
0.893267  2.692380E-15
0.893499  2.566920E-15
0.89373  2.650219E-15
0.893961  2.535782E-15
0.894192  2.588917E-15
0.894424  2.594102E-15
0.894655  2.647966E-15
0.894886  2.608590E-15
0.895117  2.666823E-15
0.895348  2.718404E-15
0.89558  2.776473E-15
0.895811  2.877083E-15
0.896042  2.719755E-15
0.896273  2.695507E-15
0.896505  2.699111E-15
0.896736  2.750568E-15
0.896967  2.694953E-15
0.897198  2.686826E-15
0.897429  2.797237E-15
0.89766  2.813827E-15
0.897892  2.945496E-15
0.898123  2.926237E-15
0.898354  2.997977E-15
0.898585  2.968651E-15
0.898816  3.105547E-15
0.899047  3.097033E-15
0.899279  3.136178E-15
0.89951  3.255542E-15
0.899741  3.152961E-15
0.899972  3.090130E-15
0.900203  3.222550E-15
0.900434  3.107805E-15
0.900665  3.156782E-15
0.900896  3.098271E-15
0.901128  3.058961E-15
0.901359  3.027234E-15
0.90159  3.126035E-15
0.901821  3.059133E-15
0.902052  3.007193E-15
0.902283  3.000567E-15
0.902514  3.149331E-15
0.902745  3.138954E-15
0.902976  3.183367E-15
0.903207  2.980896E-15
0.903439  3.196834E-15
0.90367  3.039960E-15
0.903901  3.004719E-15
0.904132  2.975803E-15
0.904363  3.048181E-15
0.904594  2.955588E-15
0.904825  3.066171E-15
0.905056  3.008276E-15
0.905287  3.065347E-15
0.905518  3.019961E-15
0.905749  2.878747E-15
0.90598  2.991537E-15
0.906211  2.925798E-15
0.906442  2.797682E-15
0.906673  2.991489E-15
0.906904  3.056059E-15
0.907135  2.839844E-15
0.907366  3.026035E-15
0.907597  2.985638E-15
0.907828  2.983240E-15
0.908059  3.046431E-15
0.90829  2.945240E-15
0.908521  2.812915E-15
0.908752  2.839861E-15
0.908983  2.856569E-15
0.909214  2.904004E-15
0.909445  2.701211E-15
0.909676  2.761916E-15
0.909907  2.732803E-15
0.910138  2.772903E-15
0.910369  2.883664E-15
0.9106  2.734541E-15
0.910831  2.888466E-15
0.911062  2.768778E-15
0.911293  2.790420E-15
0.911524  2.856393E-15
0.911754  2.843983E-15
0.911985  2.777443E-15
0.912216  2.792052E-15
0.912447  2.687914E-15
0.912678  2.770993E-15
0.912909  2.667900E-15
0.91314  2.757920E-15
0.913371  2.499580E-15
0.913602  2.650010E-15
0.913833  2.680236E-15
0.914064  2.650427E-15
0.914295  2.570758E-15
0.914525  2.487067E-15
0.914756  2.576922E-15
0.914987  2.506194E-15
0.915218  2.599676E-15
0.915449  2.508599E-15
0.91568  2.535602E-15
0.915911  2.532264E-15
0.916142  2.464638E-15
0.916372  2.563702E-15
0.916603  2.534260E-15
0.916834  2.573180E-15
0.917065  2.555422E-15
0.917296  2.522444E-15
0.917527  2.610044E-15
0.917758  2.444178E-15
0.917988  2.473430E-15
0.918219  2.684552E-15
0.91845  2.592600E-15
0.918681  2.595352E-15
0.918912  2.631604E-15
0.919143  2.591990E-15
0.919373  2.662765E-15
0.919604  2.685256E-15
0.919835  2.594726E-15
0.920066  2.587699E-15
0.920297  2.631642E-15
0.920527  2.638720E-15
0.920758  2.731055E-15
0.920989  2.685890E-15
0.92122  2.789916E-15
0.921451  2.726837E-15
0.921681  2.584574E-15
0.921912  2.622597E-15
0.922143  2.696873E-15
0.922374  2.648751E-15
0.922605  2.706561E-15
0.922835  2.646818E-15
0.923066  2.676075E-15
0.923297  2.683275E-15
0.923528  2.771876E-15
0.923758  2.669164E-15
0.923989  2.546655E-15
0.92422  2.658822E-15
0.924451  2.656112E-15
0.924681  2.681519E-15
0.924912  2.541951E-15
0.925143  2.714874E-15
0.925374  2.456060E-15
0.925604  2.515924E-15
0.925835  2.617955E-15
0.926066  2.481704E-15
0.926297  2.623348E-15
0.926527  2.461649E-15
0.926758  2.472142E-15
0.926989  2.360818E-15
0.927219  2.443556E-15
0.92745  2.436016E-15
0.927681  2.471330E-15
0.927912  2.356595E-15
0.928142  2.453414E-15
0.928373  2.498291E-15
0.928604  2.459081E-15
0.928834  2.491862E-15
0.929065  2.416325E-15
0.929296  2.425936E-15
0.929526  2.346115E-15
0.929757  2.512760E-15
0.929988  2.442371E-15
0.930219  2.401786E-15
0.930449  2.438364E-15
0.93068  2.378431E-15
0.930911  2.378165E-15
0.931141  2.490274E-15
0.931372  2.364100E-15
0.931603  2.457082E-15
0.931833  2.482253E-15
0.932064  2.397665E-15
0.932295  2.497666E-15
0.932525  2.553053E-15
0.932756  2.366864E-15
0.932986  2.389907E-15
0.933217  2.452233E-15
0.933448  2.340632E-15
0.933678  2.293740E-15
0.933909  2.344882E-15
0.93414  2.312334E-15
0.93437  2.376726E-15
0.934601  2.301351E-15
0.934832  2.379649E-15
0.935062  2.432938E-15
0.935293  2.403712E-15
0.935524  2.273884E-15
0.935754  2.100592E-15
0.935985  2.332529E-15
0.936215  2.305634E-15
0.936446  2.190577E-15
0.936677  2.235498E-15
0.936907  2.109513E-15
0.937138  2.209586E-15
0.937368  2.262964E-15
0.937599  2.258556E-15
0.93783  2.097052E-15
0.93806  2.254492E-15
0.938291  2.168974E-15
0.938521  2.183124E-15
0.938752  2.161610E-15
0.938983  2.292327E-15
0.939213  2.410332E-15
0.939227  2.407059E-15
0.939498  2.385857E-15
0.93977  2.277206E-15
0.940041  2.342560E-15
0.940313  2.372577E-15
0.940584  2.347587E-15
0.940856  2.314677E-15
0.941127  2.314916E-15
0.941399  2.313647E-15
0.94167  2.391122E-15
0.941941  2.456533E-15
0.942213  2.393990E-15
0.942484  2.366044E-15
0.942756  2.347739E-15
0.943027  2.299913E-15
0.943298  2.396921E-15
0.94357  2.422803E-15
0.943841  2.340858E-15
0.944113  2.366963E-15
0.944384  2.334643E-15
0.944655  2.330761E-15
0.944927  2.364531E-15
0.945198  2.348750E-15
0.945469  2.401903E-15
0.945741  2.340408E-15
0.946012  2.224714E-15
0.946283  2.189389E-15
0.946555  2.265631E-15
0.946826  2.257506E-15
0.947097  2.216420E-15
0.947369  2.251141E-15
0.94764  2.204212E-15
0.947911  2.290953E-15
0.948182  2.245877E-15
0.948454  2.130686E-15
0.948725  2.239471E-15
0.948996  2.240997E-15
0.949268  2.317154E-15
0.949539  2.232547E-15
0.94981  2.166359E-15
0.950081  2.294735E-15
0.950352  2.223233E-15
0.950624  2.273941E-15
0.950895  2.220129E-15
0.951166  2.226951E-15
0.951437  2.233327E-15
0.951708  2.241213E-15
0.95198  2.212504E-15
0.952251  2.231993E-15
0.952522  2.290000E-15
0.952793  2.299828E-15
0.953064  2.308017E-15
0.953335  2.279663E-15
0.953607  2.245609E-15
0.953878  2.305082E-15
0.954149  2.251780E-15
0.95442  2.242259E-15
0.954691  2.263712E-15
0.954962  2.258029E-15
0.955233  2.116014E-15
0.955504  2.202428E-15
0.955775  2.287535E-15
0.956046  2.249291E-15
0.956318  2.295598E-15
0.956589  2.307168E-15
0.95686  2.280507E-15
0.957131  2.318563E-15
0.957402  2.243163E-15
0.957673  2.205720E-15
0.957944  2.361886E-15
0.958215  2.378092E-15
0.958486  2.293672E-15
0.958757  2.371768E-15
0.959028  2.432297E-15
0.959299  2.402832E-15
0.95957  2.448428E-15
0.959841  2.349189E-15
0.960112  2.355129E-15
0.960383  2.330403E-15
0.960654  2.326695E-15
0.960925  2.370913E-15
0.961196  2.280707E-15
0.961467  2.322070E-15
0.961738  2.372978E-15
0.962009  2.360017E-15
0.96228  2.318063E-15
0.96255  2.284015E-15
0.962821  2.270973E-15
0.963092  2.253204E-15
0.963363  2.264986E-15
0.963634  2.242550E-15
0.963905  2.259302E-15
0.964176  2.365673E-15
0.964447  2.226954E-15
0.964718  2.211150E-15
0.964989  2.307204E-15
0.965259  2.371724E-15
0.96553  2.404418E-15
0.965801  2.369319E-15
0.966072  2.396253E-15
0.966343  2.351852E-15
0.966614  2.250927E-15
0.966884  2.235792E-15
0.967155  2.230081E-15
0.967426  2.200794E-15
0.967697  2.247548E-15
0.967968  2.228475E-15
0.968238  2.133131E-15
0.968509  2.126996E-15
0.96878  2.201483E-15
0.969051  2.271607E-15
0.969322  2.309127E-15
0.969592  2.245387E-15
0.969863  2.238329E-15
0.970134  2.259168E-15
0.970405  2.289471E-15
0.970675  2.363246E-15
0.970946  2.200689E-15
0.971217  2.284838E-15
0.971487  2.279623E-15
0.971758  2.358397E-15
0.972029  2.303566E-15
0.9723  2.271388E-15
0.97257  2.316021E-15
0.972841  2.270129E-15
0.973112  2.268932E-15
0.973382  2.253829E-15
0.973653  2.181016E-15
0.973924  2.237449E-15
0.974194  2.242356E-15
0.974465  2.313191E-15
0.974736  2.330080E-15
0.975006  2.275506E-15
0.975277  2.348050E-15
0.975548  2.207652E-15
0.975818  2.312026E-15
0.976089  2.319017E-15
0.976359  2.407013E-15
0.97663  2.300795E-15
0.976901  2.317836E-15
0.977171  2.377170E-15
0.977442  2.308774E-15
0.977712  2.373329E-15
0.977983  2.398404E-15
0.978254  2.344340E-15
0.978524  2.383968E-15
0.978795  2.442419E-15
0.979065  2.483069E-15
0.979336  2.483541E-15
0.979606  2.543742E-15
0.979877  2.437135E-15
0.980147  2.448639E-15
0.980418  2.535909E-15
0.980688  2.446144E-15
0.980959  2.493977E-15
0.981229  2.531528E-15
0.9815  2.442573E-15
0.98177  2.523962E-15
0.982041  2.612828E-15
0.982311  2.555619E-15
0.982582  2.597368E-15
0.982852  2.586659E-15
0.983123  2.597634E-15
0.983393  2.478437E-15
0.983664  2.537327E-15
0.983934  2.587667E-15
0.984205  2.512135E-15
0.984475  2.536316E-15
0.984745  2.464013E-15
0.985016  2.422047E-15
0.985286  2.439834E-15
0.985557  2.356594E-15
0.985827  2.336304E-15
0.986098  2.329208E-15
0.986368  2.331574E-15
0.986638  2.357972E-15
0.986909  2.281301E-15
0.987179  2.305533E-15
0.987449  2.282674E-15
0.98772  2.238576E-15
0.98799  2.230814E-15
0.988261  2.258810E-15
0.988531  2.197846E-15
0.988801  2.196317E-15
0.989072  2.198056E-15
0.989342  2.181927E-15
0.989612  2.135019E-15
0.989883  2.128502E-15
0.990153  2.159007E-15
0.990423  2.114801E-15
0.990694  2.090669E-15
0.990964  2.079488E-15
0.991234  2.098934E-15
0.991504  2.106420E-15
0.991775  2.072971E-15
0.992045  2.046472E-15
0.992315  1.963266E-15
0.992586  2.061213E-15
0.992856  2.047038E-15
0.993126  2.115309E-15
0.993396  2.042747E-15
0.993667  2.082710E-15
0.993937  1.995894E-15
0.994207  2.055140E-15
0.994477  2.026468E-15
0.994748  2.008925E-15
0.995018  2.125381E-15
0.995288  2.041390E-15
0.995558  2.046398E-15
0.995828  2.024565E-15
0.996099  2.063798E-15
0.996369  2.073661E-15
0.996639  2.072659E-15
0.996909  1.999536E-15
0.997179  2.064039E-15
0.997449  2.082097E-15
0.99772  2.004028E-15
0.99799  2.068641E-15
0.99826  2.108681E-15
0.99853  2.153992E-15
0.9988  2.158240E-15
0.99907  2.097805E-15
0.999341  2.172320E-15
0.999611  2.060283E-15
0.999881  2.142082E-15
1.00015  2.088304E-15
1.00042  2.042479E-15
1.00069  2.108293E-15
1.00096  2.118692E-15
1.00123  2.035802E-15
1.0015  2.157960E-15
1.00177  2.111569E-15
1.00204  2.119499E-15
1.00231  2.066179E-15
1.00258  2.049600E-15
1.00285  2.086187E-15
1.00312  2.125940E-15
1.00339  2.133962E-15
1.00366  2.039099E-15
1.00393  2.116269E-15
1.0042  2.035701E-15
1.00447  2.089675E-15
1.00474  2.075878E-15
1.00501  2.055638E-15
1.00528  2.049812E-15
1.00555  2.006954E-15
1.00582  2.077233E-15
1.00609  2.078295E-15
1.00636  2.088571E-15
1.00663  2.080408E-15
1.0069  2.098655E-15
1.00717  2.050074E-15
1.00744  2.018921E-15
1.00771  2.043429E-15
1.00798  2.077364E-15
1.00825  2.024121E-15
1.00852  2.027914E-15
1.00879  2.050854E-15
1.00906  2.027864E-15
1.00933  2.016829E-15
1.0096  2.017163E-15
1.00987  1.999979E-15
1.01014  2.055314E-15
1.01041  2.057003E-15
1.01068  2.030393E-15
1.01095  2.047193E-15
1.01122  2.062313E-15
1.01149  2.060533E-15
1.01176  2.109909E-15
1.01203  2.067199E-15
1.0123  2.095022E-15
1.01257  2.121044E-15
1.01284  2.129600E-15
1.01311  2.163784E-15
1.01338  2.210215E-15
1.01365  2.238097E-15
1.01392  2.344530E-15
1.01419  2.376973E-15
1.01446  2.384900E-15
1.01473  2.436972E-15
1.015  2.432703E-15
1.01527  2.387040E-15
1.01554  2.347375E-15
1.01581  2.316074E-15
1.01608  2.253554E-15
1.01635  2.323950E-15
1.01662  2.206052E-15
1.01689  2.262947E-15
1.01716  2.287075E-15
1.01743  2.248160E-15
1.0177  2.216699E-15
1.01797  2.224364E-15
1.01824  2.185389E-15
1.01851  2.169269E-15
1.01878  2.187916E-15
1.01905  2.162361E-15
1.01932  2.121841E-15
1.01959  2.141246E-15
1.01986  2.088692E-15
1.02013  2.082251E-15
1.0204  2.090927E-15
1.02067  2.079137E-15
1.02094  2.016168E-15
1.0212  2.085802E-15
1.02147  2.070047E-15
1.02174  2.051633E-15
1.02201  2.017617E-15
1.02228  1.995331E-15
1.02255  2.038105E-15
1.02282  1.974168E-15
1.02309  1.981237E-15
1.02336  2.017155E-15
1.02363  1.976830E-15
1.0239  2.003758E-15
1.02417  1.918710E-15
1.02444  1.951705E-15
1.02471  1.898600E-15
1.02498  1.938643E-15
1.02525  1.920625E-15
1.02552  1.940303E-15
1.02579  1.873124E-15
1.02606  1.882125E-15
1.02633  1.821853E-15
1.0266  1.870530E-15
1.02687  1.904727E-15
1.02714  1.907479E-15
1.02741  1.934800E-15
1.02768  1.890686E-15
1.02795  1.855704E-15
1.02822  1.915026E-15
1.02849  1.872925E-15
1.02876  1.868316E-15
1.02903  1.828562E-15
1.02929  1.827422E-15
1.02956  1.845268E-15
1.02983  1.786032E-15
1.0301  1.838437E-15
1.03037  1.878142E-15
1.03064  1.819705E-15
1.03091  1.872949E-15
1.03118  1.892069E-15
1.03145  1.849081E-15
1.03172  1.895459E-15
1.03199  1.844140E-15
1.03226  1.848873E-15
1.03253  1.879114E-15
1.0328  1.820265E-15
1.03307  1.939798E-15
1.03334  1.875995E-15
1.03361  1.866735E-15
1.03388  1.850561E-15
1.03415  1.854000E-15
1.03442  1.916197E-15
1.03469  1.869896E-15
1.03496  1.918606E-15
1.03523  1.828833E-15
1.03549  1.882093E-15
1.03576  1.841504E-15
1.03603  1.871319E-15
1.0363  1.852143E-15
1.03657  1.869179E-15
1.03684  1.831624E-15
1.03711  1.834194E-15
1.03738  1.843789E-15
1.03765  1.835501E-15
1.03792  1.776516E-15
1.03819  1.848162E-15
1.03846  1.850014E-15
1.03873  1.807921E-15
1.039  1.833519E-15
1.03927  1.879274E-15
1.03954  1.828428E-15
1.03981  1.883755E-15
1.04008  1.863590E-15
1.04035  1.880908E-15
1.04061  1.786716E-15
1.04088  1.811697E-15
1.04115  1.827287E-15
1.04142  1.791059E-15
1.04169  1.842261E-15
1.04196  1.829749E-15
1.04223  1.791247E-15
1.0425  1.801701E-15
1.04277  1.797144E-15
1.04304  1.864327E-15
1.04331  1.815444E-15
1.04358  1.774599E-15
1.04385  1.804916E-15
1.04412  1.819928E-15
1.04439  1.838741E-15
1.04466  1.810127E-15
1.04492  1.784940E-15
1.04519  1.802844E-15
1.04546  1.856610E-15
1.04573  1.777275E-15
1.046  1.827756E-15
1.04627  1.832235E-15
1.04654  1.875802E-15
1.04681  1.846805E-15
1.04708  1.871510E-15
1.04735  1.895861E-15
1.04762  1.861183E-15
1.04789  1.830559E-15
1.04816  1.886385E-15
1.04843  1.849990E-15
1.0487  1.851164E-15
1.04896  1.862729E-15
1.04923  1.844305E-15
1.0495  1.811964E-15
1.04977  1.839771E-15
1.05004  1.824228E-15
1.05031  1.825150E-15
1.05058  1.826547E-15
1.05085  1.944994E-15
1.05112  1.824701E-15
1.05139  1.776635E-15
1.05166  1.831386E-15
1.05193  1.770343E-15
1.0522  1.795359E-15
1.05247  1.849878E-15
1.05273  1.874086E-15
1.053  1.867529E-15
1.05327  1.869006E-15
1.05354  1.886401E-15
1.05381  1.841197E-15
1.05408  1.892560E-15
1.05435  1.918354E-15
1.05462  1.855958E-15
1.05489  1.844439E-15
1.05516  1.861814E-15
1.05543  1.850264E-15
1.0557  1.818239E-15
1.05597  1.819182E-15
1.05623  1.817981E-15
1.0565  1.861026E-15
1.05677  1.916884E-15
1.05704  1.901009E-15
1.05731  1.820042E-15
1.05758  1.873484E-15
1.05785  1.931899E-15
1.05812  1.888243E-15
1.05839  1.868700E-15
1.05866  1.869612E-15
1.05893  1.945498E-15
1.0592  1.909644E-15
1.05947  1.877005E-15
1.05973  1.898249E-15
1.06  1.919685E-15
1.06027  1.946467E-15
1.06054  1.912150E-15
1.06081  1.947309E-15
1.06108  1.937943E-15
1.06135  1.961329E-15
1.06162  2.003267E-15
1.06189  1.979067E-15
1.06216  1.933312E-15
1.06243  2.026968E-15
1.06269  2.049212E-15
1.06296  2.053406E-15
1.06323  2.066181E-15
1.0635  2.076054E-15
1.06377  2.053724E-15
1.06404  2.057484E-15
1.06431  2.096177E-15
1.06458  2.050191E-15
1.06485  2.092532E-15
1.06512  2.056924E-15
1.06539  2.096040E-15
1.06566  2.096709E-15
1.06592  2.131703E-15
1.06619  2.120962E-15
1.06646  2.144820E-15
1.06673  2.231639E-15
1.067  2.271583E-15
1.06727  2.138579E-15
1.06754  2.183969E-15
1.06781  2.219739E-15
1.06808  2.204128E-15
1.06835  2.295855E-15
1.06861  2.235251E-15
1.06888  2.281166E-15
1.06915  2.141648E-15
1.06942  2.262989E-15
1.06969  2.213712E-15
1.06996  2.307165E-15
1.07023  2.220271E-15
1.0705  2.244461E-15
1.07077  2.201348E-15
1.07104  2.198925E-15
1.07131  2.175889E-15
1.07157  2.200483E-15
1.07184  2.237311E-15
1.07211  2.151775E-15
1.07238  2.203698E-15
1.07265  2.113393E-15
1.07292  2.136057E-15
1.07319  2.194113E-15
1.07346  2.148456E-15
1.07373  2.130403E-15
1.074  2.069046E-15
1.07426  2.097630E-15
1.07453  2.068231E-15
1.0748  2.025526E-15
1.07507  2.050483E-15
1.07534  1.969548E-15
1.07561  1.961629E-15
1.07588  1.969916E-15
1.07615  1.933900E-15
1.07642  1.895935E-15
1.07669  1.940997E-15
1.07695  1.941333E-15
1.07722  1.885557E-15
1.07749  1.873112E-15
1.07776  1.895008E-15
1.07803  1.840890E-15
1.0783  1.842559E-15
1.07857  1.802757E-15
1.07884  1.847161E-15
1.07911  1.820967E-15
1.07937  1.831992E-15
1.07964  1.892983E-15
1.07991  1.822016E-15
1.08018  1.797308E-15
1.08045  1.757740E-15
1.08072  1.850260E-15
1.08099  1.826512E-15
1.08126  1.773508E-15
1.08153  1.740659E-15
1.0818  1.819064E-15
1.08206  1.782851E-15
1.08233  1.816736E-15
1.0826  1.793201E-15
1.08287  1.766232E-15
1.08314  1.836989E-15
1.08341  1.774077E-15
1.08368  1.807658E-15
1.08395  1.740514E-15
1.08422  1.708010E-15
1.08448  1.798686E-15
1.08475  1.795244E-15
1.08502  1.709696E-15
1.08529  1.755127E-15
1.08556  1.821265E-15
1.08583  1.836571E-15
1.0861  1.828341E-15
1.08637  1.733370E-15
1.08664  1.730747E-15
1.0869  1.771772E-15
1.08717  1.691651E-15
1.08744  1.731201E-15
1.08771  1.740275E-15
1.08798  1.780602E-15
1.08825  1.741624E-15
1.08852  1.721981E-15
1.08879  1.716358E-15
1.08905  1.751584E-15
1.08932  1.748041E-15
1.08959  1.689398E-15
1.08986  1.779906E-15
1.09013  1.745434E-15
1.0904  1.690529E-15
1.09067  1.738077E-15
1.09094  1.740312E-15
1.09121  1.732841E-15
1.09147  1.741915E-15
1.09174  1.726131E-15
1.09201  1.797060E-15
1.09228  1.679957E-15
1.09255  1.755705E-15
1.09282  1.710468E-15
1.09309  1.767205E-15
1.09336  1.754835E-15
1.09362  1.723416E-15
1.09389  1.810293E-15
1.09416  1.679517E-15
1.09443  1.683652E-15
1.0947  1.778587E-15
1.09497  1.721322E-15
1.09524  1.726486E-15
1.09551  1.690816E-15
1.09578  1.738370E-15
1.09604  1.749747E-15
1.09631  1.742357E-15
1.09658  1.799162E-15
1.09685  1.697106E-15
1.09712  1.710390E-15
1.09739  1.732553E-15
1.09766  1.783550E-15
1.09793  1.772372E-15
1.09819  1.752631E-15
1.09846  1.811414E-15
1.09873  1.743972E-15
1.099  1.788231E-15
1.09927  1.742514E-15
1.09954  1.766089E-15
1.09981  1.727371E-15
1.10008  1.697591E-15
1.10034  1.657228E-15
1.10061  1.611613E-15
1.10088  1.682615E-15
1.10115  1.678195E-15
1.10142  1.638529E-15
1.10169  1.653732E-15
1.10196  1.608733E-15
1.10223  1.705567E-15
1.10249  1.644633E-15
1.10276  1.655887E-15
1.10303  1.632068E-15
1.1033  1.693907E-15
1.10357  1.739740E-15
1.10384  1.682492E-15
1.10411  1.756460E-15
1.10437  1.696396E-15
1.10464  1.633575E-15
1.10491  1.692737E-15
1.10518  1.761876E-15
1.10545  1.712719E-15
1.10572  1.702443E-15
1.10599  1.699507E-15
1.10626  1.646392E-15
1.10652  1.698676E-15
1.10679  1.662901E-15
1.10706  1.726373E-15
1.10733  1.663222E-15
1.1076  1.790202E-15
1.10787  1.640154E-15
1.10814  1.678017E-15
1.10841  1.718918E-15
1.10867  1.589938E-15
1.10894  1.684945E-15
1.10921  1.756564E-15
1.10948  1.670946E-15
1.10975  1.748291E-15
1.11002  1.724039E-15
1.11029  1.692547E-15
1.11055  1.704163E-15
1.11082  1.710438E-15
1.11109  1.694729E-15
1.11136  1.650444E-15
1.11163  1.702532E-15
1.1119  1.710290E-15
1.11217  1.692351E-15
1.11244  1.705572E-15
1.1127  1.693075E-15
1.11297  1.702015E-15
1.11324  1.717862E-15
1.11351  1.767989E-15
1.11378  1.666725E-15
1.11405  1.740188E-15
1.11432  1.654929E-15
1.11458  1.709671E-15
1.11485  1.739280E-15
1.11512  1.729055E-15
1.11539  1.850942E-15
1.11566  1.817735E-15
1.11593  1.758267E-15
1.1162  1.804040E-15
1.11646  1.782133E-15
1.11673  1.813912E-15
1.117  1.801658E-15
1.11727  1.809466E-15
1.11754  1.791719E-15
1.11781  1.821376E-15
1.11808  1.838554E-15
1.11835  1.795414E-15
1.11861  1.818943E-15
1.11888  1.827034E-15
1.11915  1.806662E-15
1.11942  1.844659E-15
1.11969  1.841755E-15
1.11996  1.795081E-15
1.12023  1.888579E-15
1.12049  1.852941E-15
1.12076  1.833812E-15
1.12103  1.774337E-15
1.1213  1.840088E-15
1.12157  1.923568E-15
1.12184  1.864083E-15
1.12211  1.923826E-15
1.12237  1.714605E-15
1.12264  1.858167E-15
1.12291  1.629896E-15
1.12318  1.786683E-15
1.12345  1.735196E-15
1.12372  1.710888E-15
1.12399  1.701250E-15
1.12425  1.780286E-15
1.12452  1.600995E-15
1.12479  1.682786E-15
1.12506  1.712745E-15
1.12533  1.689478E-15
1.1256  1.697810E-15
1.12587  1.616412E-15
1.12613  1.689954E-15
1.1264  1.662518E-15
1.12667  1.596193E-15
1.12694  1.646312E-15
1.12721  1.668506E-15
1.12748  1.638234E-15
1.12775  1.633644E-15
1.12801  1.647338E-15
1.12815  1.668455E-15
1.12847  1.680310E-15
1.1288  1.707489E-15
1.12912  1.722190E-15
1.12945  1.705758E-15
1.12978  1.693666E-15
1.1301  1.700604E-15
1.13043  1.641984E-15
1.13075  1.680500E-15
1.13108  1.681472E-15
1.1314  1.650281E-15
1.13173  1.623441E-15
1.13205  1.711371E-15
1.13238  1.612393E-15
1.1327  1.657763E-15
1.13303  1.653031E-15
1.13335  1.674475E-15
1.13368  1.678425E-15
1.134  1.723581E-15
1.13433  1.691241E-15
1.13465  1.701076E-15
1.13498  1.674823E-15
1.1353  1.705129E-15
1.13563  1.703496E-15
1.13596  1.669713E-15
1.13628  1.704269E-15
1.13661  1.686980E-15
1.13693  1.698319E-15
1.13726  1.659065E-15
1.13758  1.695821E-15
1.13791  1.718707E-15
1.13823  1.690648E-15
1.13856  1.729362E-15
1.13888  1.697124E-15
1.13921  1.675364E-15
1.13953  1.713341E-15
1.13986  1.708327E-15
1.14018  1.750754E-15
1.14051  1.755218E-15
1.14083  1.740998E-15
1.14116  1.768173E-15
1.14148  1.763331E-15
1.14181  1.764302E-15
1.14213  1.725485E-15
1.14246  1.739074E-15
1.14278  1.757931E-15
1.14311  1.760295E-15
1.14343  1.819375E-15
1.14376  1.783021E-15
1.14408  1.782751E-15
1.14441  1.854769E-15
1.14473  1.829134E-15
1.14506  1.851937E-15
1.14538  1.797679E-15
1.14571  1.809924E-15
1.14603  1.871646E-15
1.14636  1.847172E-15
1.14668  1.912789E-15
1.14701  1.838133E-15
1.14733  1.903629E-15
1.14766  1.923079E-15
1.14798  1.967015E-15
1.14831  1.954472E-15
1.14863  2.004948E-15
1.14896  2.060640E-15
1.14928  2.087660E-15
1.14961  2.153182E-15
1.14993  2.179333E-15
1.15026  2.274839E-15
1.15058  2.266342E-15
1.15091  2.372171E-15
1.15123  2.482552E-15
1.15156  2.559778E-15
1.15188  2.662497E-15
1.15221  2.790819E-15
1.15253  2.878953E-15
1.15286  2.956146E-15
1.15318  2.873550E-15
1.1535  2.854242E-15
1.15383  2.784110E-15
1.15415  2.657636E-15
1.15448  2.562064E-15
1.1548  2.501341E-15
1.15513  2.460075E-15
1.15545  2.394064E-15
1.15578  2.366261E-15
1.1561  2.293672E-15
1.15643  2.270845E-15
1.15675  2.258604E-15
1.15708  2.179245E-15
1.1574  2.186472E-15
1.15773  2.114641E-15
1.15805  2.118235E-15
1.15838  2.104583E-15
1.1587  2.119096E-15
1.15902  2.078197E-15
1.15935  2.032838E-15
1.15967  2.025887E-15
1.16  2.078292E-15
1.16032  2.073793E-15
1.16065  2.041261E-15
1.16097  2.076531E-15
1.1613  2.070205E-15
1.16162  2.110753E-15
1.16195  2.143752E-15
1.16227  2.156801E-15
1.1626  2.189033E-15
1.16292  2.156077E-15
1.16324  2.170801E-15
1.16357  2.228814E-15
1.16389  2.204567E-15
1.16422  2.241843E-15
1.16454  2.212138E-15
1.16487  2.279504E-15
1.16519  2.228042E-15
1.16552  2.268325E-15
1.16584  2.187259E-15
1.16617  2.202709E-15
1.16649  2.189592E-15
1.16681  2.143713E-15
1.16714  2.120234E-15
1.16746  2.088683E-15
1.16779  2.076586E-15
1.16811  2.024654E-15
1.16844  1.967202E-15
1.16876  1.950576E-15
1.16909  1.922205E-15
1.16941  1.906356E-15
1.16973  1.844547E-15
1.17006  1.819223E-15
1.17038  1.830567E-15
1.17071  1.753978E-15
1.17103  1.759682E-15
1.17136  1.747234E-15
1.17168  1.722245E-15
1.17201  1.729714E-15
1.17233  1.693576E-15
1.17265  1.645795E-15
1.17298  1.653043E-15
1.1733  1.693203E-15
1.17363  1.667680E-15
1.17395  1.633359E-15
1.17428  1.647175E-15
1.1746  1.632085E-15
1.17492  1.623290E-15
1.17525  1.598525E-15
1.17557  1.581800E-15
1.1759  1.557307E-15
1.17622  1.585511E-15
1.17655  1.594726E-15
1.17687  1.577175E-15
1.17719  1.582042E-15
1.17752  1.587625E-15
1.17784  1.581938E-15
1.17817  1.593908E-15
1.17849  1.586254E-15
1.17882  1.585541E-15
1.17914  1.625104E-15
1.17946  1.601389E-15
1.17979  1.594764E-15
1.18011  1.577406E-15
1.18044  1.615262E-15
1.18076  1.596925E-15
1.18108  1.638706E-15
1.18141  1.604812E-15
1.18173  1.604503E-15
1.18206  1.606887E-15
1.18238  1.622075E-15
1.18271  1.625286E-15
1.18303  1.585663E-15
1.18335  1.612391E-15
1.18368  1.620092E-15
1.184  1.618159E-15
1.18433  1.601215E-15
1.18465  1.570268E-15
1.18497  1.608083E-15
1.1853  1.614704E-15
1.18562  1.632887E-15
1.18595  1.590975E-15
1.18627  1.606766E-15
1.18659  1.563231E-15
1.18692  1.615460E-15
1.18724  1.623847E-15
1.18757  1.596048E-15
1.18789  1.599170E-15
1.18821  1.570676E-15
1.18854  1.569509E-15
1.18886  1.579662E-15
1.18919  1.573220E-15
1.18951  1.531491E-15
1.18984  1.515920E-15
1.19016  1.568834E-15
1.19048  1.513811E-15
1.19081  1.538075E-15
1.19113  1.553392E-15
1.19145  1.504210E-15
1.19178  1.518609E-15
1.1921  1.539969E-15
1.19243  1.543816E-15
1.19275  1.550367E-15
1.19307  1.529844E-15
1.1934  1.553714E-15
1.19372  1.555574E-15
1.19405  1.534022E-15
1.19437  1.532766E-15
1.19469  1.533073E-15
1.19502  1.522818E-15
1.19534  1.528431E-15
1.19567  1.528304E-15
1.19599  1.560395E-15
1.19631  1.547932E-15
1.19664  1.556913E-15
1.19696  1.511749E-15
1.19729  1.549468E-15
1.19761  1.548151E-15
1.19793  1.552946E-15
1.19826  1.587709E-15
1.19858  1.602247E-15
1.1989  1.644968E-15
1.19923  1.639182E-15
1.19955  1.679986E-15
1.19988  1.663690E-15
1.2002  1.705119E-15
1.20052  1.714462E-15
1.20085  1.697844E-15
1.20117  1.740956E-15
1.20149  1.694896E-15
1.20182  1.744776E-15
1.20214  1.744144E-15
1.20247  1.779519E-15
1.20279  1.748135E-15
1.20311  1.739747E-15
1.20344  1.749484E-15
1.20376  1.736194E-15
1.20408  1.709329E-15
1.20441  1.754901E-15
1.20473  1.716165E-15
1.20506  1.684196E-15
1.20538  1.677221E-15
1.2057  1.653069E-15
1.20603  1.667960E-15
1.20635  1.612352E-15
1.20667  1.571197E-15
1.207  1.619884E-15
1.20732  1.574291E-15
1.20765  1.567720E-15
1.20797  1.568612E-15
1.20829  1.536312E-15
1.20862  1.538556E-15
1.20894  1.518813E-15
1.20926  1.540794E-15
1.20959  1.552386E-15
1.20991  1.480896E-15
1.21023  1.525336E-15
1.21056  1.495408E-15
1.21088  1.526687E-15
1.21121  1.517907E-15
1.21153  1.496743E-15
1.21185  1.459736E-15
1.21218  1.523729E-15
1.2125  1.524763E-15
1.21282  1.521328E-15
1.21315  1.530621E-15
1.21347  1.513855E-15
1.21379  1.494305E-15
1.21412  1.503718E-15
1.21444  1.513899E-15
1.21476  1.503950E-15
1.21509  1.523529E-15
1.21541  1.478727E-15
1.21574  1.466812E-15
1.21606  1.498442E-15
1.21638  1.475020E-15
1.21671  1.504240E-15
1.21703  1.480526E-15
1.21735  1.476477E-15
1.21768  1.480797E-15
1.218  1.459978E-15
1.21832  1.455385E-15
1.21865  1.499155E-15
1.21897  1.466094E-15
1.21929  1.461934E-15
1.21962  1.490285E-15
1.21994  1.447321E-15
1.22026  1.447780E-15
1.22059  1.474296E-15
1.22091  1.454214E-15
1.22123  1.482151E-15
1.22156  1.451692E-15
1.22188  1.457455E-15
1.2222  1.442919E-15
1.22253  1.447149E-15
1.22285  1.434701E-15
1.22317  1.426669E-15
1.2235  1.418657E-15
1.22382  1.447613E-15
1.22414  1.423689E-15
1.22447  1.423977E-15
1.22479  1.446982E-15
1.22511  1.461729E-15
1.22544  1.467018E-15
1.22576  1.444224E-15
1.22608  1.438502E-15
1.22641  1.429180E-15
1.22673  1.430274E-15
1.22705  1.438567E-15
1.22738  1.397483E-15
1.2277  1.413672E-15
1.22802  1.417649E-15
1.22835  1.453147E-15
1.22867  1.451731E-15
1.22899  1.468847E-15
1.22932  1.440831E-15
1.22964  1.464954E-15
1.22996  1.472189E-15
1.23029  1.467223E-15
1.23061  1.477008E-15
1.23093  1.457170E-15
1.23126  1.472209E-15
1.23158  1.428111E-15
1.2319  1.467954E-15
1.23223  1.487227E-15
1.23255  1.472551E-15
1.23287  1.447410E-15
1.2332  1.463910E-15
1.23352  1.475379E-15
1.23384  1.450117E-15
1.23417  1.455415E-15
1.23449  1.446296E-15
1.23481  1.461586E-15
1.23514  1.444007E-15
1.23546  1.471305E-15
1.23578  1.445036E-15
1.23611  1.438790E-15
1.23643  1.431546E-15
1.23675  1.448418E-15
1.23708  1.432514E-15
1.2374  1.437822E-15
1.23772  1.456953E-15
1.23804  1.451262E-15
1.23837  1.423521E-15
1.23869  1.465800E-15
1.23901  1.451912E-15
1.23934  1.473049E-15
1.23966  1.458930E-15
1.23998  1.472051E-15
1.24031  1.452084E-15
1.24063  1.481619E-15
1.24095  1.475071E-15
1.24128  1.423417E-15
1.2416  1.437163E-15
1.24192  1.468099E-15
1.24225  1.438676E-15
1.24257  1.435142E-15
1.24289  1.431941E-15
1.24321  1.442775E-15
1.24354  1.435732E-15
1.24386  1.414980E-15
1.24418  1.427617E-15
1.24451  1.420878E-15
1.24483  1.416125E-15
1.24515  1.456859E-15
1.24548  1.469436E-15
1.2458  1.460942E-15
1.24612  1.451915E-15
1.24645  1.456577E-15
1.24677  1.448820E-15
1.24709  1.452878E-15
1.24741  1.451119E-15
1.24774  1.455549E-15
1.24806  1.447590E-15
1.24838  1.454279E-15
1.24871  1.438387E-15
1.24903  1.443654E-15
1.24935  1.431845E-15
1.24968  1.433140E-15
1.25  1.439759E-15
1.25032  1.472597E-15
1.25064  1.437864E-15
1.25097  1.441720E-15
1.25129  1.450828E-15
1.25161  1.473243E-15
1.25194  1.429236E-15
1.25226  1.466792E-15
1.25258  1.420980E-15
1.2529  1.437054E-15
1.25323  1.434015E-15
1.25355  1.429273E-15
1.25387  1.405801E-15
1.2542  1.422882E-15
1.25452  1.393685E-15
1.25484  1.431481E-15
1.25517  1.432273E-15
1.25549  1.438508E-15
1.25581  1.410460E-15
1.25613  1.431009E-15
1.25646  1.417789E-15
1.25678  1.472913E-15
1.2571  1.431912E-15
1.25743  1.465363E-15
1.25775  1.429171E-15
1.25807  1.449628E-15
1.25839  1.437306E-15
1.25872  1.461211E-15
1.25904  1.427307E-15
1.25936  1.428653E-15
1.25969  1.445845E-15
1.26001  1.448925E-15
1.26033  1.449172E-15
1.26065  1.471232E-15
1.26098  1.414599E-15
1.2613  1.413284E-15
1.26162  1.478213E-15
1.26195  1.458462E-15
1.26227  1.447329E-15
1.26259  1.435199E-15
1.26291  1.453206E-15
1.26324  1.422096E-15
1.26356  1.439337E-15
1.26388  1.465660E-15
1.2642  1.450506E-15
1.26453  1.406535E-15
1.26485  1.436900E-15
1.26517  1.412211E-15
1.2655  1.431508E-15
1.26582  1.440867E-15
1.26614  1.442848E-15
1.26646  1.470823E-15
1.26679  1.422549E-15
1.26711  1.416054E-15
1.26743  1.424173E-15
1.26776  1.461703E-15
1.26808  1.464066E-15
1.2684  1.431668E-15
1.26872  1.433991E-15
1.26905  1.432072E-15
1.26937  1.412907E-15
1.26969  1.444057E-15
1.27001  1.444979E-15
1.27034  1.433696E-15
1.27066  1.443841E-15
1.27098  1.442506E-15
1.27131  1.409776E-15
1.27163  1.440874E-15
1.27195  1.457036E-15
1.27227  1.453463E-15
1.2726  1.431689E-15
1.27292  1.405591E-15
1.27324  1.412793E-15
1.27356  1.428238E-15
1.27389  1.420221E-15
1.27421  1.420781E-15
1.27453  1.389705E-15
1.27485  1.438258E-15
1.27518  1.381372E-15
1.2755  1.381156E-15
1.27582  1.422654E-15
1.27615  1.409648E-15
1.27647  1.399293E-15
1.27679  1.423839E-15
1.27711  1.409836E-15
1.27744  1.413268E-15
1.27776  1.442248E-15
1.27808  1.393446E-15
1.2784  1.434560E-15
1.27873  1.452998E-15
1.27905  1.385320E-15
1.27937  1.425859E-15
1.27969  1.399854E-15
1.28002  1.442529E-15
1.28034  1.436266E-15
1.28066  1.407560E-15
1.28098  1.391290E-15
1.28131  1.381158E-15
1.28163  1.406045E-15
1.28195  1.439700E-15
1.28227  1.408264E-15
1.2826  1.442997E-15
1.28292  1.393340E-15
1.28324  1.404643E-15
1.28357  1.397433E-15
1.28389  1.378241E-15
1.28421  1.396638E-15
1.28453  1.401703E-15
1.28486  1.373965E-15
1.28518  1.392786E-15
1.2855  1.379993E-15
1.28582  1.369599E-15
1.28615  1.363266E-15
1.28647  1.362083E-15
1.28679  1.356829E-15
1.28711  1.375215E-15
1.28744  1.364630E-15
1.28776  1.360484E-15
1.28808  1.377339E-15
1.2884  1.391936E-15
1.28873  1.356582E-15
1.28905  1.385337E-15
1.28937  1.366711E-15
1.28969  1.359018E-15
1.29002  1.345450E-15
1.29034  1.365187E-15
1.29066  1.357242E-15
1.29098  1.376374E-15
1.29131  1.344094E-15
1.29163  1.334758E-15
1.29195  1.391960E-15
1.29227  1.370271E-15
1.2926  1.373209E-15
1.29292  1.351631E-15
1.29324  1.365280E-15
1.29356  1.356147E-15
1.29389  1.348646E-15
1.29421  1.336328E-15
1.29453  1.349575E-15
1.29485  1.361914E-15
1.29518  1.331147E-15
1.2955  1.363306E-15
1.29582  1.320498E-15
1.29614  1.357726E-15
1.29646  1.364301E-15
1.29679  1.337333E-15
1.29711  1.345330E-15
1.29743  1.359493E-15
1.29775  1.349292E-15
1.29808  1.337448E-15
1.2984  1.329645E-15
1.29872  1.356564E-15
1.29904  1.332327E-15
1.29937  1.361564E-15
1.29969  1.325589E-15
1.30001  1.342371E-15
1.30033  1.330024E-15
1.30066  1.363028E-15
1.30098  1.334812E-15
1.3013  1.308581E-15
1.30162  1.374321E-15
1.30195  1.353742E-15
1.30227  1.350041E-15
1.30259  1.290056E-15
1.30291  1.307725E-15
1.30324  1.315580E-15
1.30356  1.330538E-15
1.30388  1.356277E-15
1.3042  1.343427E-15
1.30452  1.357619E-15
1.30485  1.387972E-15
1.30517  1.345400E-15
1.30549  1.341960E-15
1.30581  1.367265E-15
1.30614  1.315182E-15
1.30646  1.336376E-15
1.30678  1.321159E-15
1.3071  1.324641E-15
1.30743  1.336264E-15
1.30775  1.324038E-15
1.30807  1.355842E-15
1.30839  1.379041E-15
1.30871  1.321357E-15
1.30904  1.320335E-15
1.30936  1.363009E-15
1.30968  1.370572E-15
1.31  1.305574E-15
1.31033  1.334283E-15
1.31065  1.321746E-15
1.31097  1.327163E-15
1.31129  1.332035E-15
1.31162  1.318591E-15
1.31194  1.337971E-15
1.31226  1.342138E-15
1.31258  1.312636E-15
1.3129  1.365212E-15
1.31323  1.375302E-15
1.31355  1.380043E-15
1.31387  1.341353E-15
1.31419  1.335496E-15
1.31452  1.312129E-15
1.31484  1.402584E-15
1.31516  1.349830E-15
1.31548  1.330715E-15
1.31581  1.336312E-15
1.31613  1.318346E-15
1.31645  1.364583E-15
1.31677  1.344521E-15
1.31709  1.333426E-15
1.31742  1.352653E-15
1.31774  1.361051E-15
1.31806  1.377348E-15
1.31838  1.321623E-15
1.31871  1.339582E-15
1.31903  1.333856E-15
1.31935  1.355199E-15
1.31967  1.349312E-15
1.31999  1.362867E-15
1.32032  1.336318E-15
1.32064  1.341382E-15
1.32096  1.313342E-15
1.32128  1.358611E-15
1.32161  1.328415E-15
1.32193  1.353283E-15
1.32225  1.375241E-15
1.32257  1.377292E-15
1.32289  1.343853E-15
1.32322  1.318524E-15
1.32354  1.322620E-15
1.32386  1.336437E-15
1.32418  1.364307E-15
1.32451  1.384360E-15
1.32483  1.359706E-15
1.32515  1.351119E-15
1.32547  1.327604E-15
1.32579  1.339104E-15
1.32612  1.320212E-15
1.32644  1.322042E-15
1.32676  1.301166E-15
1.32708  1.309251E-15
1.3274  1.357317E-15
1.32773  1.360627E-15
1.32805  1.315082E-15
1.32837  1.333704E-15
1.32869  1.318006E-15
1.32902  1.374946E-15
1.32934  1.338477E-15
1.32966  1.356172E-15
1.32998  1.363763E-15
1.3303  1.364283E-15
1.33063  1.348827E-15
1.33095  1.363701E-15
1.33127  1.337941E-15
1.33159  1.372417E-15
1.33192  1.361192E-15
1.33224  1.386239E-15
1.33256  1.375206E-15
1.33288  1.378919E-15
1.3332  1.335722E-15
1.33353  1.325323E-15
1.33385  1.363385E-15
1.33417  1.313400E-15
1.33449  1.355974E-15
1.33481  1.373647E-15
1.33514  1.312583E-15
1.33546  1.305780E-15
1.33578  1.370916E-15
1.3361  1.360870E-15
1.33642  1.362488E-15
1.33675  1.352875E-15
1.33707  1.344722E-15
1.33739  1.337748E-15
1.33771  1.376574E-15
1.33804  1.348619E-15
1.33836  1.334262E-15
1.33868  1.349427E-15
1.339  1.316880E-15
1.33932  1.323594E-15
1.33965  1.334559E-15
1.33997  1.350168E-15
1.34029  1.373612E-15
1.34061  1.353907E-15
1.34093  1.343992E-15
1.34126  1.380641E-15
1.34158  1.385885E-15
1.3419  1.353358E-15
1.34222  1.350061E-15
1.34254  1.349523E-15
1.34287  1.309463E-15
1.34319  1.315956E-15
1.34351  1.377381E-15
1.34383  1.334249E-15
1.34416  1.352174E-15
1.34448  1.375214E-15
1.3448  1.380831E-15
1.34512  1.322199E-15
1.34544  1.368737E-15
1.34577  1.348761E-15
1.34609  1.343550E-15
1.34641  1.302091E-15
1.34673  1.321173E-15
1.34705  1.333699E-15
1.34738  1.349719E-15
1.3477  1.315905E-15
1.34802  1.354002E-15
1.34834  1.366598E-15
1.34866  1.375759E-15
1.34899  1.376380E-15
1.34931  1.345326E-15
1.34963  1.346924E-15
1.34995  1.341210E-15
1.35027  1.386990E-15
1.3506  1.387953E-15
1.35092  1.358582E-15
1.35124  1.414756E-15
1.35156  1.347224E-15
1.35188  1.418988E-15
1.35221  1.415600E-15
1.35253  1.399372E-15
1.35285  1.441022E-15
1.35317  1.382283E-15
1.35349  1.429926E-15
1.35382  1.426689E-15
1.35414  1.462236E-15
1.35446  1.490059E-15
1.35478  1.474374E-15
1.35511  1.514191E-15
1.35543  1.479391E-15
1.35575  1.488653E-15
1.35607  1.498579E-15
1.35639  1.421603E-15
1.35672  1.470795E-15
1.35704  1.473792E-15
1.35736  1.598535E-15
1.35768  1.615711E-15
1.358  1.565877E-15
1.35833  1.585954E-15
1.35865  1.604238E-15
1.35897  1.712856E-15
1.35929  1.746014E-15
1.35961  1.775334E-15
1.35994  1.675722E-15
1.36026  1.786715E-15
1.36058  1.939731E-15
1.3609  1.753603E-15
1.36122  1.989348E-15
1.36155  1.787159E-15
1.36187  1.889268E-15
1.36219  2.346921E-15
1.36251  2.055016E-15
1.36283  2.095553E-15
1.36316  2.110965E-15
1.36348  2.145622E-15
1.3638  2.138808E-15
1.36412  2.267973E-15
1.36444  2.242319E-15
1.36477  2.435227E-15
1.36509  2.270634E-15
1.36541  2.089064E-15
1.36573  2.161039E-15
1.36605  2.117551E-15
1.36638  2.115068E-15
1.3667  2.119514E-15
1.36702  2.189263E-15
1.36734  2.102253E-15
1.36766  2.347893E-15
1.36799  2.426985E-15
1.36831  2.238300E-15
1.36863  2.054489E-15
1.36895  1.986664E-15
1.36927  2.000011E-15
1.3696  1.897022E-15
1.36992  1.861079E-15
1.37024  1.887567E-15
1.37056  1.914831E-15
1.37088  1.678803E-15
1.37121  1.969922E-15
1.37153  1.755434E-15
1.37185  1.796563E-15
1.37217  1.515810E-15
1.37249  1.627195E-15
1.37282  1.643322E-15
1.37314  1.494924E-15
1.37346  1.374066E-15
1.37378  1.469450E-15
1.3741  1.501034E-15
1.37442  1.380742E-15
1.37475  1.400111E-15
1.37507  1.446698E-15
1.37539  1.333979E-15
1.37571  1.400946E-15
1.37603  1.382879E-15
1.37636  1.409911E-15
1.37668  1.324661E-15
1.377  1.325131E-15
1.37732  1.385925E-15
1.37764  1.307936E-15
1.37797  1.421009E-15
1.37829  1.392177E-15
1.41128  1.290410E-15
1.41169  1.279182E-15
1.41209  1.291026E-15
1.4125  1.282899E-15
1.41291  1.279975E-15
1.41331  1.275260E-15
1.41372  1.261617E-15
1.41413  1.328604E-15
1.41453  1.298572E-15
1.41494  1.302877E-15
1.41535  1.248083E-15
1.41575  1.272831E-15
1.41616  1.244139E-15
1.41657  1.255097E-15
1.41697  1.229042E-15
1.41738  1.236719E-15
1.41779  1.266158E-15
1.41819  1.300741E-15
1.4186  1.261621E-15
1.419  1.254138E-15
1.41941  1.318254E-15
1.41982  1.252138E-15
1.42022  1.291481E-15
1.42063  1.266665E-15
1.42104  1.257240E-15
1.42144  1.257427E-15
1.42185  1.259789E-15
1.42225  1.244847E-15
1.42266  1.250511E-15
1.42307  1.260895E-15
1.42347  1.231369E-15
1.42388  1.267087E-15
1.42429  1.229731E-15
1.42469  1.245650E-15
1.4251  1.223795E-15
1.4255  1.235829E-15
1.42591  1.243958E-15
1.42632  1.233919E-15
1.42672  1.224042E-15
1.42713  1.258653E-15
1.42754  1.256243E-15
1.42794  1.250079E-15
1.42835  1.246644E-15
1.42875  1.244315E-15
1.42916  1.238494E-15
1.42957  1.222174E-15
1.42997  1.219363E-15
1.43038  1.219721E-15
1.43078  1.254935E-15
1.43119  1.259108E-15
1.4316  1.237344E-15
1.432  1.258014E-15
1.43241  1.267320E-15
1.43281  1.257815E-15
1.43322  1.258063E-15
1.43363  1.251668E-15
1.43403  1.245666E-15
1.43444  1.235205E-15
1.43484  1.243626E-15
1.43525  1.258407E-15
1.43566  1.208915E-15
1.43606  1.226354E-15
1.43647  1.218027E-15
1.43687  1.242430E-15
1.43728  1.274029E-15
1.43769  1.231764E-15
1.43809  1.253520E-15
1.4385  1.232029E-15
1.4389  1.221860E-15
1.43931  1.250178E-15
1.43971  1.229573E-15
1.44012  1.224557E-15
1.44053  1.203881E-15
1.44093  1.222144E-15
1.44134  1.220208E-15
1.44174  1.222731E-15
1.44215  1.229732E-15
1.44256  1.214260E-15
1.44296  1.219933E-15
1.44337  1.230627E-15
1.44377  1.221657E-15
1.44418  1.210311E-15
1.44458  1.233877E-15
1.44499  1.234900E-15
1.4454  1.251985E-15
1.4458  1.246698E-15
1.44621  1.234366E-15
1.44661  1.217848E-15
1.44702  1.224084E-15
1.44742  1.230240E-15
1.44783  1.215885E-15
1.44823  1.221829E-15
1.44864  1.212104E-15
1.44905  1.218632E-15
1.44945  1.230947E-15
1.44986  1.223476E-15
1.45026  1.236535E-15
1.45067  1.257001E-15
1.45107  1.258949E-15
1.45148  1.244464E-15
1.45188  1.186717E-15
1.45229  1.219419E-15
1.4527  1.235910E-15
1.4531  1.240757E-15
1.45351  1.204505E-15
1.45391  1.204200E-15
1.45432  1.205716E-15
1.45472  1.193425E-15
1.45513  1.188098E-15
1.45553  1.187371E-15
1.45594  1.222135E-15
1.45635  1.184154E-15
1.45675  1.214984E-15
1.45716  1.217043E-15
1.45756  1.196672E-15
1.45797  1.185277E-15
1.45837  1.215121E-15
1.45878  1.200637E-15
1.45918  1.187099E-15
1.45959  1.182799E-15
1.45999  1.149980E-15
1.4604  1.224895E-15
1.4608  1.172806E-15
1.46121  1.220692E-15
1.46162  1.158903E-15
1.46202  1.182296E-15
1.46243  1.175661E-15
1.46283  1.194536E-15
1.46324  1.184631E-15
1.46364  1.177946E-15
1.46405  1.179190E-15
1.46445  1.178040E-15
1.46486  1.203042E-15
1.46526  1.180539E-15
1.46567  1.209566E-15
1.46607  1.208587E-15
1.46648  1.189676E-15
1.46688  1.183987E-15
1.46729  1.215439E-15
1.46769  1.171916E-15
1.4681  1.194684E-15
1.4685  1.199329E-15
1.46891  1.168857E-15
1.46931  1.230646E-15
1.46972  1.192779E-15
1.47012  1.199990E-15
1.47053  1.198236E-15
1.47093  1.198535E-15
1.47134  1.192343E-15
1.47175  1.196505E-15
1.47215  1.188362E-15
1.47256  1.180158E-15
1.47296  1.195469E-15
1.47337  1.197428E-15
1.47377  1.182292E-15
1.47418  1.165596E-15
1.47458  1.171942E-15
1.47499  1.180944E-15
1.47539  1.184935E-15
1.4758  1.189238E-15
1.4762  1.200826E-15
1.47661  1.195078E-15
1.47701  1.178241E-15
1.47742  1.199398E-15
1.47782  1.179372E-15
1.47823  1.183172E-15
1.47863  1.177363E-15
1.47904  1.190470E-15
1.47944  1.188163E-15
1.47984  1.186872E-15
1.48025  1.171977E-15
1.48065  1.195649E-15
1.48106  1.159495E-15
1.48146  1.175500E-15
1.48187  1.162658E-15
1.48227  1.174155E-15
1.48268  1.151866E-15
1.48308  1.176805E-15
1.48349  1.195486E-15
1.48389  1.205504E-15
1.4843  1.177731E-15
1.4847  1.166661E-15
1.48511  1.171829E-15
1.48551  1.180227E-15
1.48592  1.166440E-15
1.48632  1.191016E-15
1.48673  1.182501E-15
1.48713  1.159901E-15
1.48754  1.179457E-15
1.48794  1.164583E-15
1.48835  1.165757E-15
1.48875  1.150291E-15
1.48916  1.153658E-15
1.48956  1.168153E-15
1.48997  1.161660E-15
1.49037  1.147059E-15
1.49077  1.150567E-15
1.49118  1.152898E-15
1.49158  1.158116E-15
1.49199  1.160518E-15
1.49239  1.164408E-15
1.4928  1.136809E-15
1.4932  1.158094E-15
1.49361  1.143312E-15
1.49401  1.150875E-15
1.49442  1.144554E-15
1.49482  1.177942E-15
1.49523  1.144980E-15
1.49563  1.150682E-15
1.49603  1.148737E-15
1.49644  1.151722E-15
1.49684  1.160260E-15
1.49725  1.147883E-15
1.49765  1.151109E-15
1.49806  1.150140E-15
1.49846  1.158538E-15
1.49887  1.155738E-15
1.49927  1.152998E-15
1.49968  1.155893E-15
1.50008  1.141504E-15
1.50048  1.140927E-15
1.50089  1.149385E-15
1.50129  1.147390E-15
1.5017  1.145284E-15
1.5021  1.150684E-15
1.50251  1.146043E-15
1.50291  1.153112E-15
1.50332  1.144206E-15
1.50372  1.155903E-15
1.50412  1.148798E-15
1.50453  1.177576E-15
1.50493  1.152635E-15
1.50534  1.084214E-15
1.50574  1.140456E-15
1.50615  1.152726E-15
1.50655  1.099185E-15
1.50696  1.118869E-15
1.50736  1.131682E-15
1.50776  1.136961E-15
1.50817  1.162218E-15
1.50857  1.145425E-15
1.50898  1.156790E-15
1.50938  1.145621E-15
1.50979  1.160093E-15
1.51019  1.116603E-15
1.51059  1.137977E-15
1.511  1.148114E-15
1.5114  1.144208E-15
1.51181  1.127687E-15
1.51221  1.126769E-15
1.51262  1.154329E-15
1.51302  1.138100E-15
1.51342  1.170096E-15
1.51383  1.143456E-15
1.51423  1.125336E-15
1.51464  1.134266E-15
1.51504  1.142663E-15
1.51545  1.134582E-15
1.51585  1.130304E-15
1.51625  1.156183E-15
1.51666  1.138345E-15
1.51706  1.141743E-15
1.51747  1.155581E-15
1.51787  1.117213E-15
1.51827  1.161329E-15
1.51868  1.127276E-15
1.51908  1.139294E-15
1.51949  1.130117E-15
1.51989  1.158139E-15
1.5203  1.144114E-15
1.5207  1.147822E-15
1.5211  1.152769E-15
1.52151  1.156618E-15
1.52191  1.138439E-15
1.52232  1.151201E-15
1.52272  1.133042E-15
1.52312  1.158789E-15
1.52353  1.111732E-15
1.52393  1.169908E-15
1.52434  1.158197E-15
1.52474  1.135100E-15
1.52514  1.138617E-15
1.52555  1.153723E-15
1.52595  1.141780E-15
1.52636  1.135943E-15
1.52676  1.143575E-15
1.52716  1.148994E-15
1.52757  1.115637E-15
1.52797  1.116489E-15
1.52838  1.111849E-15
1.52878  1.127819E-15
1.52918  1.102158E-15
1.52959  1.126667E-15
1.52999  1.126614E-15
1.5304  1.121170E-15
1.5308  1.122374E-15
1.5312  1.123015E-15
1.53161  1.122449E-15
1.53201  1.120535E-15
1.53242  1.148675E-15
1.53282  1.130256E-15
1.53322  1.119783E-15
1.53363  1.150678E-15
1.53403  1.146180E-15
1.53444  1.143220E-15
1.53484  1.115607E-15
1.53524  1.114418E-15
1.53565  1.130297E-15
1.53605  1.127186E-15
1.53646  1.130603E-15
1.53686  1.124395E-15
1.53726  1.117834E-15
1.53767  1.127094E-15
1.53807  1.102390E-15
1.53847  1.123659E-15
1.53888  1.112342E-15
1.53928  1.113123E-15
1.53969  1.133709E-15
1.54009  1.105665E-15
1.54049  1.131320E-15
1.5409  1.131548E-15
1.5413  1.127261E-15
1.5417  1.131593E-15
1.54211  1.116112E-15
1.54251  1.107942E-15
1.54292  1.155059E-15
1.54332  1.152854E-15
1.54372  1.142864E-15
1.54413  1.139904E-15
1.54453  1.113159E-15
1.54493  1.117410E-15
1.54534  1.117116E-15
1.54574  1.110626E-15
1.54615  1.109014E-15
1.54655  1.118013E-15
1.54695  1.117306E-15
1.54736  1.108805E-15
1.54776  1.110794E-15
1.54816  1.109313E-15
1.54857  1.109129E-15
1.54897  1.126284E-15
1.54938  1.096633E-15
1.54978  1.105903E-15
1.55018  1.098961E-15
1.55059  1.083893E-15
1.55099  1.137947E-15
1.55139  1.112198E-15
1.5518  1.102108E-15
1.5522  1.094724E-15
1.5526  1.103984E-15
1.55301  1.115748E-15
1.55341  1.104914E-15
1.55381  1.116658E-15
1.55422  1.096491E-15
1.55462  1.108416E-15
1.55503  1.111983E-15
1.55543  1.108873E-15
1.55583  1.100192E-15
1.55624  1.085908E-15
1.55664  1.093207E-15
1.55704  1.090831E-15
1.55745  1.103178E-15
1.55785  1.095965E-15
1.55825  1.094092E-15
1.55866  1.113770E-15
1.55906  1.121581E-15
1.55946  1.084741E-15
1.55987  1.113501E-15
1.56027  1.096251E-15
1.56068  1.094830E-15
1.56108  1.097986E-15
1.56148  1.089174E-15
1.56189  1.105875E-15
1.56229  1.092135E-15
1.56269  1.082207E-15
1.5631  1.073204E-15
1.5635  1.108228E-15
1.5639  1.085176E-15
1.56431  1.078667E-15
1.56471  1.095157E-15
1.56511  1.122095E-15
1.56552  1.123540E-15
1.56592  1.113140E-15
1.56632  1.103363E-15
1.56673  1.099639E-15
1.56713  1.112398E-15
1.56753  1.096235E-15
1.56794  1.109849E-15
1.56834  1.094169E-15
1.56874  1.096218E-15
1.56915  1.097552E-15
1.56955  1.082023E-15
1.56995  1.088236E-15
1.57036  1.078760E-15
1.57076  1.088230E-15
1.57116  1.087866E-15
1.57157  1.100001E-15
1.57197  1.092487E-15
1.57237  1.107005E-15
1.57278  1.090209E-15
1.57318  1.081911E-15
1.57358  1.093442E-15
1.57399  1.105617E-15
1.57439  1.099370E-15
1.57479  1.117880E-15
1.5752  1.082974E-15
1.5756  1.086069E-15
1.576  1.094865E-15
1.57641  1.091846E-15
1.57681  1.095725E-15
1.57721  1.083052E-15
1.57762  1.086016E-15
1.57802  1.090850E-15
1.57842  1.083930E-15
1.57883  1.079613E-15
1.57923  1.075056E-15
1.57963  1.089563E-15
1.58004  1.096760E-15
1.58044  1.077271E-15
1.58084  1.077469E-15
1.58125  1.074430E-15
1.58165  1.066484E-15
1.58205  1.084350E-15
1.58246  1.040477E-15
1.58286  1.109332E-15
1.58326  1.067018E-15
1.58366  1.112776E-15
1.58407  1.100577E-15
1.58447  1.090901E-15
1.58487  1.053222E-15
1.58528  1.097955E-15
1.58568  1.084318E-15
1.58608  1.109956E-15
1.58649  1.090306E-15
1.58689  1.076166E-15
1.58729  1.083172E-15
1.5877  1.101258E-15
1.5881  1.096711E-15
1.5885  1.088956E-15
1.58891  1.102991E-15
1.58931  1.106266E-15
1.58971  1.123236E-15
1.59012  1.088876E-15
1.59052  1.118666E-15
1.59092  1.092320E-15
1.59132  1.096863E-15
1.59173  1.105839E-15
1.59213  1.071801E-15
1.59253  1.085162E-15
1.59294  1.075557E-15
1.59334  1.070467E-15
1.59374  1.083063E-15
1.59415  1.091617E-15
1.59455  1.091283E-15
1.59495  1.080301E-15
1.59536  1.080419E-15
1.59576  1.096072E-15
1.59616  1.075116E-15
1.59656  1.073575E-15
1.59697  1.093380E-15
1.59737  1.067648E-15
1.59777  1.078505E-15
1.59818  1.091000E-15
1.59858  1.069059E-15
1.59898  1.069831E-15
1.59939  1.054747E-15
1.59979  1.057429E-15
1.60019  1.061911E-15
1.60059  1.058872E-15
1.601  1.068854E-15
1.6014  1.057108E-15
1.6018  1.067693E-15
1.60221  1.074085E-15
1.60261  1.053783E-15
1.60301  1.059079E-15
1.60342  1.050994E-15
1.60382  1.056632E-15
1.60422  1.079120E-15
1.60462  1.071045E-15
1.60503  1.083630E-15
1.60543  1.090635E-15
1.60583  1.098324E-15
1.60624  1.086940E-15
1.60664  1.118799E-15
1.60704  1.102489E-15
1.60744  1.084420E-15
1.60785  1.108838E-15
1.60825  1.110867E-15
1.60865  1.129575E-15
1.60906  1.077413E-15
1.60946  1.090692E-15
1.60986  1.093062E-15
1.61026  1.089390E-15
1.61067  1.076961E-15
1.61107  1.087043E-15
1.61147  1.082104E-15
1.61188  1.096549E-15
1.61228  1.070297E-15
1.61268  1.076387E-15
1.61309  1.132725E-15
1.61349  1.081318E-15
1.61389  1.092254E-15
1.61429  1.079112E-15
1.6147  1.079904E-15
1.6151  1.089855E-15
1.6155  1.081920E-15
1.6159  1.068235E-15
1.61631  1.068866E-15
1.61671  1.078194E-15
1.61711  1.049207E-15
1.61752  1.054875E-15
1.61792  1.039351E-15
1.61832  1.057625E-15
1.61872  1.063906E-15
1.61913  1.042420E-15
1.61953  1.039020E-15
1.61993  1.036706E-15
1.62034  1.036543E-15
1.62074  1.039496E-15
1.62114  1.054272E-15
1.62154  1.039100E-15
1.62195  1.027205E-15
1.62235  1.017371E-15
1.62275  1.065422E-15
1.62316  1.057116E-15
1.62356  1.039742E-15
1.62396  1.038353E-15
1.62436  1.058818E-15
1.62477  1.051337E-15
1.62517  1.036305E-15
1.62557  1.013403E-15
1.62597  1.040111E-15
1.62638  1.043537E-15
1.62678  1.020081E-15
1.62718  1.043130E-15
1.62759  1.030612E-15
1.62799  1.052053E-15
1.62839  1.040068E-15
1.62879  1.025690E-15
1.6292  1.039229E-15
1.6296  1.041167E-15
1.63  1.047176E-15
1.6304  1.050622E-15
1.63081  1.023327E-15
1.63121  1.062078E-15
1.63161  1.031415E-15
1.63202  1.028789E-15
1.63242  1.022132E-15
1.63282  1.050227E-15
1.63322  1.040102E-15
1.63363  1.057038E-15
1.63403  1.058926E-15
1.63443  1.044971E-15
1.63483  1.036836E-15
1.63524  1.041318E-15
1.63564  1.051287E-15
1.63604  1.035051E-15
1.63645  1.067960E-15
1.63685  1.054387E-15
1.63725  1.060215E-15
1.63765  1.041114E-15
1.63806  1.052259E-15
1.63846  1.043733E-15
1.63886  1.035126E-15
1.63926  1.023071E-15
1.63967  1.032689E-15
1.64007  1.049997E-15
1.64047  1.049583E-15
1.64087  1.050244E-15
1.64128  1.046402E-15
1.64168  1.059266E-15
1.64208  1.047192E-15
1.64248  1.057312E-15
1.64289  1.039286E-15
1.64329  1.056011E-15
1.64369  1.054632E-15
1.6441  1.047623E-15
1.6445  1.068881E-15
1.6449  1.046121E-15
1.6453  1.066705E-15
1.64571  1.050077E-15
1.64611  1.038033E-15
1.64651  1.042393E-15
1.64691  1.020468E-15
1.64732  1.057990E-15
1.64772  1.032547E-15
1.64812  1.026393E-15
1.64852  1.056998E-15
1.64893  1.020317E-15
1.64933  1.036961E-15
1.64973  1.040286E-15
1.65013  9.952655E-16
1.65054  9.919163E-16
1.65094  1.011381E-15
1.65134  1.029442E-15
1.65174  1.017699E-15
1.65215  1.033951E-15
1.65255  1.030380E-15
1.65295  1.026639E-15
1.65335  1.031643E-15
1.65376  1.022343E-15
1.65416  1.028915E-15
1.65456  1.040291E-15
1.65496  1.024971E-15
1.65537  1.029602E-15
1.65577  1.036274E-15
1.65617  1.021738E-15
1.65657  1.017112E-15
1.65698  1.008768E-15
1.65738  1.016756E-15
1.65778  1.013618E-15
1.65818  1.008751E-15
1.65859  1.020208E-15
1.65899  1.013009E-15
1.65939  1.034336E-15
1.65979  1.022232E-15
1.6602  1.014179E-15
1.6606  1.028490E-15
1.661  1.015612E-15
1.6614  1.008665E-15
1.66181  1.022051E-15
1.66221  1.031990E-15
1.66261  1.019002E-15
1.66302  1.015240E-15
1.66342  1.031028E-15
1.66382  1.024996E-15
1.66422  1.019375E-15
1.66462  1.013775E-15
1.66503  1.024899E-15
1.66543  1.025018E-15
1.66583  1.022403E-15
1.66623  1.001273E-15
1.66664  1.002444E-15
1.66704  1.023623E-15
1.66744  1.027229E-15
1.66784  1.028112E-15
1.66825  1.049216E-15
1.66865  1.014207E-15
1.66905  1.035030E-15
1.66945  1.018907E-15
1.66986  1.011307E-15
1.67026  9.839770E-16
1.67066  1.028871E-15
1.67106  1.019693E-15
1.67147  1.022415E-15
1.67187  1.022262E-15
1.67227  1.031738E-15
1.67267  1.039274E-15
1.67308  1.042638E-15
1.67348  1.027530E-15
1.67388  1.021016E-15
1.67428  1.039768E-15
1.67469  1.033394E-15
1.67509  1.053453E-15
1.67549  1.042888E-15
1.67589  1.034574E-15
1.6763  1.040612E-15
1.6767  1.040228E-15
1.6771  1.027603E-15
1.6775  1.037380E-15
1.67791  1.017880E-15
1.67831  1.031808E-15
1.67871  1.027545E-15
1.67911  1.023030E-15
1.67952  9.934456E-16
1.67992  9.966939E-16
1.68032  1.003334E-15
1.68072  9.792028E-16
1.68113  9.922128E-16
1.68153  1.004609E-15
1.68193  1.008986E-15
1.68233  9.917689E-16
1.68273  1.014028E-15
1.68314  1.019362E-15
1.68354  1.002163E-15
1.68394  1.030484E-15
1.68434  1.019537E-15
1.68475  1.031585E-15
1.68515  1.031945E-15
1.68555  1.051802E-15
1.68595  1.056222E-15
1.68636  1.053436E-15
1.68676  1.037696E-15
1.68716  1.037895E-15
1.68756  1.033843E-15
1.68797  1.030745E-15
1.68837  1.028392E-15
1.68877  1.007788E-15
1.68917  1.001294E-15
1.68958  1.008086E-15
1.68998  1.030706E-15
1.69038  1.004538E-15
1.69078  9.905966E-16
1.69119  1.032669E-15
1.69159  1.030507E-15
1.69199  1.000322E-15
1.69239  1.008746E-15
1.69279  1.006884E-15
1.6932  1.004095E-15
1.6936  1.004991E-15
1.694  1.012356E-15
1.6944  1.019157E-15
1.69481  1.005850E-15
1.69521  9.908925E-16
1.69561  1.005484E-15
1.69601  1.007352E-15
1.69642  9.876730E-16
1.69682  1.008303E-15
1.69722  1.029887E-15
1.69762  1.009394E-15
1.69803  1.016698E-15
1.69843  1.012375E-15
1.69883  1.014503E-15
1.69923  1.005206E-15
1.69964  9.949217E-16
1.70004  9.971931E-16
1.70044  9.642319E-16
1.70084  9.717960E-16
1.70124  1.027456E-15
1.70165  9.892146E-16
1.70205  9.527817E-16
1.70245  9.856113E-16
1.70285  9.856458E-16
1.70326  9.829256E-16
1.70366  1.001426E-15
1.70406  1.004075E-15
1.70446  9.961869E-16
1.70487  9.911786E-16
1.70527  1.002291E-15
1.70567  9.904886E-16
1.70607  1.007646E-15
1.70648  9.997538E-16
1.70688  1.008406E-15
1.70728  1.016675E-15
1.70768  1.030510E-15
1.70808  1.004984E-15
1.70849  1.014589E-15
1.70889  9.750982E-16
1.70929  9.920729E-16
1.70969  9.991875E-16
1.7101  9.898443E-16
1.7105  1.013233E-15
1.7109  9.954230E-16
1.7113  9.607179E-16
1.71171  1.005158E-15
1.71211  9.742609E-16
1.71251  1.013907E-15
1.71291  1.013845E-15
1.71332  1.022022E-15
1.71372  1.013972E-15
1.71412  1.021667E-15
1.71452  1.022469E-15
1.71492  1.011856E-15
1.71533  1.014708E-15
1.71573  1.021850E-15
1.71613  1.020573E-15
1.71653  1.007005E-15
1.71694  1.015906E-15
1.71734  1.017221E-15
1.71774  1.026544E-15
1.71814  1.016916E-15
1.71855  1.001215E-15
1.71895  1.024800E-15
1.71935  1.017191E-15
1.71975  1.004244E-15
1.72015  9.910110E-16
1.72056  9.945050E-16
1.72096  9.834130E-16
1.72136  1.007998E-15
1.72176  1.003146E-15
1.72217  9.995540E-16
1.72257  9.937736E-16
1.72297  9.723671E-16
1.72337  9.639430E-16
1.72378  9.828317E-16
1.72418  9.613019E-16
1.72458  9.541500E-16
1.72498  9.831973E-16
1.72539  9.765326E-16
1.72579  9.450976E-16
1.72619  9.662831E-16
1.72659  9.711718E-16
1.72699  9.694920E-16
1.7274  9.765831E-16
1.7278  9.834280E-16
1.7282  9.832806E-16
1.7286  9.731325E-16
1.72901  9.823586E-16
1.72941  9.758379E-16
1.72981  9.682631E-16
1.73021  9.785894E-16
1.73062  9.813689E-16
1.73102  9.924358E-16
1.73142  1.010686E-15
1.73182  9.965840E-16
1.73223  9.901959E-16
1.73263  9.881575E-16
1.73303  9.864226E-16
1.73343  9.665635E-16
1.73383  9.792751E-16
1.73424  9.808770E-16
1.73464  9.725588E-16
1.73504  9.750067E-16
1.73544  9.740786E-16
1.73585  9.620017E-16
1.73625  9.557222E-16
1.73665  9.399399E-16
1.73705  9.567608E-16
1.73746  9.546391E-16
1.73786  9.672149E-16
1.73826  9.661301E-16
1.73866  9.866522E-16
1.73906  9.649309E-16
1.73947  9.564572E-16
1.73987  9.999347E-16
1.74027  9.803407E-16
1.74067  9.631790E-16
1.74108  9.895153E-16
1.74148  9.812397E-16
1.74188  9.805547E-16
1.74228  1.009774E-15
1.74269  9.986163E-16
1.74309  9.857047E-16
1.74349  9.800163E-16
1.74389  9.865212E-16
1.7443  9.936308E-16
1.7447  9.815474E-16
1.7451  9.611017E-16
1.7455  9.786062E-16
1.74591  9.667277E-16
1.74631  9.788981E-16
1.74671  9.530151E-16
1.74711  9.791641E-16
1.74751  9.751375E-16
1.74792  9.867682E-16
1.74832  9.978404E-16
1.74872  9.966329E-16
1.74912  9.920588E-16
1.74953  9.836157E-16
1.74993  9.798051E-16
1.75033  9.508089E-16
1.75073  1.019462E-15
1.75114  9.577169E-16
1.75154  9.948939E-16
1.75194  9.906835E-16
1.75234  9.684390E-16
1.75275  9.627147E-16
1.75315  9.635588E-16
1.75355  9.729621E-16
1.75395  9.571869E-16
1.75435  9.679535E-16
1.75476  9.708854E-16
1.75516  9.734598E-16
1.75556  9.642060E-16
1.75596  9.569667E-16
1.75637  9.772965E-16
1.75677  9.592661E-16
1.75717  9.785379E-16
1.75757  9.453573E-16
1.75798  9.513384E-16
1.75838  9.552178E-16
1.75878  9.452500E-16
1.75918  9.477880E-16
1.75959  9.555022E-16
1.75999  9.655673E-16
1.76039  9.323347E-16
1.76079  9.672247E-16
1.7612  9.355664E-16
1.7616  9.828506E-16
1.762  9.459986E-16
1.7624  9.740446E-16
1.76281  9.598061E-16
1.76321  9.424261E-16
1.76361  9.643368E-16
1.76401  9.560761E-16
1.76441  9.602518E-16
1.76482  9.798886E-16
1.76522  9.555356E-16
1.76562  9.610557E-16
1.76602  9.333020E-16
1.76643  9.466509E-16
1.76683  9.643740E-16
1.76723  9.427811E-16
1.76763  9.384644E-16
1.76804  9.438588E-16
1.76844  9.409127E-16
1.76884  9.687370E-16
1.76924  9.631003E-16
1.76965  9.392562E-16
1.77005  9.301661E-16
1.77045  9.444761E-16
1.77085  9.547446E-16
1.77126  9.358493E-16
1.77166  8.975252E-16
1.77206  9.452000E-16
1.77246  9.289271E-16
1.77287  9.398062E-16
1.77327  9.240275E-16
1.77367  9.383454E-16
1.77407  9.248261E-16
1.77448  9.388877E-16
1.77488  9.714781E-16
1.77528  9.566226E-16
1.77568  9.326656E-16
1.77609  9.553366E-16
1.77649  9.361052E-16
1.77689  9.912202E-16
1.77729  9.290520E-16
1.7777  9.196335E-16
1.7781  9.312128E-16
1.7785  9.472734E-16
1.7789  9.370704E-16
1.77931  9.428411E-16
1.77971  9.358145E-16
1.78011  9.274630E-16
1.78051  9.254383E-16
1.78092  9.168247E-16
1.78132  9.190160E-16
1.78172  9.318097E-16
1.78212  9.141690E-16
1.78253  9.429089E-16
1.78293  9.259324E-16
1.78333  9.229623E-16
1.78373  9.278902E-16
1.78414  9.639831E-16
1.78454  9.302015E-16
1.78494  9.359100E-16
1.78534  9.498416E-16
1.78575  9.688770E-16
1.78615  9.745883E-16
1.78655  9.508674E-16
1.78695  9.385702E-16
1.78736  1.013148E-15
1.78776  1.003195E-15
1.78816  9.301176E-16
1.78856  1.028462E-15
1.78897  1.005316E-15
1.78937  1.009985E-15
1.78977  9.958348E-16
1.79017  9.680358E-16
1.79058  9.971534E-16
1.79098  9.839091E-16
1.79138  9.866589E-16
1.79178  1.012828E-15
1.79219  9.891319E-16
1.79259  9.573563E-16
1.79299  9.982687E-16
1.79339  9.746359E-16
1.7938  9.898507E-16
1.7942  9.619487E-16
1.7946  1.000966E-15
1.795  9.952431E-16
1.79541  9.733391E-16
1.79581  9.758942E-16
1.79621  9.926385E-16
1.79661  9.772148E-16
1.79702  9.337003E-16
1.79742  9.236659E-16
1.79782  9.436508E-16
1.79822  9.646553E-16
1.79863  9.579891E-16
1.79903  9.238739E-16
1.79943  9.598532E-16
1.79983  9.178048E-16
1.80024  1.016751E-15
1.80064  9.527932E-16
1.80104  9.592586E-16
1.80145  9.419949E-16
1.80185  9.514133E-16
1.80225  9.368790E-16
1.80265  9.014285E-16
1.80306  9.343047E-16
1.80346  9.570675E-16
1.80386  9.260550E-16
1.80426  9.461026E-16
1.80467  9.663301E-16
1.80507  9.623820E-16
1.80547  9.464858E-16
1.80587  9.872604E-16
1.80628  9.883136E-16
1.92958  9.041354E-16
1.93012  9.117170E-16
1.93066  9.151752E-16
1.9312  9.353198E-16
1.93174  9.488602E-16
1.93228  9.734777E-16
1.93282  9.521088E-16
1.93336  9.134722E-16
1.9339  9.383104E-16
1.93444  9.416110E-16
1.93498  9.384736E-16
1.93552  9.147065E-16
1.93606  9.148574E-16
1.9366  9.202313E-16
1.93714  9.059428E-16
1.93768  9.343058E-16
1.93822  9.245947E-16
1.93876  9.127661E-16
1.9393  9.459661E-16
1.93984  9.584016E-16
1.94038  9.399538E-16
1.94092  9.375657E-16
1.94146  9.561516E-16
1.942  9.134411E-16
1.94253  8.929917E-16
1.94307  8.869302E-16
1.94361  8.740628E-16
1.94415  8.599545E-16
1.94469  8.816185E-16
1.94523  9.104426E-16
1.94577  9.118848E-16
1.94631  9.030804E-16
1.94685  9.000821E-16
1.94739  8.891013E-16
1.94793  8.902613E-16
1.94847  8.911983E-16
1.94901  8.732201E-16
1.94955  8.903901E-16
1.95009  8.858577E-16
1.95063  8.919923E-16
1.95117  8.967192E-16
1.95171  8.842738E-16
1.95224  8.750591E-16
1.95278  8.801004E-16
1.95332  8.776081E-16
1.95386  8.845699E-16
1.9544  8.867428E-16
1.95494  8.825508E-16
1.95548  8.902173E-16
1.95602  9.127891E-16
1.95656  8.991500E-16
1.9571  9.245157E-16
1.95764  9.257830E-16
1.95818  9.109566E-16
1.95872  9.166322E-16
1.95926  9.206542E-16
1.9598  9.161139E-16
1.96033  8.987005E-16
1.96087  9.071760E-16
1.96141  8.797406E-16
1.96195  8.669364E-16
1.96249  8.941387E-16
1.96303  8.715082E-16
1.96357  8.807154E-16
1.96411  8.890773E-16
1.96465  8.866816E-16
1.96519  8.967381E-16
1.96573  8.978026E-16
1.96627  8.850196E-16
1.9668  8.768896E-16
1.96734  8.786960E-16
1.96788  8.820155E-16
1.96842  8.867793E-16
1.96896  9.103078E-16
1.9695  8.747969E-16
1.97004  8.840462E-16
1.97058  8.944298E-16
1.97112  8.883488E-16
1.97166  8.901684E-16
1.9722  8.918433E-16
1.97274  8.891745E-16
1.97327  8.807435E-16
1.97381  8.970920E-16
1.97435  8.935017E-16
1.97489  8.898581E-16
1.97543  8.957363E-16
1.97597  8.973740E-16
1.97651  9.011681E-16
1.97705  9.000342E-16
1.97759  9.005588E-16
1.97813  8.996990E-16
1.97866  8.969790E-16
1.9792  8.931869E-16
1.97974  9.104847E-16
1.98028  9.307458E-16
1.98082  9.314751E-16
1.98136  9.364807E-16
1.9819  9.308796E-16
1.98244  9.360680E-16
1.98298  9.519963E-16
1.98351  9.588830E-16
1.98405  9.512875E-16
1.98459  9.593968E-16
1.98513  9.757717E-16
1.98567  9.846851E-16
1.98621  9.973749E-16
1.98675  1.020500E-15
1.98729  1.032143E-15
1.98783  1.044970E-15
1.98836  1.068237E-15
1.9889  1.089707E-15
1.98944  1.098117E-15
1.98998  1.130970E-15
1.99052  1.156967E-15
1.99106  1.195361E-15
1.9916  1.225584E-15
1.99214  1.266939E-15
1.99267  1.288167E-15
1.99321  1.325587E-15
1.99375  1.353631E-15
1.99429  1.397586E-15
1.99483  1.427517E-15
1.99537  1.476751E-15
1.99591  1.500287E-15
1.99645  1.517299E-15
1.99698  1.511364E-15
1.99752  1.521711E-15
1.99806  1.513277E-15
1.9986  1.507703E-15
1.99914  1.492383E-15
1.99968  1.512376E-15
2.00022  1.492127E-15
2.00076  1.477148E-15
2.00129  1.444402E-15
2.00183  1.394994E-15
2.00237  1.373169E-15
2.00291  1.350261E-15
2.00345  1.289831E-15
2.00399  1.252198E-15
2.00453  1.249425E-15
2.00506  1.216941E-15
2.0056  1.188693E-15
2.00614  1.146212E-15
2.00668  1.091134E-15
2.00722  1.090559E-15
2.00776  1.076907E-15
2.0083  1.042074E-15
2.00883  9.910645E-16
2.00937  9.704268E-16
2.00991  9.577468E-16
2.01045  9.460373E-16
2.01099  9.407943E-16
2.01153  9.357871E-16
2.01207  9.515696E-16
2.0126  9.422060E-16
2.01314  9.519881E-16
2.01368  9.350604E-16
2.01422  9.367853E-16
2.01476  9.324196E-16
2.0153  9.244623E-16
2.01583  9.249417E-16
2.01637  9.137374E-16
2.01691  8.996466E-16
2.01745  8.941105E-16
2.01799  9.012677E-16
2.01853  8.793649E-16
2.01907  9.001418E-16
2.0196  8.971723E-16
2.02014  8.785487E-16
2.02068  8.695871E-16
2.02122  8.657685E-16
2.02176  8.764598E-16
2.0223  8.668477E-16
2.02283  8.629520E-16
2.02337  8.453073E-16
2.02391  8.399350E-16
2.02445  8.367400E-16
2.02499  8.390111E-16
2.02553  8.387637E-16
2.02606  8.306525E-16
2.0266  8.280265E-16
2.02714  8.160299E-16
2.02768  8.280319E-16
2.02822  8.283869E-16
2.02876  8.262246E-16
2.02929  8.370512E-16
2.02983  8.259300E-16
2.03037  8.285764E-16
2.03091  8.313463E-16
2.03145  8.200384E-16
2.03199  8.226065E-16
2.03252  8.120425E-16
2.03306  8.387613E-16
2.0336  8.099051E-16
2.03414  8.106043E-16
2.03468  8.187219E-16
2.03521  8.145975E-16
2.03575  8.040917E-16
2.03629  8.116481E-16
2.03683  8.004699E-16
2.03737  8.040608E-16
2.03791  8.067293E-16
2.03844  8.139555E-16
2.03898  8.020337E-16
2.03952  8.125117E-16
2.04006  7.956628E-16
2.0406  8.199052E-16
2.04113  8.107545E-16
2.04167  8.128870E-16
2.04221  8.148118E-16
2.04275  8.057756E-16
2.04329  8.157005E-16
2.04382  8.139107E-16
2.04436  8.127312E-16
2.0449  8.102600E-16
2.04544  8.067730E-16
2.04598  8.121945E-16
2.04652  8.125024E-16
2.04705  8.116711E-16
2.04759  8.065422E-16
2.04813  8.158699E-16
2.04867  8.028925E-16
2.04921  7.996876E-16
2.04974  8.117241E-16
2.05028  8.113034E-16
2.05082  8.231300E-16
2.05136  8.107398E-16
2.0519  8.169531E-16
2.05243  8.101934E-16
2.05297  8.239479E-16
2.05351  8.130120E-16
2.05405  8.153733E-16
2.05459  8.136940E-16
2.05512  8.058486E-16
2.05566  7.905742E-16
2.0562  8.037033E-16
2.05674  8.210757E-16
2.05728  8.224755E-16
2.05781  8.401811E-16
2.05835  8.368558E-16
2.05889  8.368355E-16
2.05943  8.330656E-16
2.05996  8.230294E-16
2.0605  8.159667E-16
2.06104  8.163398E-16
2.06158  8.105277E-16
2.06212  8.105475E-16
2.06265  8.240016E-16
2.06319  8.330006E-16
2.06373  8.341575E-16
2.06427  8.405211E-16
2.06481  8.340547E-16
2.06534  8.525285E-16
2.06588  8.525836E-16
2.06642  8.573975E-16
2.06696  8.411360E-16
2.0675  8.434842E-16
2.06803  8.632134E-16
2.06857  8.647847E-16
2.06911  8.582561E-16
2.06965  8.662252E-16
2.07018  8.598945E-16
2.07072  8.623238E-16
2.07126  8.738968E-16
2.0718  8.667340E-16
2.07234  8.526916E-16
2.07287  8.516125E-16
2.07341  8.796862E-16
2.07395  8.501930E-16
2.07449  8.558247E-16
2.07502  8.577182E-16
2.07556  8.547704E-16
2.0761  8.421624E-16
2.07664  8.339730E-16
2.07718  8.371772E-16
2.07771  8.324873E-16
2.07825  8.333622E-16
2.07879  8.233906E-16
2.07933  8.228946E-16
2.07986  8.194222E-16
2.0804  8.074696E-16
2.08094  8.102081E-16
2.08148  8.127238E-16
2.08201  8.071138E-16
2.08255  8.125830E-16
2.08309  8.086790E-16
2.08363  8.079773E-16
2.08417  8.076058E-16
2.0847  8.098746E-16
2.08524  8.133026E-16
2.08578  8.035841E-16
2.08632  8.056362E-16
2.08685  7.996188E-16
2.08739  8.097432E-16
2.08793  8.191402E-16
2.08847  8.072692E-16
2.089  7.986648E-16
2.08954  8.028012E-16
2.09008  7.953779E-16
2.09062  8.006313E-16
2.09115  7.957559E-16
2.09169  7.880778E-16
2.09223  7.816863E-16
2.09277  7.858247E-16
2.0933  7.923163E-16
2.09384  7.839497E-16
2.09438  7.848067E-16
2.09492  7.813213E-16
2.09545  7.897206E-16
2.09599  7.823506E-16
2.09653  7.879009E-16
2.09707  7.875666E-16
2.0976  7.819710E-16
2.09814  7.796748E-16
2.09868  7.858011E-16
2.09922  7.736405E-16
2.09976  7.789469E-16
2.10029  7.831976E-16
2.10083  7.823716E-16
2.10137  7.780866E-16
2.1019  7.812113E-16
2.10244  7.781215E-16
2.10298  7.800421E-16
2.10352  7.803661E-16
2.10405  7.885775E-16
2.10459  7.656608E-16
2.10513  7.753092E-16
2.10567  7.654508E-16
2.1062  7.686298E-16
2.10674  7.760585E-16
2.10728  7.724126E-16
2.10782  7.742048E-16
2.10835  7.772724E-16
2.10889  7.762929E-16
2.10943  7.788666E-16
2.10997  7.806576E-16
2.1105  7.747894E-16
2.11104  7.797243E-16
2.11158  7.705395E-16
2.11212  7.726757E-16
2.11265  7.657026E-16
2.11319  7.655510E-16
2.11373  7.648485E-16
2.11427  7.758112E-16
2.1148  7.655808E-16
2.11534  7.676338E-16
2.11588  7.744171E-16
2.11642  7.742614E-16
2.11695  7.763245E-16
2.11749  7.668538E-16
2.11803  7.835402E-16
2.11856  7.582882E-16
2.1191  7.707068E-16
2.11964  7.634478E-16
2.12018  7.605157E-16
2.12071  7.616495E-16
2.12125  7.604232E-16
2.12179  7.569503E-16
2.12233  7.599434E-16
2.12286  7.525742E-16
2.1234  7.643264E-16
2.12394  7.627389E-16
2.12448  7.685416E-16
2.12501  7.708585E-16
2.12555  7.659507E-16
2.12609  7.540198E-16
2.12662  7.607387E-16
2.12716  7.616478E-16
2.1277  7.593940E-16
2.12824  7.654597E-16
2.12877  7.655971E-16
2.12931  7.645103E-16
2.12985  7.585048E-16
2.13038  7.626208E-16
2.13092  7.661728E-16
2.13146  7.578374E-16
2.132  7.649947E-16
2.13253  7.727310E-16
2.13307  7.596443E-16
2.13361  7.668359E-16
2.13415  7.632997E-16
2.13468  7.574669E-16
2.13522  7.616350E-16
2.13576  7.555613E-16
2.13629  7.558804E-16
2.13683  7.660879E-16
2.13737  7.604648E-16
2.13791  7.458071E-16
2.13844  7.556915E-16
2.13898  7.540891E-16
2.13952  7.578458E-16
2.14005  7.461964E-16
2.14059  7.494684E-16
2.14113  7.590548E-16
2.14167  7.594220E-16
2.1422  7.517119E-16
2.14274  7.549457E-16
2.14328  7.476582E-16
2.14381  7.517008E-16
2.14435  7.523610E-16
2.14489  7.585940E-16
2.14543  7.509061E-16
2.14596  7.537758E-16
2.1465  7.472788E-16
2.14704  7.536041E-16
2.14757  7.517900E-16
2.14811  7.506792E-16
2.14865  7.528987E-16
2.14919  7.570175E-16
2.14972  7.535619E-16
2.15026  7.484226E-16
2.1508  7.460276E-16
2.15133  7.691642E-16
2.15187  7.573967E-16
2.15241  7.516956E-16
2.15295  7.594083E-16
2.15348  7.430736E-16
2.15402  7.598258E-16
2.15456  7.551521E-16
2.15509  7.714656E-16
2.15563  7.557681E-16
2.15617  7.617190E-16
2.1567  7.551921E-16
2.15724  7.546764E-16
2.15778  7.573243E-16
2.15832  7.455088E-16
2.15885  7.454516E-16
2.15939  7.565888E-16
2.15993  7.522011E-16
2.16046  7.472667E-16
2.161  7.432363E-16
2.16154  7.509109E-16
2.16207  7.552774E-16
2.16261  7.433286E-16
2.16315  7.469005E-16
2.16369  7.491631E-16
2.16422  7.432023E-16
2.16476  7.547145E-16
2.1653  7.652585E-16
2.16583  7.535707E-16
2.16637  7.635649E-16
2.16691  7.576142E-16
2.16744  7.601385E-16
2.16798  7.594362E-16
2.16852  7.563318E-16
2.16906  7.559275E-16
2.16959  7.607144E-16
2.17013  7.566048E-16
2.17067  7.468736E-16
2.1712  7.553848E-16
2.17174  7.556447E-16
2.17228  7.660049E-16
2.17281  7.506954E-16
2.17335  7.444950E-16
2.17389  7.504495E-16
2.17443  7.484299E-16
2.17496  7.516154E-16
2.1755  7.530000E-16
2.17604  7.527070E-16
2.17657  7.430031E-16
2.17711  7.408290E-16
2.17765  7.293161E-16
2.17818  7.382295E-16
2.17872  7.452496E-16
2.17926  7.407609E-16
2.17979  7.337940E-16
2.18033  7.186303E-16
2.18087  7.309849E-16
2.1814  7.322551E-16
2.18194  7.267260E-16
2.18248  7.440479E-16
2.18302  7.425369E-16
2.18355  7.427999E-16
2.18409  7.493635E-16
2.18463  7.506898E-16
2.18516  7.430619E-16
2.1857  7.480994E-16
2.18624  7.448147E-16
2.18677  7.417758E-16
2.18731  7.449994E-16
2.18785  7.445629E-16
2.18838  7.366572E-16
2.18892  7.429528E-16
2.18946  7.416507E-16
2.18999  7.552600E-16
2.19053  7.413337E-16
2.19107  7.484639E-16
2.19161  7.438168E-16
2.19214  7.425368E-16
2.19268  7.368733E-16
2.19322  7.471539E-16
2.19375  7.391639E-16
2.19429  7.495106E-16
2.19483  7.382622E-16
2.19536  7.442547E-16
2.1959  7.391902E-16
2.19644  7.342843E-16
2.19697  7.434262E-16
2.19751  7.396419E-16
2.19805  7.360132E-16
2.19858  7.431152E-16
2.19912  7.268095E-16
2.19966  7.350122E-16
2.20019  7.404498E-16
2.20073  7.378574E-16
2.20127  7.440546E-16
2.2018  7.531149E-16
2.20234  7.294034E-16
2.20288  7.354289E-16
2.20341  7.372739E-16
2.20395  7.308442E-16
2.20449  7.222185E-16
2.20502  7.270913E-16
2.20556  7.248802E-16
2.2061  7.223051E-16
2.20664  7.205445E-16
2.20717  7.287891E-16
2.20771  7.276114E-16
2.20825  7.266574E-16
2.20878  7.222874E-16
2.20932  7.260847E-16
2.20986  7.245729E-16
2.21039  7.334737E-16
2.21093  7.216146E-16
2.21147  7.308354E-16
2.212  7.227986E-16
2.21254  7.335242E-16
2.21308  7.241722E-16
2.21361  7.232334E-16
2.21415  7.387521E-16
2.21469  7.337843E-16
2.21522  7.296221E-16
2.21576  7.280100E-16
2.2163  7.159776E-16
2.21683  7.203086E-16
2.21737  7.223201E-16
2.21791  7.360360E-16
2.21844  7.324005E-16
2.21898  7.349467E-16
2.21952  7.237722E-16
2.22005  7.256713E-16
2.22059  7.322965E-16
2.22113  7.375383E-16
2.22166  7.266829E-16
2.2222  7.377562E-16
2.22274  7.201352E-16
2.22327  7.251744E-16
2.22381  7.418936E-16
2.22435  7.224699E-16
2.22488  7.172766E-16
2.22542  7.276556E-16
2.22596  7.144448E-16
2.22649  7.325855E-16
2.22703  7.305863E-16
2.22757  7.288519E-16
2.2281  7.279099E-16
2.22864  7.322057E-16
2.22918  7.246980E-16
2.22971  7.267907E-16
2.23025  7.312379E-16
2.23079  7.205562E-16
2.23132  7.278986E-16
2.23186  7.223823E-16
2.2324  7.062413E-16
2.23293  7.308512E-16
2.23347  7.266220E-16
2.23401  7.302917E-16
2.23454  7.330615E-16
2.23508  7.264338E-16
2.23562  7.198241E-16
2.23615  7.222258E-16
2.23669  7.309674E-16
2.23723  7.320068E-16
2.23776  7.218308E-16
2.2383  7.214839E-16
2.23884  7.184845E-16
2.23937  7.157250E-16
2.23991  7.157382E-16
2.24045  7.206047E-16
2.24098  7.221736E-16
2.24152  7.179666E-16
2.24206  7.135980E-16
2.24259  7.182207E-16
2.24313  7.080529E-16
2.24367  7.176741E-16
2.2442  7.211753E-16
2.24474  7.208865E-16
2.24528  7.143703E-16
2.24581  7.260670E-16
2.24635  7.200273E-16
2.24689  7.191496E-16
2.24742  7.182499E-16
2.24796  7.226258E-16
2.2485  7.128734E-16
2.24903  7.254188E-16
2.24957  7.134094E-16
2.25011  7.224067E-16
2.25064  7.182327E-16
2.25118  7.118871E-16
2.25172  7.238595E-16
2.25225  7.114981E-16
2.25279  7.135417E-16
2.25332  7.142570E-16
2.25386  7.107041E-16
2.2544  7.157239E-16
2.25493  7.139174E-16
2.25547  7.175078E-16
2.25601  7.113077E-16
2.25654  7.257396E-16
2.25708  7.165964E-16
2.25762  7.242122E-16
2.25815  7.251503E-16
2.25869  7.190445E-16
2.25923  7.186845E-16
2.25976  7.186004E-16
2.2603  7.101072E-16
2.26084  7.162534E-16
2.26137  7.150378E-16
2.26191  7.252997E-16
2.26245  7.204689E-16
2.26298  7.237913E-16
2.26352  7.233230E-16
2.26406  7.133885E-16
2.26459  7.175394E-16
2.26513  7.224146E-16
2.26567  7.152837E-16
2.2662  7.122246E-16
2.26674  7.107391E-16
2.26728  7.064872E-16
2.26781  6.947562E-16
2.26835  7.097506E-16
2.26889  7.105291E-16
2.26942  7.185801E-16
2.26996  7.081310E-16
2.27049  7.301109E-16
2.27103  7.173879E-16
2.27157  7.068567E-16
2.2721  7.141914E-16
2.27264  7.075161E-16
2.27318  7.271635E-16
2.27371  7.178512E-16
2.27425  7.090603E-16
2.27479  6.923502E-16
2.27532  7.096655E-16
2.27586  7.074489E-16
2.2764  7.168760E-16
2.27693  7.186526E-16
2.27747  7.270926E-16
2.27801  7.260846E-16
2.27854  7.143970E-16
2.27908  7.093920E-16
2.27962  7.065414E-16
2.28015  7.147005E-16
2.28069  7.081537E-16
2.28123  7.121992E-16
2.28176  7.109205E-16
2.2823  7.118906E-16
2.28284  7.146983E-16
2.28337  7.232737E-16
2.28391  7.239088E-16
2.28445  7.235378E-16
2.28498  7.196963E-16
2.28552  7.256486E-16
2.28605  7.180616E-16
2.28659  7.200268E-16
2.28713  7.195927E-16
2.28766  7.105835E-16
2.2882  7.119388E-16
2.28874  7.067462E-16
2.28927  7.104487E-16
2.28981  7.111890E-16
2.29035  7.121141E-16
2.29088  7.192097E-16
2.29142  7.166391E-16
2.29196  7.163083E-16
2.29249  7.125291E-16
2.29303  7.101953E-16
2.29357  7.071923E-16
2.2941  7.199480E-16
2.29464  7.225281E-16
2.29518  7.281894E-16
2.29571  7.236318E-16
2.29625  7.360986E-16
2.29678  7.254938E-16
2.29732  7.359745E-16
2.29786  7.242554E-16
2.29839  7.391906E-16
2.29893  7.373211E-16
2.29947  7.517007E-16
2.3  7.538281E-16
2.30054  7.576107E-16
2.30108  7.606229E-16
2.30161  7.616432E-16
2.30215  7.536653E-16
2.30269  7.538701E-16
2.30322  7.563376E-16
2.30376  7.748494E-16
2.3043  7.664594E-16
2.30483  7.647383E-16
2.30537  7.740153E-16
2.30591  7.723083E-16
2.30644  7.660717E-16
2.30698  7.714992E-16
2.30752  7.739335E-16
2.30805  7.754232E-16
2.30859  7.782046E-16
2.30912  7.730834E-16
2.30966  7.720756E-16
2.3102  7.772883E-16
2.31073  7.671923E-16
2.31127  7.444674E-16
2.31181  7.464946E-16
2.31234  7.496091E-16
2.31288  7.341140E-16
2.31342  7.351162E-16
2.31395  7.300663E-16
2.31449  7.223535E-16
2.31503  7.051374E-16
2.31556  7.089299E-16
2.3161  7.094667E-16
2.31664  7.208659E-16
2.31717  7.175532E-16
2.31771  7.324929E-16
2.31825  7.245605E-16
2.31878  7.130625E-16
2.31932  7.104088E-16
2.31985  7.214097E-16
2.32039  7.154231E-16
2.32093  7.046845E-16
2.32146  7.043225E-16
2.322  7.012868E-16
2.32254  7.011095E-16
2.32307  7.010115E-16
2.32361  7.064017E-16
2.32415  7.042384E-16
2.32468  7.034364E-16
2.32522  6.951861E-16
2.32576  6.944732E-16
2.32629  6.907966E-16
2.32683  7.038435E-16
2.32737  6.908502E-16
2.3279  6.930158E-16
2.32844  6.926540E-16
2.32898  6.854330E-16
2.32951  6.954488E-16
2.33005  6.894884E-16
2.33059  6.923562E-16
2.33112  6.868702E-16
2.33166  6.909224E-16
2.3322  6.925615E-16
2.33273  6.838942E-16
2.33327  6.943041E-16
2.3338  6.909786E-16
2.33434  6.916869E-16
2.33488  7.026473E-16
2.33541  6.891850E-16
2.33595  6.949111E-16
2.33649  6.787318E-16
2.33702  6.857237E-16
2.33756  6.869214E-16
2.3381  6.889406E-16
2.33863  6.845780E-16
2.33917  6.836967E-16
2.33971  6.923664E-16
2.34024  6.924509E-16
2.34078  7.015609E-16
2.34132  7.016293E-16
2.34185  6.915330E-16
2.34239  7.003260E-16
2.34293  6.968701E-16
2.34346  6.935136E-16
2.344  6.947102E-16
2.34454  6.868385E-16
2.34507  6.885387E-16
2.34561  6.832907E-16
2.34614  6.942871E-16
2.34668  6.929103E-16
2.34722  6.778156E-16
2.34775  6.883405E-16
2.34829  6.922271E-16
2.34883  6.856121E-16
2.34936  6.857397E-16
2.3499  6.844352E-16
2.35044  6.841235E-16
2.35097  6.959843E-16
2.35151  6.866936E-16
2.35205  6.874721E-16
2.35258  6.858015E-16
2.35312  6.920961E-16
2.35366  6.995068E-16
2.35419  6.923774E-16
2.35473  6.796176E-16
2.35527  6.813028E-16
2.3558  6.917053E-16
2.35634  7.009292E-16
2.35688  6.869570E-16
2.35741  6.825003E-16
2.35795  6.940330E-16
2.35849  6.869859E-16
2.35902  6.944999E-16
2.35956  6.989249E-16
2.3601  6.993475E-16
2.36063  6.840857E-16
2.36117  6.926727E-16
2.3617  6.898217E-16
2.36224  6.831879E-16
2.36278  6.826717E-16
2.36331  6.871197E-16
2.36385  6.740072E-16
2.36439  6.657587E-16
2.36492  6.773365E-16
2.36546  6.806011E-16
2.366  6.787170E-16
2.36653  6.721193E-16
2.36707  6.828183E-16
2.36761  6.837162E-16
2.36814  6.787062E-16
2.36868  6.795599E-16
2.36922  6.553626E-16
2.36975  6.481523E-16
2.37029  6.688279E-16
2.37083  6.858600E-16
2.37136  6.896362E-16
2.3719  7.146843E-16
2.37244  7.029038E-16
2.37297  6.854571E-16
2.37351  6.850541E-16
2.37405  6.876961E-16
2.37458  6.860005E-16
2.37512  6.835047E-16
2.37566  6.757808E-16
2.37619  6.675777E-16
2.37673  6.803284E-16
2.37727  6.774304E-16
2.3778  6.823117E-16
2.37834  6.743002E-16
2.37888  6.725695E-16
2.37941  6.542795E-16
2.37995  6.748927E-16
2.38049  6.858964E-16
2.38102  6.740258E-16
2.38156  6.701691E-16
2.3821  6.561846E-16
2.38263  6.650542E-16
2.38317  6.640687E-16
2.38371  6.626119E-16
2.38424  6.805913E-16
2.38478  6.845609E-16
2.38532  6.692156E-16
2.38585  6.716729E-16
2.38639  6.743608E-16
2.38693  6.622046E-16
2.38746  6.666466E-16
2.388  6.927709E-16
2.38854  6.668517E-16
2.38907  6.689039E-16
2.38961  6.644726E-16
2.39015  6.645341E-16
2.39068  6.742790E-16
2.39122  6.670048E-16
2.39176  6.727665E-16
2.39229  6.627484E-16
2.39283  6.568350E-16
2.39337  6.665248E-16
2.3939  6.634784E-16
2.39444  6.656569E-16
2.39498  6.619066E-16
2.39551  6.541271E-16
2.39605  6.608684E-16
2.39659  6.780441E-16
2.39712  6.665190E-16
2.39766  6.605354E-16
2.3982  6.732767E-16
2.39873  6.637732E-16
2.39927  6.600761E-16
2.39981  6.658557E-16
2.40034  6.556534E-16
2.40088  6.651293E-16
2.40142  6.487185E-16
2.40195  6.845615E-16
2.40249  6.697854E-16
2.40303  6.689344E-16
2.40356  6.638745E-16
2.4041  6.766657E-16
2.40464  6.611725E-16
2.40517  6.608078E-16
2.40571  6.754874E-16
2.40625  6.639574E-16
2.40678  6.548211E-16
2.40732  6.644975E-16
2.40786  6.624972E-16
2.40839  6.663654E-16
2.40893  6.526353E-16
2.40947  6.468174E-16
2.41  6.625608E-16
2.41054  6.504031E-16
2.41108  6.529045E-16
2.41161  6.597179E-16
2.41215  6.587455E-16
2.41269  6.628353E-16
2.41322  6.525288E-16
2.41376  6.588698E-16
2.4143  6.676506E-16
2.41483  6.448896E-16
2.41537  6.574861E-16
2.41591  6.521364E-16
2.41644  6.652543E-16
2.41698  6.702566E-16
2.41752  6.498401E-16
2.41805  6.661368E-16
2.41859  6.711400E-16
2.41913  6.526540E-16
2.41966  6.698111E-16
2.4202  6.803265E-16
2.42074  6.628544E-16
2.42127  6.614388E-16
2.42181  6.503915E-16
2.42235  6.522380E-16
2.42289  6.445411E-16
2.42342  6.544288E-16
2.42396  6.600848E-16
2.4245  6.673794E-16
2.42503  6.631660E-16
2.42557  6.586298E-16
2.42611  6.605936E-16
