Title: A Near-Infrared Spectral Template for Quasars 
Authors: Glikman E., Helfand D.J., White R.L. 
Table: Quasar K-corrections
================================================================================
Byte-by-byte Description of file: datafile8.txt
--------------------------------------------------------------------------------
   Bytes Format Units Label     Explanations
--------------------------------------------------------------------------------
   1-  4 F4.1   ---   Redshift  Redshift
   6- 10 F5.3   mag   K-Jmag    ? 2MASS J band K-correction
  12- 17 F6.3   mag   K-Hmag    ? 2MASS H band K-correction
  19- 24 F6.3   mag   K-Kmag    ? 2MASS K_S_ band K-correction
  26- 31 F6.3   mag   K-3.6mag  Spitzer IRAC 3.6 micron band K-correction 
--------------------------------------------------------------------------------
 0.1 0.005  0.085  0.015 -0.012
 0.2 0.030  0.111  0.094  0.001
 0.3 0.085  0.178  0.202 -0.005
 0.4 0.085  0.201  0.279 -0.004
 0.5 0.071  0.199  0.320  0.027
 0.6 0.022  0.210  0.335  0.050
 0.7 0.208  0.294  0.378  0.065
 0.8 0.397  0.287  0.446  0.095
 0.9 0.459  0.275  0.414  0.136
 1.0 0.478  0.260  0.389  0.190
 1.1 0.393  0.231  0.418  0.253
 1.2 0.310  0.196  0.505  0.299
 1.3 0.403 -0.033  0.516  0.338
 1.4 0.466 -0.262  0.494  0.372
 1.5 0.520 -0.297  0.485  0.377
 1.6 0.556 -0.331  0.474  0.402
 1.7 0.591 -0.242  0.462  0.435
 1.8 0.568 -0.064  0.451  0.466
 1.9 0.575 -0.101  0.407  0.472
 2.0 0.600 -0.143  0.314  0.448
 2.1 0.634 -0.233  0.010  0.483
 2.2 0.673 -0.311 -0.097  0.487
 2.3 0.707 -0.346 -0.149  0.495
 2.4 0.754 -0.377 -0.190  0.501
 2.5 0.793 -0.406 -0.067  0.506
 2.6 0.827 -0.399  0.153  0.534
 2.7 0.846 -0.362  0.151  0.569
 2.8 0.865 -0.368  0.121  0.556
 2.9 0.887 -0.382  0.095  0.552
 3.0 0.878 -0.401  0.061  0.558
 3.1 1.524 -0.425 -0.019  0.550
 3.2       -0.454 -0.099  0.545
 3.3       -0.495 -0.138  0.535
 3.4       -0.532 -0.162  0.517
 3.5       -0.569 -0.186  0.495
 3.6       -0.597 -0.202  0.482
 3.7       -0.624 -0.188  0.469
 3.8       -0.648 -0.143  0.378
 3.9       -0.664 -0.152  0.150
 4.0       -0.672 -0.159  0.095
 4.1       -0.680 -0.162  0.081
 4.2       -0.692 -0.173  0.063
 4.3       -0.708 -0.181  0.054
 4.4       -0.731 -0.194  0.031
 4.5       -0.501 -0.229  0.024
 4.6              -0.262  0.026
 4.7              -0.293  0.013
 4.8              -0.326  0.015
 4.9              -0.354  0.030
 5.0              -0.375  0.135
 5.1              -0.397  0.182
 5.2              -0.413  0.171
 5.3              -0.429  0.158
 5.4              -0.445  0.116
 5.5              -0.458  0.077
 5.6              -0.465  0.025
 5.7              -0.470  0.014
 5.8              -0.475 -0.001
 5.9              -0.485 -0.015
 6.0              -0.497 -0.038
 6.1              -0.515 -0.055
 6.2              -0.482 -0.069
 6.3              -0.136 -0.088
 6.4                     -0.102
 6.5                     -0.107
 6.6                     -0.109
 6.7                     -0.115
 6.8                     -0.122
 6.9                     -0.111
 7.0                     -0.107
 7.1                     -0.092
 7.2                     -0.092
 7.3                     -0.105
 7.4                     -0.116
 7.5                     -0.129
 7.6                     -0.142
 7.7                     -0.153
 7.8                     -0.167
 7.9                     -0.181
 8.0                     -0.191
 8.1                     -0.199
 8.2                     -0.214
 8.3                     -0.231
 8.4                     -0.249
 8.5                     -0.264
 8.6                     -0.277
 8.7                     -0.291
 8.8                     -0.307
 8.9                     -0.321
 9.0                     -0.337
 9.1                     -0.349
 9.2                     -0.359
 9.3                     -0.368
 9.4                     -0.375
 9.5                     -0.379
 9.6                     -0.381
 9.7                     -0.387
 9.8                     -0.394
 9.9                     -0.399
10.0                     -0.404
