0.403906  96.534
0.407812  97.096
0.415625  97.479
0.423438  97.849
0.439062   98.26
0.470312  98.548
0.501562  98.671
0.517188  98.712
0.548438  98.658
0.579687  98.548
0.603125  98.425
0.630469  98.274
0.653906   98.11
0.68125   97.932
0.716406   97.74
0.763281  97.589
0.814062  97.466
0.841406  97.425
0.857031  97.644
0.86875   97.712
0.892187  97.575
0.93125   97.466
0.99375   97.521
1.048437  97.644
1.11875   97.877
1.165625  98.014
1.185156  98.082
# 1.192969   97.89
# 1.267187  98.055
1.333594  98.205
1.392187  98.315
1.4625    98.425
1.544531  98.548
1.626562  98.644
1.708594  98.753
1.790625  98.822
1.841406   98.89
# 1.849219  98.616
1.849219  98.904
1.857031  98.918
# 1.864844  98.644
1.86875   98.918
# 1.86875   99.096
1.880469  98.918
# 1.892187  99.082
# 1.896093  98.836
# 1.9       99.082
# 1.907812  98.795
1.915625  98.945
# 1.919531  98.877
# 1.927344      99
1.935156  98.945
1.950781  98.959
1.9625    98.973
1.978125  98.973
2.001562      99
2.025     99.014
2.060156  99.027
2.099219  99.055
2.169531  99.096
2.251562  99.137
2.314062  99.192
