   0.220    91.5
   0.240    91.9
   0.260    92.2
   0.280    92.3
   0.300    92.3
   0.315    92.4
   0.320    92.4
   0.340    92.5
   0.360    92.5
   0.380    92.5
   0.400    92.4
   0.450    92.2
   0.500    91.8
   0.550    91.5
   0.600    91.1
   0.650    90.5
   0.700    89.7
   0.750    88.6
   0.800    86.7
   0.850    86.7
   0.900    89.1
   0.950    92.4
   1.000    94.0
   1.500    97.4
   2.000    97.8
   3.000    98.0
   4.000    98.2
   5.000    98.4
   6.000    98.5
   7.000    98.6
   8.000    98.7
   9.000    98.7
  10.000    98.7
  15.000    98.9
  20.000    99.0
  30.000    99.2
