   0.200   97.00
   0.250   97.00
   0.300   97.00
   0.350   97.00
   0.400   97.00
   0.450   97.00
   0.500   97.00
   0.550   97.00
   0.600   97.00
   0.650   97.00
   0.700   97.00
   0.750   97.00
   0.800   97.00
   0.850   97.00
   0.900   97.00
   0.950   97.00
   1.000   99.70
   1.050   99.70
   1.100   99.70
   1.150   99.70
   1.200   99.70
   1.250   99.70
   1.300   99.70
   1.350   99.70
   1.400   99.70
   1.450   99.70
   1.500   99.70
   1.550   99.70
   1.600   99.70
   1.650   99.70
   1.700   99.70
   1.750   99.70
   1.800   99.70
   1.850   99.70
   1.900   99.70
   1.950   99.70
   2.000   99.70
   2.050   99.70
   2.100   99.70
   2.150   99.70
   2.200   99.70
   2.250   99.70
   2.300   99.70
   2.350   99.70
   2.400   99.70
   2.450   99.70
   2.500   99.70
   2.550   99.70
   2.600   99.70
   2.650   99.70
   2.700   99.70
   2.750   99.70
   2.800   99.70
   2.850   99.70
   2.900   99.70
   2.950   99.70
   3.000   99.70
