0.166475 10.3806
0.172697 28.3737
0.175895 55.7093
0.179152 73.3564
0.185848 80.2768
0.191034 84.7751
0.196364 87.1972
0.201843 87.5433
0.213264 89.2734
0.233754 89.9654
0.256212 89.9654
0.280828 89.9654
0.307809 89.9654
0.334301 90.3114
0.366419 90.3114
0.448361 90.6574
 0.48695 90.6574
0.533734 90.6574
0.585013 90.6574
0.641219 90.6574
0.696406 90.6574
0.749437 91.0035
 0.82144 91.0035
0.900361 91.0035
0.986864 91.0035
 1.08168 91.0035
  1.1856 91.0035
 1.31148 91.3495
 1.43749 91.3495
 1.57559 91.3495
 1.72697 91.3495
 1.89289 91.3495
 2.11317 91.3495
 2.33754 91.6955
 2.56212 91.6955
 2.80828 91.6955
 3.07809 91.6955
 3.37382 91.6955
 3.69796 91.6955
 4.05325 92.0415
  4.3619 92.0415
 4.78097 91.6955
 5.33734 91.6955
 5.63935 91.0035
 6.06878 91.0035
 6.47128 88.5813
 6.83746 85.8131
 7.15838  82.699
 7.42593 79.5848
 7.84613 70.5882
  8.2901 57.7855
 8.44361 26.6436
  8.7592  17.301
 9.00361 12.4567
