0.414286 14.9682
0.442857 17.5159
0.461905 20.3822
 0.47619 23.2484
0.490476 28.0255
     0.5 32.4841
0.509524 36.6242
0.514286 42.3567
 0.52381 45.2229
0.528571 48.4076
0.533333 56.3694
# 0.533333 56.3694
0.538095 64.6497
0.547619 67.5159
0.557143 73.5669
0.566667 76.7516
 0.57619 81.5287
0.585714  83.758
     0.6 86.9427
0.619048 90.4459
0.647619 92.6752
0.685714  94.586
0.728571 95.8599
 0.77619 96.4968
0.819048 96.8153
0.866667 97.1338
0.909524 97.4522
0.957143 97.7707
 1.00476 97.7707
 1.05238 98.0892
 1.09524 98.0892
 1.14286 98.0892
 1.19048 98.4076
  1.2381 98.4076
 1.28571 98.4076
 1.33333 98.4076
 1.38095 98.4076
 1.42857 98.4076
 1.47619 98.4076
 1.52381 98.4076
 1.57143 98.4076
 1.61905 98.7261
 1.66667 98.7261
 1.71429 98.7261
  1.7619 98.7261
 1.80952 98.7261
 1.85714 98.7261
 1.90476 98.7261
 1.95238 98.7261
       2 98.7261
 2.04762 98.7261
 2.09524 98.7261
 2.14286 98.7261
 2.19048 98.7261
  2.2381 98.7261
 2.28571 98.7261
 2.33333 98.7261
 2.38095 98.7261
 2.42857 98.7261
 2.47619 98.7261
 2.52381 98.7261
 2.57143 98.7261
