0.906500506772  43.496729015
0.929839675666  43.7620934304
0.953178844559  44.0274578458
0.976518013453  44.2928222611
0.994087656255  44.828158113
1.00588777297  45.6334654013
1.01779231549  46.9768727541
1.02969685801  48.3202801069
1.03583187444  49.9336588962
1.04778862987  51.5461162812
1.0655671243  53.157652262
1.07180656654  55.3091311158
1.08381553488  57.1906385331
1.09005497712  59.3421173869
1.10232500998  62.5688749654
1.11480389447  66.871832673
1.11563930096  71.176633189
1.11605700421  73.329033447
1.12260972389  77.0948124942
1.12869252741  78.4391412513
1.14064928284  80.0515986363
1.16414509045  81.1241131484
1.18758868516  81.9275776283
1.21103227986  82.7310421082
1.22283239657  83.5363493965
1.25225436899  85.1460425689
1.2757501766  86.218557081
1.30511993612  87.5592002211
1.32866795663  88.9007647655
1.35216376424  89.9732792776
1.37565957185  91.0457937897
1.39925980528  92.6564083664
1.42275561289  93.7289228785
1.4462514205  94.8014373906
1.4696950152  95.6049018705
1.48731687091  96.4092877545
1.50488651371  96.9446236064
1.52240394361  97.210909426
1.55151263859  97.2063024049
1.56897785559  97.2035381922
1.59798212476  96.6608311066
1.62698639393  96.118124021
1.65016892411  95.5763383396
1.67335145428  95.0345526583
1.70230351055  94.2227955404
1.72532940201  92.8738597623
1.73686845419  92.3339168893
1.74840750637  91.7939740164
1.75994655856  91.2540311435
1.77725513683  90.4441168341
1.80610276728  89.0942596517
1.82341134556  88.2843453423
1.84654166283  87.4735096287
1.86390245401  86.9326453515
1.88121103228  86.1227310421
1.90439356246  85.5809453607
1.93911514481  84.4992168064
1.97965846617  83.4165668479
2.00866273534  82.8738597623
2.03184526552  82.3320740809
2.06661906078  81.5193955588
2.09557111705  80.707638441
2.1419361774  79.6240670782
2.17088823367  78.8123099604
2.19407076384  78.270524279
2.21730550693  77.9977886299
2.26377499309  77.4523173316
2.29870542707  77.4467889063
2.34527933905  77.4394176725
2.39772720292  77.7001750668
2.44440554071  78.2309038975
2.4794404005  78.7634755367
2.5028317823  79.2978899843
