#
#H Band Filter
#niri_H_G0203
     0.8 0.01766
   0.801 0.014067
   0.802 0.016821
   0.803  0.01984
   0.804 0.018791
   0.805  0.01755
   0.806 0.018483
   0.807 0.012731
   0.808  0.02008
   0.809 0.017391
    0.81 0.018852
   0.811  0.01502
   0.812 0.011234
   0.813 0.017687
   0.814 0.013707
   0.815 0.012386
   0.816 0.009375
   0.817 0.018735
   0.818  0.01278
   0.819 0.016387
    0.82 0.010443
   0.821 0.015263
   0.822 0.017974
   0.823 0.011021
   0.824 0.021403
   0.825 0.012767
   0.826 0.017986
   0.827 0.014614
   0.828 0.015674
   0.829 0.016409
    0.83 0.017087
   0.831 0.010762
   0.832 0.020682
   0.833 0.011155
   0.834 0.015029
   0.835  0.01616
   0.836 0.012847
   0.837 0.017376
   0.838 0.019465
   0.839 0.014013
    0.84  0.01595
   0.841 0.016447
   0.842 0.015745
   0.843 0.015928
   0.844 0.017758
   0.845 0.011447
   0.846 0.020017
   0.847 0.007578
   0.848 0.014271
   0.849 0.012756
    0.85 0.017262
   0.851 0.016842
   0.852 0.013235
   0.853 0.019317
   0.854  0.01083
   0.855 0.011437
   0.856 0.014939
   0.857 0.021008
   0.858 0.014716
   0.859 0.018344
    0.86 0.022996
   0.861  0.01195
   0.862 0.012208
   0.863 0.019727
   0.864  0.01697
   0.865 0.017523
   0.866 0.014391
   0.867 0.023051
   0.868 0.014597
   0.869 0.013586
    0.87 0.019931
   0.871 0.023132
   0.872 0.018305
   0.873  0.01886
   0.874 0.021114
   0.875 0.012847
   0.876 0.010465
   0.877 0.023095
   0.878 0.020525
   0.879 0.024071
    0.88 0.014115
   0.881 0.013515
   0.882 0.016443
   0.883 0.019764
   0.884 0.009139
   0.885 0.017961
   0.886 0.014568
   0.887 0.015457
   0.888 0.014401
   0.889  0.02177
    0.89 0.022222
   0.891 0.012439
   0.892 0.015331
   0.893 0.020275
   0.894 0.014373
   0.895 0.014042
   0.896 0.015689
   0.897  0.01399
   0.898  0.01972
   0.899 0.014238
     0.9 0.019134
   0.901 0.012786
   0.902 0.010935
   0.903 0.018468
   0.904 0.014856
   0.905 0.011067
   0.906 0.013042
   0.907 0.012836
   0.908 0.018525
   0.909 0.012936
    0.91  0.01858
   0.911 0.019028
   0.912 0.014854
   0.913 0.015084
   0.914 0.017287
   0.915 0.011125
   0.916 0.020808
   0.917 0.018061
   0.918 0.013805
   0.919 0.021357
    0.92 0.012061
   0.921 0.022693
   0.922 0.014253
   0.923 0.016653
   0.924 0.012485
   0.925 0.019589
   0.926  0.01505
   0.927 0.012893
   0.928 0.014964
   0.929 0.017977
    0.93 0.011558
   0.931 0.021345
   0.932 0.015204
   0.933 0.018118
   0.934 0.013937
   0.935 0.012208
   0.936 0.013291
   0.937 0.013649
   0.938 0.018983
   0.939 0.018237
    0.94 0.016336
   0.941 0.016623
   0.942 0.016674
   0.943 0.015707
   0.944 0.011621
   0.945 0.013528
   0.946 0.010775
   0.947 0.017439
   0.948 0.020222
   0.949 0.015732
    0.95 0.013755
   0.951 0.013933
   0.952 0.015017
   0.953  0.01883
   0.954 0.014233
   0.955  0.01524
   0.956 0.016711
   0.957 0.012728
   0.958 0.019245
   0.959 0.018215
    0.96  0.01501
   0.961 0.018383
   0.962 0.017547
   0.963 0.017472
   0.964 0.009391
   0.965 0.022224
   0.966 0.019257
   0.967 0.015158
   0.968 0.014734
   0.969  0.01429
    0.97  0.01796
   0.971 0.013946
   0.972 0.017031
   0.973 0.010114
   0.974  0.01233
   0.975 0.014409
   0.976 0.016146
   0.977 0.015764
   0.978 0.018095
   0.979 0.014331
    0.98 0.012886
   0.981 0.013485
   0.982 0.013971
   0.983 0.010166
   0.984 0.011464
   0.985 0.021878
   0.986 0.014685
   0.987  0.01124
   0.988 0.017019
   0.989 0.018684
    0.99  0.01485
   0.991 0.013562
   0.992 0.016978
   0.993 0.014104
   0.994 0.018922
   0.995 0.011781
   0.996 0.011852
   0.997 0.011506
   0.998 0.016473
   0.999 0.016889
       1 0.013986
   1.001 0.014245
   1.002 0.016134
   1.003 0.012589
   1.004 0.015611
   1.005 0.014835
   1.006 0.009684
   1.007 0.020609
   1.008 0.018146
   1.009 0.017537
    1.01 0.015327
   1.011 0.017154
   1.012 0.013736
   1.013 0.015289
   1.014 0.010631
   1.015 0.015107
   1.016 0.012719
   1.017 0.015063
   1.018 0.015068
   1.019 0.021596
    1.02 0.011088
   1.021 0.018481
   1.022 0.011946
   1.023 0.024011
   1.024 0.009721
   1.025 0.022364
   1.026 0.015168
   1.027 0.017153
   1.028 0.015602
   1.029  0.01762
    1.03 0.014324
   1.031 0.018103
   1.032 0.016982
   1.033 0.016041
   1.034 0.022755
   1.035 0.014305
   1.036 0.015088
   1.037  0.01631
   1.038  0.01434
   1.039 0.012114
    1.04 0.014006
   1.041 0.019523
   1.042 0.011884
   1.043 0.018089
   1.044 0.012967
   1.045 0.013301
   1.046   0.0123
   1.047 0.015437
   1.048  0.02023
   1.049 0.013852
    1.05 0.010118
   1.051 0.016776
   1.052 0.017307
   1.053 0.013867
   1.054 0.010575
   1.055 0.016212
   1.056 0.014025
   1.057  0.01284
   1.058 0.012342
   1.059 0.015544
    1.06 0.016625
   1.061 0.014575
   1.062 0.019878
   1.063 0.016224
   1.064 0.011884
   1.065 0.019809
   1.066 0.015961
   1.067  0.01799
   1.068 0.014741
   1.069 0.015527
    1.07 0.018106
   1.071  0.01009
   1.072 0.021045
   1.073 0.017537
   1.074 0.016986
   1.075  0.01598
   1.076 0.013286
   1.077 0.015017
   1.078 0.015747
   1.079 0.010517
    1.08 0.016585
   1.081 0.017967
   1.082 0.009321
   1.083 0.018778
   1.084 0.009774
   1.085 0.014247
   1.086  0.01013
   1.087 0.013395
   1.088 0.016466
   1.089 0.015213
    1.09 0.014288
   1.091 0.007487
   1.092 0.019419
   1.093 0.013033
   1.094 0.012653
   1.095 0.020219
   1.096 0.011409
   1.097  0.01419
   1.098 0.014477
   1.099  0.01924
     1.1 0.017758
   1.101 0.011456
   1.102 0.017104
   1.103 0.020691
   1.104 0.013444
   1.105 0.014669
   1.106 0.016067
   1.107 0.014868
   1.108 0.014414
   1.109  0.01325
    1.11 0.023463
   1.111 0.008799
   1.112 0.022438
   1.113 0.012982
   1.114 0.013936
   1.115 0.020923
   1.116 0.015652
   1.117   0.0203
   1.118 0.015181
   1.119 0.011916
    1.12   0.0175
   1.121 0.016349
   1.122  0.01483
   1.123 0.014319
   1.124 0.012301
   1.125 0.016827
   1.126 0.013958
   1.127 0.017724
   1.128 0.016064
   1.129 0.016869
    1.13 0.008482
   1.131  0.01479
   1.132 0.018923
   1.133 0.011386
   1.134 0.015605
   1.135  0.01574
   1.136 0.015607
   1.137 0.017262
   1.138 0.012319
   1.139 0.010528
    1.14 0.013789
   1.141 0.013994
   1.142 0.012686
   1.143 0.019842
   1.144 0.016917
   1.145 0.013956
   1.146 0.011768
   1.147 0.023591
   1.148 0.018562
   1.149 0.017761
    1.15 0.016098
   1.151 0.011824
   1.152 0.015147
   1.153   0.0126
   1.154 0.014769
   1.155 0.016098
   1.156 0.013541
   1.157  0.02029
   1.158 0.016064
   1.159 0.014816
    1.16 0.018976
   1.161 0.017764
   1.162 0.013046
   1.163 0.011435
   1.164 0.016845
   1.165 0.011424
   1.166 0.015586
   1.167 0.015219
   1.168 0.013037
   1.169 0.018163
    1.17 0.016002
   1.171 0.016069
   1.172 0.016003
   1.173 0.019019
   1.174 0.013058
   1.175 0.015601
   1.176 0.016515
   1.177 0.010112
   1.178 0.014795
   1.179 0.025755
    1.18 0.018207
   1.181 0.013425
   1.182 0.013106
   1.183 0.017279
   1.184 0.013481
   1.185 0.019805
   1.186 0.016857
   1.187 0.011387
   1.188 0.013087
   1.189 0.016039
    1.19 0.017687
   1.191 0.016013
   1.192 0.012218
   1.193 0.013912
   1.194 0.014758
   1.195  0.01558
   1.196 0.013039
   1.197 0.016499
   1.198 0.014596
   1.199 0.013109
     1.2 0.017277
   1.201 0.018467
   1.202 0.013114
   1.203 0.013581
   1.204 0.011405
   1.205 0.013081
   1.206 0.015641
   1.207 0.006764
   1.208 0.015629
   1.209 0.019428
    1.21 0.013921
   1.211 0.015608
   1.212  0.01898
   1.213 0.013069
   1.214   0.0177
   1.215 0.015168
   1.216 0.013899
   1.217 0.017692
   1.218 0.020633
   1.219 0.015156
    1.22 0.015572
   1.221 0.015568
   1.222 0.015148
   1.223 0.013457
   1.224 0.015566
   1.225 0.015138
   1.226 0.013455
   1.227 0.018507
   1.228 0.020611
   1.229 0.013031
    1.23 0.015554
   1.231 0.015136
   1.232 0.014293
   1.233  0.01724
   1.234 0.012189
   1.235 0.014718
   1.236 0.019757
   1.237 0.013462
   1.238 0.017667
   1.239 0.013883
    1.24 0.014304
   1.241 0.018507
   1.242 0.014725
   1.243 0.017648
   1.244 0.016795
   1.245 0.017223
   1.246 0.015931
   1.247 0.011341
   1.248 0.016803
   1.249 0.009248
    1.25 0.014706
   1.251 0.018095
   1.252 0.017643
   1.253 0.016756
   1.254 0.011331
   1.255 0.015532
   1.256 0.013005
   1.257 0.010057
   1.258 0.012156
   1.259 0.016773
    1.26 0.013007
   1.261 0.017632
   1.262  0.01595
   1.263 0.009957
   1.264 0.013452
   1.265  0.01497
   1.266 0.017657
   1.267 0.019179
   1.268 0.022278
   1.269 0.013823
    1.27 0.014603
   1.271 0.012603
   1.272  0.01675
   1.273 0.021369
   1.274 0.013411
   1.275   0.0176
   1.276 0.016752
   1.277 0.014971
   1.278 0.023057
   1.279 0.018411
    1.28 0.012411
   1.281 0.017491
   1.282 0.020146
   1.283 0.013477
   1.284 0.016345
   1.285 0.014547
   1.286 0.015561
   1.287 0.021711
   1.288 0.009839
   1.289 0.018227
    1.29 0.020909
   1.291 0.014207
   1.292 0.018678
   1.293 0.015763
   1.294 0.010893
   1.295 0.011748
   1.296 0.016274
   1.297 0.017968
   1.298 0.017931
   1.299 0.012185
     1.3 0.015019
   1.301  0.00995
   1.302 0.013034
   1.303 0.012838
   1.304  0.01718
   1.305 0.012446
   1.306 0.013413
   1.307 0.016279
   1.308 0.017647
   1.309 0.014703
    1.31 0.011069
   1.311 0.016271
   1.312 0.019201
   1.313 0.013373
   1.314 0.018811
   1.315 0.016643
   1.316 0.015834
   1.317 0.009123
   1.318 0.015954
   1.319  0.01665
    1.32 0.020325
   1.321 0.017956
   1.322 0.018353
   1.323  0.01503
   1.324 0.020827
   1.325 0.011649
   1.326 0.015824
   1.327 0.017908
   1.328 0.019162
   1.329 0.012896
    1.33  0.00829
   1.331 0.010347
   1.332 0.018716
   1.333 0.015889
   1.334 0.012474
   1.335 0.017016
   1.336 0.011218
   1.337 0.014527
   1.338 0.019551
   1.339 0.012433
    1.34 0.014149
   1.341 0.017946
   1.342 0.015705
   1.343 0.016035
   1.344 0.015044
   1.345 0.018675
   1.346 0.016556
   1.347 0.010986
   1.348 0.016328
   1.349 0.017406
    1.35 0.016051
   1.351 0.015814
   1.352 0.017171
   1.353  0.02047
   1.354 0.014628
   1.355 0.013434
   1.356  0.01414
   1.357 0.013246
   1.358 0.015654
   1.359 0.018557
    1.36 0.007946
   1.361 0.015297
   1.362 0.014694
   1.363 0.019656
   1.364 0.015319
   1.365 0.011395
   1.366 0.016576
   1.367 0.015744
   1.368 0.013937
   1.369 0.015676
    1.37  0.01788
   1.371 0.015172
   1.372 0.016314
   1.373 0.019084
   1.374 0.027022
   1.375 0.011509
   1.376 0.021325
   1.377 0.012916
   1.378 0.015057
   1.379 0.016199
    1.38 0.016847
   1.381 0.021082
   1.382 0.019958
   1.383 0.011983
   1.384 0.018233
   1.385 0.011619
   1.386  0.01807
   1.387 0.012883
   1.388 0.019779
   1.389 0.015033
    1.39  0.01752
   1.391 0.015642
   1.392 0.016294
   1.393 0.014542
   1.394 0.012936
   1.395 0.019486
   1.396 0.016812
   1.397 0.012103
   1.398 0.015851
   1.399 0.016439
     1.4 0.020357
   1.401 0.022721
   1.402 0.018492
   1.403 0.024767
   1.404 0.015815
   1.405 0.021476
   1.406 0.018439
   1.407 0.019875
   1.408 0.017585
   1.409 0.022558
    1.41 0.018663
   1.411 0.023597
   1.412 0.019778
   1.413 0.018934
   1.414 0.018936
   1.415 0.020697
   1.416 0.026401
   1.417 0.018704
   1.418 0.022248
   1.419 0.020704
    1.42  0.02097
   1.421 0.026101
   1.422 0.022443
   1.423 0.026682
   1.424 0.029604
   1.425 0.036485
   1.426 0.035451
   1.427 0.038964
   1.428 0.037503
   1.429 0.040573
    1.43 0.041948
   1.431 0.045963
   1.432 0.050531
   1.433 0.057046
   1.434 0.056351
   1.435 0.057487
   1.436 0.059729
   1.437 0.065955
   1.438 0.071257
   1.439 0.076782
    1.44 0.080904
   1.441 0.086344
   1.442 0.084225
   1.443 0.091494
   1.444 0.096561
   1.445 0.095268
   1.446  0.11211
   1.447  0.11631
   1.448  0.12041
   1.449  0.12682
    1.45  0.14001
   1.451  0.14791
   1.452  0.15848
   1.453  0.17083
   1.454  0.18051
   1.455  0.19692
   1.456  0.21409
   1.457  0.22721
   1.458  0.24257
   1.459  0.26597
    1.46  0.29231
   1.461  0.32354
   1.462  0.35263
   1.463  0.39165
   1.464  0.42356
   1.465  0.47115
   1.466  0.52464
   1.467  0.58445
   1.468  0.64635
   1.469  0.73264
    1.47   0.8161
   1.471  0.92378
   1.472   1.0458
   1.473   1.1776
   1.474   1.3398
   1.475   1.5226
   1.476   1.7303
   1.477   1.9729
   1.478    2.253
   1.479    2.581
    1.48   2.9527
   1.481   3.3896
   1.482   3.8919
   1.483   4.4458
   1.484   5.1081
   1.485   5.8341
   1.486     6.69
   1.487   7.6482
   1.488   8.7216
   1.489   9.9081
    1.49   11.228
   1.491   12.705
   1.492   14.339
   1.493   16.167
   1.494   18.082
   1.495   20.223
   1.496     22.5
   1.497   24.979
   1.498   27.651
   1.499   30.444
     1.5   33.534
   1.501   36.659
   1.502   39.956
   1.503    43.46
   1.504   46.935
   1.505   50.552
   1.506   54.276
   1.507   57.896
   1.508   61.413
   1.509   64.858
    1.51   68.045
   1.511   71.036
   1.512   73.735
   1.513   76.108
   1.514   78.127
   1.515   79.744
   1.516   81.038
   1.517   82.024
   1.518   82.669
   1.519   83.074
    1.52    83.27
   1.521   83.259
   1.522   83.159
   1.523   82.957
   1.524   82.675
   1.525   82.384
   1.526   82.082
   1.527   81.803
   1.528   81.547
   1.529   81.328
    1.53   81.197
   1.531     81.1
   1.532   81.051
   1.533   81.095
   1.534   81.178
   1.535   81.279
   1.536   81.444
   1.537   81.656
   1.538   81.899
   1.539   82.142
    1.54   82.416
   1.541   82.697
   1.542   82.976
   1.543   83.233
   1.544   83.502
   1.545   83.717
   1.546   83.917
   1.547   84.105
   1.548   84.219
   1.549   84.335
    1.55   84.403
   1.551   84.414
   1.552   84.461
   1.553   84.455
   1.554    84.39
   1.555   84.374
   1.556   84.294
   1.557   84.224
   1.558   84.141
   1.559   84.087
    1.56   83.996
   1.561   83.961
   1.562   83.954
   1.563   83.857
   1.564   83.892
   1.565   83.916
   1.566   83.914
   1.567   83.971
   1.568   84.086
   1.569   84.166
    1.57   84.269
   1.571   84.415
   1.572   84.556
   1.573    84.68
   1.574   84.862
   1.575   85.055
   1.576   85.226
   1.577   85.393
   1.578   85.596
   1.579   85.792
    1.58   85.949
   1.581   86.126
   1.582   86.304
   1.583   86.468
   1.584    86.61
   1.585   86.717
   1.586    86.88
   1.587   86.963
   1.588    87.02
   1.589   87.129
    1.59    87.17
   1.591   87.187
   1.592   87.234
   1.593   87.248
   1.594   87.263
   1.595   87.254
   1.596   87.257
   1.597   87.247
   1.598   87.209
   1.599     87.2
     1.6   87.165
   1.601   87.136
   1.602   87.134
   1.603   87.134
   1.604   87.139
   1.605   87.111
   1.606   87.152
   1.607   87.189
   1.608   87.199
   1.609   87.252
    1.61   87.298
   1.611   87.354
   1.612    87.42
   1.613   87.492
   1.614   87.591
   1.615   87.651
   1.616   87.751
   1.617    87.83
   1.618   87.916
   1.619       88
    1.62   88.061
   1.621   88.166
   1.622   88.186
   1.623   88.242
   1.624   88.266
   1.625   88.304
   1.626   88.288
   1.627   88.269
   1.628   88.223
   1.629   88.155
    1.63    88.06
   1.631    87.93
   1.632   87.788
   1.633   87.637
   1.634   87.467
   1.635   87.261
   1.636   87.042
   1.637   86.795
   1.638   86.556
   1.639   86.283
    1.64   85.989
   1.641   85.721
   1.642   85.432
   1.643   85.146
   1.644   84.861
   1.645   84.567
   1.646   84.316
   1.647   84.027
   1.648   83.777
   1.649   83.557
    1.65    83.33
   1.651   83.107
   1.652   82.951
   1.653   82.806
   1.654   82.651
   1.655   82.541
   1.656    82.48
   1.657    82.41
   1.658   82.379
   1.659   82.357
    1.66    82.39
   1.661   82.451
   1.662   82.523
   1.663   82.632
   1.664    82.77
   1.665   82.913
   1.666   83.086
   1.667   83.299
   1.668    83.48
   1.669   83.715
    1.67   83.939
   1.671   84.192
   1.672   84.441
   1.673   84.702
   1.674   84.944
   1.675   85.206
   1.676   85.446
   1.677   85.722
   1.678   85.935
   1.679   86.147
    1.68   86.366
   1.681   86.567
   1.682   86.755
   1.683   86.909
   1.684   87.071
   1.685   87.198
   1.686   87.272
   1.687   87.336
   1.688   87.376
   1.689   87.408
    1.69   87.417
   1.691   87.397
   1.692   87.366
   1.693   87.326
   1.694   87.254
   1.695   87.164
   1.696   87.064
   1.697   86.939
   1.698   86.835
   1.699   86.709
     1.7   86.578
   1.701    86.45
   1.702   86.349
   1.703   86.226
   1.704   86.126
   1.705   86.034
   1.706   85.959
   1.707   85.864
   1.708   85.826
   1.709   85.786
    1.71   85.762
   1.711   85.764
   1.712   85.773
   1.713   85.811
   1.714   85.832
   1.715   85.863
   1.716   85.922
   1.717   85.972
   1.718   86.016
   1.719   86.062
    1.72   86.121
   1.721   86.155
   1.722   86.172
   1.723   86.199
   1.724   86.185
   1.725   86.159
   1.726   86.103
   1.727   86.029
   1.728   85.904
   1.729   85.755
    1.73   85.593
   1.731   85.386
   1.732    85.13
   1.733   84.867
   1.734   84.546
   1.735   84.178
   1.736   83.815
   1.737   83.426
   1.738       83
   1.739   82.564
    1.74   82.112
   1.741   81.667
   1.742   81.204
   1.743   80.755
   1.744   80.337
   1.745   79.892
   1.746   79.473
   1.747   79.098
   1.748   78.745
   1.749   78.416
    1.75   78.127
   1.751   77.881
   1.752    77.67
   1.753   77.519
   1.754   77.386
   1.755   77.322
   1.756    77.29
   1.757   77.311
   1.758   77.383
   1.759   77.488
    1.76   77.643
   1.761   77.838
   1.762    78.09
   1.763   78.316
   1.764   78.605
   1.765   78.949
   1.766   79.246
   1.767    79.55
   1.768   79.883
   1.769   80.191
    1.77    80.47
   1.771   80.705
   1.772   80.897
   1.773   81.036
   1.774   81.081
   1.775   81.037
   1.776     80.9
   1.777   80.632
   1.778   80.213
   1.779   79.684
    1.78   78.967
   1.781   78.051
   1.782   76.955
   1.783   75.647
   1.784   74.057
   1.785   72.271
   1.786   70.219
   1.787   67.912
   1.788   65.281
   1.789   62.467
    1.79    59.35
   1.791   55.988
   1.792   52.517
   1.793   48.917
   1.794   45.194
   1.795    41.42
   1.796   37.787
   1.797   34.086
   1.798   30.664
   1.799    27.44
     1.8   24.344
   1.801   21.545
   1.802   18.944
   1.803   16.621
   1.804   14.556
   1.805   12.722
   1.806    11.07
   1.807   9.6262
   1.808   8.3656
   1.809   7.2785
    1.81   6.3056
   1.811   5.4764
   1.812    4.758
   1.813   4.1271
   1.814   3.5932
   1.815   3.1422
   1.816   2.7167
   1.817   2.3724
   1.818   2.0907
   1.819   1.8327
    1.82   1.6048
   1.821   1.4027
   1.822   1.2191
   1.823    1.079
   1.824  0.95817
   1.825  0.85675
   1.826  0.75555
   1.827   0.6701
   1.828  0.59922
   1.829  0.53234
    1.83  0.47756
   1.831  0.42173
   1.832  0.37658
   1.833  0.34211
   1.834  0.31209
   1.835  0.28288
   1.836  0.25369
   1.837  0.22919
   1.838  0.21165
   1.839  0.19448
    1.84  0.17656
   1.841  0.15962
   1.842  0.14365
   1.843  0.13539
   1.844   0.1266
   1.845  0.12255
   1.846    0.106
   1.847  0.10202
   1.848 0.086757
   1.849 0.081087
    1.85 0.076607
   1.851 0.077941
   1.852 0.070724
   1.853 0.062408
   1.854 0.059941
   1.855 0.055075
   1.856 0.058638
   1.857 0.046693
   1.858 0.049489
   1.859 0.043708
    1.86 0.045056
   1.861  0.04508
   1.862 0.029527
   1.863 0.041423
   1.864 0.040226
   1.865 0.035572
   1.866 0.037097
   1.867 0.031276
   1.868 0.034323
   1.869 0.033734
    1.87 0.024631
   1.871 0.028332
   1.872 0.030764
   1.873 0.028688
   1.874 0.031323
   1.875 0.026136
   1.876 0.019178
   1.877 0.028608
   1.878 0.022068
   1.879 0.030374
    1.88 0.025788
   1.881 0.021832
   1.882  0.02235
   1.883 0.027675
   1.884 0.015748
   1.885 0.026631
   1.886 0.020516
   1.887 0.019583
   1.888 0.020324
   1.889 0.024341
    1.89 0.024952
   1.891 0.017157
   1.892 0.019478
   1.893 0.019409
   1.894 0.013749
   1.895  0.01819
   1.896  0.01919
   1.897 0.021022
   1.898 0.020992
   1.899 0.019144
     1.9 0.017598
   1.901 0.018691
   1.902 0.021946
   1.903  0.00976
   1.904 0.019314
   1.905 0.013201
   1.906 0.023392
   1.907 0.021239
   1.908 0.012901
   1.909 0.029223
    1.91 0.022558
   1.911 0.018687
   1.912 0.016178
   1.913 0.018091
   1.914 0.018789
   1.915 0.016663
   1.916 0.016132
   1.917 0.019005
   1.918 0.012064
   1.919 0.018836
    1.92 0.016278
   1.921 0.014521
   1.922 0.019197
   1.923 0.015673
   1.924 0.023855
   1.925 0.013999
   1.926 0.010651
   1.927 0.015251
   1.928 0.019278
   1.929 0.015634
    1.93 0.014089
   1.931 0.013602
   1.932 0.018532
   1.933 0.021416
   1.934 0.013565
   1.935 0.013913
   1.936 0.018027
   1.937  0.01401
   1.938 0.017227
   1.939 0.018474
    1.94 0.013629
   1.941  0.01937
   1.942 0.018496
   1.943 0.009795
   1.944 0.011107
   1.945 0.014865
   1.946 0.017187
   1.947 0.016041
   1.948 0.011084
   1.949 0.013138
    1.95 0.014385
   1.951 0.017757
   1.952 0.011301
   1.953 0.015759
   1.954 0.019966
   1.955 0.012521
   1.956 0.020701
   1.957 0.014736
   1.958 0.013345
   1.959 0.015216
    1.96 0.015183
   1.961 0.011434
   1.962 0.019232
   1.963 0.016015
   1.964 0.017746
   1.965 0.016387
   1.966 0.013931
   1.967 0.016431
   1.968  0.01561
   1.969 0.017564
    1.97 0.014735
   1.971 0.011497
   1.972 0.015203
   1.973 0.012305
   1.974 0.012729
   1.975 0.011872
   1.976 0.013148
   1.977 0.017611
   1.978 0.017206
   1.979 0.014812
    1.98 0.011797
   1.981 0.011317
   1.982 0.014339
   1.983 0.018485
   1.984 0.017201
   1.985 0.014445
   1.986 0.009298
   1.987 0.018882
   1.988 0.018445
   1.989 0.013968
    1.99 0.010685
   1.991 0.017608
   1.992 0.018825
   1.993 0.016431
   1.994  0.01879
   1.995 0.009797
   1.996 0.017523
   1.997 0.014607
   1.998 0.014461
   1.999 0.016373
       2  0.01487
   2.001 0.017659
   2.002 0.019677
   2.003   0.0144
   2.004  0.01765
   2.005 0.016016
   2.006 0.018077
   2.007 0.006611
   2.008  0.00905
   2.009 0.017641
    2.01 0.017264
   2.011   0.0173
   2.012 0.017211
   2.013 0.012306
   2.014 0.013975
   2.015 0.013197
   2.016 0.008562
   2.017 0.018902
   2.018 0.016013
   2.019 0.020136
    2.02 0.014785
   2.021 0.012662
   2.022 0.018036
   2.023 0.010427
   2.024 0.014885
   2.025 0.012375
   2.026 0.015607
   2.027 0.011593
   2.028 0.014118
   2.029 0.018346
    2.03 0.015057
   2.031 0.018432
   2.032 0.013994
   2.033 0.011951
   2.034 0.019139
   2.035 0.016898
   2.036 0.012568
   2.037 0.018363
   2.038 0.018024
   2.039 0.017316
    2.04 0.017618
   2.041 0.014033
   2.042 0.014376
   2.043 0.015952
   2.044 0.018052
   2.045  0.01557
   2.046 0.020513
   2.047 0.018089
   2.048 0.020062
   2.049 0.021293
    2.05 0.018043
   2.051 0.018009
   2.052 0.016801
   2.053 0.012561
   2.054 0.011123
   2.055 0.014211
   2.056 0.011923
   2.057 0.012327
   2.058 0.014507
   2.059 0.014552
    2.06 0.018296
   2.061 0.014837
   2.062 0.013559
   2.063    0.014
   2.064 0.018282
   2.065  0.01397
   2.066 0.014585
   2.067 0.017242
   2.068 0.014335
   2.069 0.015173
    2.07 0.021177
   2.071  0.01888
   2.072 0.016032
   2.073  0.01223
   2.074 0.017141
   2.075 0.018026
   2.076 0.012715
   2.077 0.010641
   2.078 0.017209
   2.079  0.02051
    2.08 0.018473
   2.081 0.017677
   2.082 0.017554
   2.083 0.017622
   2.084  0.01389
   2.085  0.02004
   2.086 0.015939
   2.087 0.015178
   2.088 0.016685
   2.089 0.017173
    2.09 0.014702
   2.091 0.013487
   2.092 0.017994
   2.093 0.016327
   2.094 0.014179
   2.095 0.016561
   2.096 0.014956
   2.097 0.016738
   2.098 0.016608
   2.099 0.013862
     2.1 0.017555
   2.101 0.020158
   2.102 0.016517
   2.103 0.020177
   2.104 0.013875
   2.105 0.008864
   2.106 0.008796
   2.107 0.011884
   2.108  0.01621
   2.109 0.016479
    2.11 0.016262
   2.111 0.014726
   2.112 0.012695
   2.113  0.01636
   2.114 0.018437
   2.115 0.010181
   2.116  0.01799
   2.117 0.016793
   2.118 0.021303
   2.119 0.015574
    2.12 0.017576
   2.121 0.014736
   2.122 0.016308
   2.123 0.014713
   2.124 0.017142
   2.125 0.016758
   2.126 0.018763
   2.127 0.017339
   2.128 0.018401
   2.129 0.012556
    2.13 0.016457
   2.131 0.014403
   2.132 0.014436
   2.133 0.012037
   2.134 0.012908
   2.135 0.013544
   2.136 0.012726
   2.137  0.01688
   2.138  0.01425
   2.139 0.013214
    2.14 0.015402
   2.141 0.013916
   2.142  0.01062
   2.143 0.013213
   2.144 0.015411
   2.145 0.011058
   2.146 0.013036
   2.147 0.015131
   2.148 0.016656
   2.149 0.016711
    2.15 0.016384
   2.151 0.018763
   2.152 0.018357
   2.153 0.016315
   2.154  0.01632
   2.155 0.016285
   2.156 0.016364
   2.157 0.015613
   2.158 0.012586
   2.159 0.015931
    2.16 0.017123
   2.161 0.017541
   2.162 0.011859
   2.163 0.017978
   2.164 0.011355
   2.165 0.011883
   2.166 0.013441
   2.167 0.017961
   2.168 0.015136
   2.169 0.018758
    2.17 0.011476
   2.171  0.01425
   2.172 0.015963
   2.173 0.015563
   2.174 0.013213
   2.175 0.013503
   2.176 0.014023
   2.177 0.015185
   2.178 0.014283
   2.179  0.01742
    2.18 0.014577
   2.181 0.017594
   2.182 0.016132
   2.183 0.014967
   2.184 0.016769
   2.185 0.013114
   2.186 0.011928
   2.187 0.014738
   2.188 0.016026
   2.189 0.015687
    2.19  0.01319
   2.191 0.017517
   2.192  0.01322
   2.193 0.011421
   2.194 0.012097
   2.195 0.013054
   2.196 0.015866
   2.197 0.019856
   2.198 0.013379
   2.199 0.016147
     2.2 0.017739
   2.201 0.013281
   2.202 0.011262
   2.203  0.01589
   2.204 0.012109
   2.205 0.012916
   2.206 0.018188
   2.207 0.011795
   2.208 0.019748
   2.209 0.015867
    2.21 0.014498
   2.211 0.017017
   2.212 0.015662
   2.213 0.012189
   2.214  0.02195
   2.215 0.017127
   2.216 0.018979
   2.217 0.016177
   2.218 0.015013
   2.219 0.010567
    2.22 0.014117
   2.221 0.015486
   2.222 0.015605
   2.223 0.015855
   2.224 0.014542
   2.225 0.016198
   2.226 0.008546
   2.227  0.02057
   2.228  0.01253
   2.229 0.019559
    2.23 0.016368
   2.231 0.009788
   2.232 0.016565
   2.233 0.016614
   2.234 0.020254
   2.235 0.016298
   2.236 0.011702
   2.237 0.015533
   2.238 0.012522
   2.239  0.01295
    2.24 0.016586
   2.241 0.017842
   2.242 0.013375
   2.243 0.014683
   2.244 0.017236
   2.245 0.016378
   2.246 0.012563
   2.247 0.018207
   2.248 0.011296
   2.249 0.018772
    2.25 0.013311
   2.251 0.010885
   2.252 0.018092
   2.253 0.016724
   2.254  0.01759
   2.255 0.015371
   2.256 0.014401
   2.257 0.018307
   2.258 0.015366
   2.259 0.015338
    2.26 0.015699
   2.261  0.01772
   2.262 0.014262
   2.263 0.013952
   2.264 0.013513
   2.265 0.013384
   2.266 0.014996
   2.267 0.015017
   2.268 0.019591
   2.269 0.013677
    2.27 0.018908
   2.271 0.017571
   2.272  0.01465
   2.273 0.019655
   2.274  0.01468
   2.275 0.014865
   2.276 0.014936
   2.277  0.01904
   2.278 0.015401
   2.279  0.01788
    2.28 0.016791
   2.281 0.015285
   2.282 0.014262
   2.283 0.013175
   2.284 0.019869
   2.285 0.017048
   2.286  0.01599
   2.287 0.016628
   2.288 0.016869
   2.289 0.017223
    2.29  0.01601
   2.291 0.014352
   2.292 0.020268
   2.293 0.015258
   2.294 0.018766
   2.295 0.023585
   2.296 0.015637
   2.297 0.019768
   2.298 0.018259
   2.299 0.016253
     2.3 0.015318
   2.301 0.014866
   2.302 0.015196
   2.303 0.015491
   2.304 0.017735
   2.305 0.013789
   2.306 0.015657
   2.307 0.016239
   2.308 0.013821
   2.309 0.015733
    2.31 0.012901
   2.311 0.014875
   2.312 0.013605
   2.313 0.010661
   2.314 0.014717
   2.315 0.015151
   2.316 0.017857
   2.317 0.016963
   2.318 0.013373
   2.319 0.012503
    2.32 0.014978
   2.321 0.019069
   2.322 0.013019
   2.323 0.016153
   2.324 0.021932
   2.325  0.01663
   2.326 0.017028
   2.327 0.016259
   2.328 0.020116
   2.329 0.005923
    2.33 0.015137
   2.331 0.015129
   2.332 0.016643
   2.333 0.017188
   2.334 0.019245
   2.335  0.01463
   2.336 0.016213
   2.337 0.017773
   2.338 0.014108
   2.339 0.016568
    2.34 0.020929
   2.341 0.018869
   2.342 0.020117
   2.343  0.01499
   2.344 0.017427
   2.345 0.009232
   2.346 0.016486
   2.347  0.01532
   2.348 0.013357
   2.349 0.017315
    2.35 0.010086
   2.351 0.019886
   2.352 0.010553
   2.353 0.015328
   2.354 0.021338
   2.355 0.015083
   2.356 0.014102
   2.357 0.017055
   2.358 0.017145
   2.359 0.012812
    2.36 0.019638
   2.361 0.019256
   2.362 0.013732
   2.363 0.018353
   2.364 0.012008
   2.365 0.023135
   2.366 0.011296
   2.367 0.017173
   2.368 0.013003
   2.369 0.014998
    2.37 0.017847
   2.371 0.020264
   2.372 0.019368
   2.373  0.01017
   2.374 0.013782
   2.375 0.015888
   2.376 0.014924
   2.377 0.012987
   2.378 0.019313
   2.379 0.017183
    2.38 0.017482
   2.381 0.020649
   2.382 0.016894
   2.383 0.012577
   2.384 0.012529
   2.385 0.016187
   2.386 0.014163
   2.387 0.018706
   2.388 0.011955
   2.389 0.014704
    2.39 0.011778
   2.391 0.010865
   2.392 0.010054
   2.393 0.014491
   2.394 0.013038
   2.395  0.01029
   2.396 0.017391
   2.397  0.01749
   2.398  0.01466
   2.399 0.016257
     2.4 0.017864
   2.401 0.019604
   2.402 0.018447
   2.403 0.013768
   2.404 0.013258
   2.405 0.016777
   2.406  0.01583
   2.407 0.020681
   2.408 0.016298
   2.409 0.010591
    2.41 0.016137
   2.411 0.017639
   2.412 0.019105
   2.413 0.013406
   2.414 0.015818
   2.415 0.015868
   2.416 0.015053
   2.417  0.01955
   2.418 0.018567
   2.419 0.020463
    2.42 0.011504
   2.421 0.019526
   2.422 0.019905
   2.423 0.015411
   2.424  0.01821
   2.425  0.01479
   2.426 0.016639
   2.427 0.014252
   2.428 0.021786
   2.429 0.009769
    2.43 0.013057
   2.431 0.009724
   2.432 0.015788
   2.433 0.018838
   2.434 0.010515
   2.435 0.019624
   2.436 0.009387
   2.437 0.016312
   2.438 0.010572
   2.439 0.017136
    2.44 0.009727
   2.441  0.01147
   2.442  0.01726
   2.443 0.016815
   2.444 0.011755
   2.445 0.015495
   2.446 0.009736
   2.447 0.014011
   2.448  0.02166
   2.449 0.019719
    2.45  0.02236
   2.451  0.01964
   2.452 0.015918
   2.453 0.017214
   2.454 0.015057
   2.455 0.015555
   2.456 0.015891
   2.457 0.014369
   2.458 0.016643
   2.459 0.016254
    2.46 0.013682
   2.461 0.012507
   2.462 0.017958
   2.463 0.015252
   2.464 0.016067
   2.465 0.020445
   2.466  0.00902
   2.467 0.017644
   2.468 0.016444
   2.469 0.013183
    2.47 0.013231
   2.471 0.016883
   2.472 0.016032
   2.473 0.014035
   2.474 0.011811
   2.475 0.016812
   2.476 0.012795
   2.477 0.020513
   2.478   0.0168
   2.479 0.013492
    2.48 0.015065
   2.481 0.015603
   2.482 0.014265
   2.483 0.011075
   2.484 0.014324
   2.485 0.018501
   2.486 0.012705
   2.487 0.018427
   2.488 0.014814
   2.489 0.020137
    2.49 0.015489
   2.491 0.016752
   2.492 0.010587
   2.493 0.010415
   2.494 0.020191
   2.495  0.01602
   2.496 0.019707
   2.497 0.017012
   2.498 0.015791
   2.499 0.016442
     2.5 0.015952
   2.501 0.019258
   2.502 0.015093
   2.503 0.012009
   2.504 0.017963
   2.505 0.017286
   2.506 0.015986
   2.507 0.011943
   2.508 0.015871
   2.509  0.01233
    2.51 0.011088
   2.511 0.016758
   2.512 0.013103
   2.513 0.012336
   2.514 0.012124
   2.515 0.015262
   2.516 0.016721
   2.517 0.022625
   2.518 0.008927
   2.519 0.014408
    2.52 0.013707
   2.521 0.015141
   2.522 0.011921
   2.523 0.018414
   2.524 0.016363
   2.525 0.016809
   2.526 0.013587
   2.527 0.015641
   2.528 0.017799
   2.529 0.013825
    2.53 0.006707
   2.531 0.019712
   2.532  0.01346
   2.533 0.013979
   2.534 0.013783
   2.535 0.012525
   2.536 0.014264
   2.537 0.014506
   2.538 0.013849
   2.539   0.0151
    2.54 0.013765
   2.541 0.013488
   2.542 0.012086
   2.543 0.002824
   2.544 0.015105
   2.545 0.020362
   2.546 0.014774
   2.547  0.01422
   2.548 0.018189
   2.549 0.016301
    2.55 0.017001
   2.551 0.017526
   2.552 0.019718
   2.553  0.01681
   2.554 0.009911
   2.555 0.017528
   2.556 0.013592
   2.557  0.01898
   2.558 0.014474
   2.559 0.013899
    2.56 0.011528
   2.561 0.015108
   2.562 0.016908
   2.563 0.013555
   2.564 0.019596
   2.565 0.015597
   2.566  0.01547
   2.567 0.011511
   2.568 0.017196
   2.569 0.016089
    2.57 0.016786
   2.571 0.009255
   2.572 0.017354
   2.573 0.016539
   2.574 0.013159
   2.575 0.014845
   2.576 0.009867
   2.577 0.022232
   2.578 0.013414
   2.579 0.013695
    2.58 0.017264
   2.581    0.013
   2.582 0.017694
   2.583 0.016485
   2.584 0.016498
   2.585 0.017357
   2.586 0.017257
   2.587 0.018177
   2.588 0.013564
   2.589 0.018615
    2.59 0.014606
   2.591 0.018114
   2.592 0.016601
   2.593 0.015788
   2.594 0.018227
   2.595 0.017319
   2.596 0.015036
   2.597 0.015967
   2.598 0.015089
   2.599 0.022334
     2.6 0.013832
   2.601 0.014011
   2.602  0.01516
   2.603 0.015477
   2.604 0.012617
   2.605 0.017336
   2.606  0.01674
   2.607 0.018164
   2.608 0.019334
   2.609 0.011282
    2.61 0.011709
   2.611 0.011355
   2.612 0.013412
   2.613 0.016561
   2.614 0.016543
   2.615 0.020407
   2.616 0.019088
   2.617 0.018901
   2.618 0.016342
   2.619 0.014904
    2.62 0.015427
   2.621  0.01714
   2.622 0.017718
   2.623 0.012683
   2.624 0.014093
   2.625 0.017874
   2.626 0.021487
   2.627 0.015967
   2.628 0.010635
   2.629 0.011417
    2.63 0.009579
   2.631 0.016922
   2.632 0.012855
   2.633 0.019961
   2.634 0.012444
   2.635 0.013588
   2.636 0.014885
   2.637 0.014094
   2.638  0.01357
   2.639 0.019174
    2.64   0.0177
   2.641 0.013913
   2.642 0.018345
   2.643 0.014217
   2.644 0.008481
   2.645 0.009844
   2.646 0.012441
   2.647 0.010704
   2.648 0.015537
   2.649 0.018536
    2.65 0.014989
   2.651 0.016686
   2.652 0.013479
   2.653 0.010306
   2.654 0.015512
   2.655 0.016271
   2.656 0.017888
   2.657 0.010514
   2.658 0.016591
   2.659   0.0116
    2.66  0.01392
   2.661 0.020933
   2.662 0.018879
   2.663 0.019595
   2.664 0.011083
   2.665 0.018955
   2.666 0.013203
   2.667 0.017713
   2.668  0.01367
   2.669 0.017144
    2.67 0.016093
   2.671 0.018082
   2.672 0.012386
   2.673 0.021821
   2.674 0.013939
   2.675 0.020275
   2.676 0.014646
   2.677 0.021882
   2.678 0.019768
   2.679 0.014265
    2.68 0.020381
   2.681 0.017191
   2.682 0.017826
   2.683 0.016591
   2.684 0.017234
   2.685  0.01374
   2.686 0.019524
   2.687 0.012494
   2.688 0.020489
   2.689 0.017527
    2.69 0.016791
   2.691 0.011451
   2.692 0.012781
   2.693 0.010714
   2.694 0.015187
   2.695 0.019419
   2.696 0.019368
   2.697 0.012022
   2.698 0.015232
   2.699 0.014735
     2.7 0.015934
   2.701 0.013175
   2.702 0.017305
   2.703 0.019844
   2.704 0.015054
   2.705 0.019128
   2.706 0.008497
   2.707 0.015247
   2.708 0.011868
   2.709 0.017648
    2.71  0.01229
   2.711 0.016298
   2.712 0.015972
   2.713 0.016165
   2.714 0.019228
   2.715 0.016418
   2.716 0.011328
   2.717 0.017963
   2.718 0.013691
   2.719 0.019631
    2.72  0.01148
   2.721 0.013284
   2.722 0.018623
   2.723 0.016616
   2.724 0.017823
   2.725 0.020371
   2.726 0.015993
   2.727 0.017453
   2.728 0.015476
   2.729 0.014666
    2.73   0.0155
   2.731 0.013024
   2.732 0.016497
   2.733 0.015067
   2.734 0.017844
   2.735 0.019408
   2.736  0.01819
   2.737 0.013176
   2.738 0.016385
   2.739 0.009512
    2.74 0.016084
   2.741 0.016821
   2.742 0.021508
   2.743 0.017198
   2.744 0.011966
   2.745 0.021303
   2.746 0.017089
   2.747 0.018792
   2.748 0.017657
   2.749 0.013233
    2.75 0.014693
   2.751 0.010347
   2.752 0.015766
   2.753  0.01899
   2.754 0.015913
   2.755 0.015227
   2.756 0.019829
   2.757 0.017268
   2.758 0.013209
   2.759 0.009244
    2.76 0.021506
   2.761 0.014646
   2.762 0.015966
   2.763 0.011834
   2.764 0.019326
   2.765 0.017279
   2.766  0.01463
   2.767 0.013883
   2.768  0.01125
   2.769 0.021423
    2.77 0.014946
   2.771 0.016307
   2.772 0.013841
   2.773 0.017184
   2.774 0.018748
   2.775 0.017125
   2.776 0.010853
   2.777 0.016066
   2.778 0.012846
   2.779 0.015648
    2.78 0.014748
   2.781 0.019374
   2.782  0.01819
   2.783 0.015739
   2.784 0.018589
   2.785 0.017959
   2.786 0.012942
   2.787 0.015895
   2.788 0.011373
   2.789  0.01795
    2.79 0.021689
   2.791 0.016964
   2.792 0.021145
   2.793 0.019296
   2.794 0.017139
   2.795 0.017503
   2.796  0.01793
   2.797 0.017116
   2.798  0.01454
   2.799 0.020399
     2.8 0.018299
   2.801 0.015495
   2.802 0.012585
   2.803 0.015826
   2.804 0.011932
   2.805 0.013567
   2.806 0.012298
   2.807 0.014595
   2.808 0.016875
   2.809 0.014231
    2.81 0.013168
   2.811 0.020918
   2.812 0.016521
   2.813 0.013862
   2.814 0.010187
   2.815 0.014381
   2.816 0.011237
   2.817  0.01347
   2.818 0.018901
   2.819 0.018191
    2.82 0.014808
   2.821 0.022032
   2.822 0.012979
   2.823 0.013169
   2.824 0.017909
   2.825  0.01359
   2.826 0.012862
   2.827 0.014958
   2.828 0.020997
   2.829 0.017865
    2.83 0.021827
   2.831 0.018064
   2.832 0.017906
   2.833 0.019524
   2.834 0.013394
   2.835 0.015337
   2.836 0.019387
   2.837 0.023277
   2.838 0.020606
   2.839 0.022233
    2.84 0.017304
   2.841 0.022882
   2.842  0.01313
   2.843  0.02143
   2.844  0.01449
   2.845 0.020938
   2.846 0.023287
   2.847 0.011301
   2.848 0.019524
   2.849 0.022477
    2.85 0.018333
   2.851 0.025789
   2.852 0.027197
   2.853 0.015529
   2.854 0.022613
   2.855 0.021711
   2.856 0.029056
   2.857 0.019813
   2.858 0.012816
   2.859 0.023916
    2.86 0.024775
   2.861 0.028762
   2.862 0.018358
   2.863  0.02931
   2.864  0.02638
   2.865  0.03826
   2.866 0.026255
   2.867  0.02061
   2.868 0.018792
   2.869 0.029744
    2.87 0.023225
   2.871 0.022768
   2.872 0.028567
   2.873 0.032363
   2.874 0.022094
   2.875 0.020143
   2.876 0.023927
   2.877  0.03292
   2.878 0.024422
   2.879 0.027585
    2.88 0.026358
   2.881 0.026608
   2.882 0.021509
   2.883 0.030944
   2.884 0.023489
   2.885 0.042516
   2.886 0.030259
   2.887 0.024968
   2.888  0.03489
   2.889 0.029574
    2.89 0.013391
   2.891 0.040088
   2.892   0.0237
   2.893 0.042553
   2.894 0.038647
   2.895 0.028703
   2.896 0.031582
   2.897 0.039791
   2.898 0.033912
   2.899 0.018167
     2.9  0.04438
   2.901 0.030248
   2.902 0.035935
   2.903  0.03064
   2.904 0.036443
   2.905 0.036645
   2.906 0.029411
   2.907 0.035261
   2.908 0.035463
   2.909 0.031839
    2.91 0.027272
   2.911 0.045827
   2.912 0.042209
   2.913 0.048292
   2.914 0.034783
   2.915 0.033991
   2.916  0.04612
   2.917 0.054398
   2.918 0.021468
   2.919  0.02671
    2.92 0.047172
   2.921 0.047495
   2.922  0.04256
   2.923 0.035546
   2.924 0.049301
   2.925 0.042196
   2.926 0.034027
   2.927 0.037313
   2.928 0.037502
   2.929 0.043064
    2.93 0.039995
   2.931 0.038052
   2.932 0.042645
   2.933 0.035176
   2.934 0.023304
   2.935 0.038893
   2.936 0.043531
   2.937 0.041517
   2.938 0.042873
   2.939 0.025122
    2.94 0.051298
   2.941 0.042523
   2.942  0.03246
   2.943 0.044158
   2.944  0.05719
   2.945 0.042393
   2.946 0.054305
   2.947 0.058134
   2.948 0.043077
   2.949 0.043258
    2.95 0.061432
   2.951 0.031748
   2.952 0.054892
   2.953 0.055097
   2.954 0.032282
   2.955 0.047169
   2.956 0.032655
   2.957 0.042729
   2.958 0.054142
   2.959 0.030672
    2.96 0.042188
   2.961 0.053864
   2.962 0.064415
   2.963 0.035257
   2.964 0.038083
   2.965 0.048788
   2.966 0.026758
   2.967  0.05208
   2.968 0.068348
   2.969 0.042069
    2.97 0.054434
   2.971 0.038472
   2.972  0.05791
   2.973 0.056805
   2.974 0.058603
   2.975 0.057511
   2.976 0.045325
   2.977 0.059652
   2.978 0.043005
   2.979 0.039013
    2.98 0.047828
   2.981 0.055305
   2.982 0.058552
   2.983 0.064715
   2.984 0.075267
   2.985 0.038955
   2.986 0.052502
   2.987 0.072259
   2.988 0.056163
   2.989 0.056511
    2.99 0.059952
   2.991 0.061957
   2.992 0.045325
   2.993  0.05339
   2.994 0.086671
   2.995 0.055807
   2.996 0.045014
   2.997 0.059743
   2.998 0.060069
   2.999 0.058909
       3 0.077296
   3.001 0.054859
   3.002 0.068391
   3.003 0.037319
   3.004 0.050982
   3.005 0.069764
   3.006 0.061821
   3.007 0.072537
   3.008 0.074684
   3.009 0.063089
    3.01 0.056501
   3.011 0.058723
   3.012 0.073232
   3.013 0.064903
   3.014 0.068844
   3.015 0.069354
   3.016 0.044451
   3.017 0.075919
   3.018 0.093093
   3.019  0.07712
    3.02  0.10001
   3.021 0.068652
   3.022 0.057791
   3.023 0.069785
   3.024 0.074017
   3.025 0.092098
   3.026 0.083056
   3.027 0.069802
   3.028  0.10407
   3.029 0.078799
    3.03 0.085382
   3.031 0.055659
   3.032 0.068401
   3.033  0.10792
   3.034 0.061119
   3.035  0.06569
   3.036 0.099971
   3.037 0.075155
   3.038 0.099376
   3.039 0.069938
    3.04 0.068425
   3.041 0.084229
   3.042 0.089248
   3.043 0.063285
   3.044  0.10413
   3.045  0.08245
   3.046  0.10126
   3.047  0.04469
   3.048 0.084364
   3.049  0.10373
    3.05 0.066965
   3.051 0.069836
   3.052 0.086999
   3.053  0.11684
   3.054 0.078739
   3.055 0.084317
   3.056 0.097322
   3.057 0.090601
   3.058  0.08628
   3.059  0.13259
    3.06  0.11324
   3.061  0.10884
   3.062  0.12292
   3.063 0.069086
   3.064  0.12221
   3.065  0.10732
   3.066  0.13241
   3.067 0.084937
   3.068  0.13187
   3.069  0.15227
    3.07  0.14247
   3.071  0.12683
   3.072 0.080162
   3.073  0.11203
   3.074  0.07592
   3.075 0.096833
   3.076 0.077309
   3.077  0.12803
   3.078  0.14698
   3.079  0.12727
    3.08   0.1344
   3.081  0.10206
   3.082  0.11822
   3.083  0.10721
   3.084  0.13284
   3.085  0.13096
   3.086  0.14162
   3.087 0.097852
   3.088  0.10196
   3.089  0.15182
    3.09  0.10697
   3.091  0.14451
   3.092  0.14255
   3.093  0.12682
   3.094  0.14173
   3.095  0.12573
   3.096  0.11982
   3.097  0.15965
   3.098  0.16801
   3.099   0.1302
     3.1  0.18196
   3.101  0.14708
   3.102  0.15603
   3.103   0.1724
   3.104  0.10658
   3.105  0.13038
   3.106  0.20014
   3.107  0.15178
   3.108  0.11451
   3.109  0.17042
    3.11  0.18765
   3.111  0.16527
   3.112  0.17908
   3.113  0.14003
   3.114  0.14138
   3.115 0.093168
   3.116  0.11459
   3.117  0.17016
   3.118  0.23133
   3.119  0.14719
    3.12  0.15731
   3.121  0.12814
   3.122   0.1513
   3.123  0.14821
   3.124  0.14929
   3.125   0.1731
   3.126  0.11126
   3.127   0.1531
   3.128  0.16815
   3.129   0.1789
    3.13  0.13822
   3.131  0.22899
   3.132  0.19277
   3.133  0.12245
   3.134  0.23456
   3.135  0.13893
   3.136  0.24803
   3.137  0.12644
   3.138  0.18191
   3.139  0.20356
    3.14  0.22573
   3.141  0.22693
   3.142  0.14627
   3.143  0.12158
   3.144  0.26849
   3.145  0.19171
   3.146  0.19253
   3.147  0.25821
   3.148  0.18524
   3.149  0.21357
    3.15  0.24778
   3.151  0.20023
   3.152  0.27878
   3.153  0.21387
   3.154  0.22653
   3.155  0.30152
   3.156  0.24146
   3.157  0.24907
   3.158  0.19287
   3.159  0.26384
    3.16  0.17804
   3.161  0.26144
   3.162  0.19248
   3.163  0.25331
   3.164  0.18919
   3.165  0.25136
   3.166  0.21599
   3.167  0.21759
   3.168  0.16399
   3.169  0.19606
    3.17  0.24078
   3.171  0.22392
   3.172  0.18713
   3.173  0.32214
   3.174  0.26016
   3.175   0.2682
   3.176  0.23102
   3.177  0.26615
   3.178  0.20838
   3.179  0.27674
    3.18  0.31923
   3.181  0.20664
   3.182  0.23588
   3.183  0.25782
   3.184  0.31591
   3.185   0.3679
   3.186  0.27913
   3.187  0.24627
   3.188  0.28448
   3.189  0.20716
    3.19  0.34187
   3.191  0.35264
   3.192  0.28111
   3.193  0.14119
   3.194  0.27184
   3.195  0.26817
   3.196  0.27718
   3.197  0.27343
   3.198  0.34042
   3.199  0.33525
     3.2  0.31395
   3.201  0.33375
   3.202  0.26217
   3.203  0.34037
   3.204  0.33482
   3.205  0.21887
   3.206  0.17712
   3.207  0.35365
   3.208    0.305
   3.209  0.30678
    3.21  0.31086
   3.211  0.34153
   3.212   0.2808
   3.213  0.34841
   3.214  0.34334
   3.215  0.37571
   3.216  0.31331
   3.217  0.29783
   3.218  0.25157
   3.219  0.29558
    3.22  0.28848
   3.221  0.46515
   3.222  0.35894
   3.223  0.34121
   3.224  0.43025
   3.225  0.30635
   3.226   0.2893
   3.227  0.42326
   3.228  0.35048
   3.229  0.46649
    3.23  0.48086
   3.231  0.49969
   3.232  0.45745
   3.233  0.35786
   3.234    0.454
   3.235  0.44997
   3.236  0.41657
   3.237   0.4945
   3.238   0.4741
   3.239   0.3933
    3.24  0.44821
   3.241   0.5189
   3.242  0.52673
   3.243   0.5596
   3.244    0.395
   3.245  0.42767
   3.246  0.37967
   3.247  0.49876
   3.248  0.65026
   3.249  0.58962
    3.25   0.5996
   3.251  0.52056
   3.252   0.5621
   3.253  0.74527
   3.254  0.69366
   3.255  0.51516
   3.256  0.55814
   3.257  0.68396
   3.258  0.61388
   3.259  0.76286
    3.26  0.72581
   3.261  0.75894
   3.262  0.77188
   3.263  0.53984
   3.264  0.70172
   3.265  0.82876
   3.266  0.82502
   3.267  0.53368
   3.268  0.80932
   3.269  0.71557
    3.27  0.68533
   3.271  0.80025
   3.272  0.68242
   3.273   1.0183
   3.274   1.2088
   3.275  0.64899
   3.276  0.67826
   3.277  0.97088
   3.278  0.75275
   3.279  0.68898
    3.28  0.78196
   3.281  0.79642
   3.282   1.2943
   3.283  0.93173
   3.284   1.1665
   3.285   1.1391
   3.286  0.97626
   3.287  0.76727
   3.288   1.3704
   3.289   1.0359
    3.29   1.0026
   3.291   1.5281
   3.292   1.3936
   3.293   1.6403
   3.294   1.1446
   3.295   1.1843
   3.296  0.89858
   3.297   1.4371
   3.298   1.1371
   3.299   1.0187
     3.3   1.5002
 
