#
#J Band Filter
#niri_J_G0202
     0.8 0.015067
    0.81 0.014945
    0.82 0.010639
    0.83 0.013706
    0.84 0.016483
    0.85 0.011429
    0.86 0.013148
    0.87 0.011479
    0.88 0.015105
    0.89  0.01756
     0.9 0.012761
    0.91  0.01277
    0.92 0.014549
    0.93 0.016218
    0.94 0.013875
    0.95 0.012257
    0.96 0.015111
    0.97  0.02094
    0.98 0.014398
    0.99 0.014774
       1 0.014658
    1.01 0.018196
    1.02 0.017232
    1.03 0.019478
    1.04 0.011751
    1.05 0.010798
    1.06 0.014184
    1.07 0.019031
    1.08 0.015547
    1.09  0.01632
     1.1 0.020622
    1.11 0.017184
    1.12 0.023838
    1.13 0.028616
    1.14 0.059157
    1.15  0.26022
    1.16   1.8569
    1.17   15.613
    1.18   79.321
    1.19   81.071
     1.2   83.277
    1.21   84.949
    1.22   88.094
    1.23    86.27
    1.24   85.153
    1.25   87.099
    1.26   89.838
    1.27   90.811
    1.28   91.222
    1.29   91.334
     1.3   89.589
    1.31   86.714
    1.32   85.227
    1.33   90.537
    1.34   30.368
    1.35   3.5012
    1.36  0.74611
    1.37  0.28331
    1.38  0.16042
    1.39 0.093421
     1.4 0.048734
    1.41 0.026996
    1.42 0.018999
    1.43 0.022314
    1.44 0.021293
    1.45 0.017397
    1.46  0.01291
    1.47 0.018438
    1.48 0.019495
    1.49 0.015767
     1.5 0.016838
    1.51  0.01549
    1.52 0.015394
    1.53 0.014865
    1.54 0.013769
    1.55 0.011697
    1.56 0.018688
    1.57 0.016252
    1.58 0.010048
    1.59 0.011628
     1.6 0.017267
    1.61 0.012111
    1.62 0.016208
    1.63 0.009515
    1.64  0.01296
    1.65  0.01417
    1.66 0.017968
    1.67 0.013644
    1.68 0.022971
    1.69 0.012933
     1.7 0.017602
    1.71 0.011258
    1.72 0.013845
    1.73  0.01611
    1.74 0.011639
    1.75 0.014433
    1.76 0.016575
    1.77 0.014589
    1.78 0.019049
    1.79 0.012457
     1.8 0.017419
    1.81 0.016954
    1.82 0.022074
    1.83 0.011703
    1.84 0.018374
    1.85 0.015073
    1.86 0.011185
    1.87 0.016554
    1.88 0.013647
    1.89 0.016288
     1.9 0.007401
    1.91 0.010285
    1.92 0.017938
    1.93 0.009049
    1.94  0.01435
    1.95 0.016094
    1.96 0.014572
    1.97 0.013893
    1.98 0.008992
    1.99 0.012411
       2 0.010215
    2.01 0.017654
    2.02 0.016465
    2.03 0.010278
    2.04 0.015665
    2.05 0.018879
    2.06  0.00926
    2.07  0.01226
    2.08 0.012709
    2.09 0.015557
     2.1 0.011996
    2.11   0.0065
    2.12 0.011823
    2.13 0.016373
    2.14 0.010638
    2.15 0.007712
    2.16 0.015464
    2.17 0.013126
    2.18 0.012693
    2.19 0.016401
     2.2 0.014673
    2.21 0.012163
    2.22 0.015944
    2.23 0.016193
    2.24 0.012651
    2.25 0.014735
    2.26  0.01452
    2.27 0.012571
    2.28 0.010301
    2.29 0.016626
     2.3 0.016577
    2.31 0.012561
    2.32 0.014739
    2.33 0.015002
    2.34  0.01625
    2.35  0.00842
    2.36 0.009806
    2.37 0.017484
    2.38  0.01671
    2.39 0.014556
     2.4  0.01227
    2.41 0.016369
    2.42 0.011831
    2.43 0.013877
    2.44 0.016844
    2.45 0.012236
    2.46 0.016774
    2.47 0.016326
    2.48 0.015152
    2.49 0.021778
     2.5 0.011131
    2.51  0.01289
    2.52 0.014465
    2.53 0.013558
    2.54 0.010895
    2.55 0.010947
    2.56 0.016688
    2.57 0.013534
    2.58 0.013202
    2.59 0.016532
     2.6 0.016056
    2.61 0.016171
    2.62 0.014751
    2.63 0.017065
    2.64 0.011482
    2.65 0.009038
    2.66 0.013869
    2.67 0.015287
    2.68 0.011071
    2.69 0.008707
     2.7 0.014052
    2.71 0.013438
    2.72 0.015596
    2.73 0.016203
    2.74 0.018989
    2.75 0.012977
    2.76 0.016089
    2.77 0.013502
    2.78 0.014177
    2.79 0.009064
     2.8 0.014513
    2.81 0.014894
    2.82 0.012575
    2.83 0.017758
    2.84 0.015339
    2.85 0.023018
    2.86 0.012963
    2.87 0.025359
    2.88 0.021559
    2.89 0.037034
     2.9 0.034691
    2.91 0.029176
    2.92 0.042846
    2.93 0.037993
    2.94 0.036664
    2.95 0.044672
    2.96 0.047118
    2.97 0.053942
    2.98  0.05331
    2.99 0.055068
       3 0.062026
    3.01  0.05627
    3.02 0.076514
    3.03 0.088176
    3.04 0.063564
    3.05 0.080108
    3.06 0.089088
    3.07  0.10992
    3.08 0.073638
    3.09  0.10565
     3.1  0.14285
    3.11    0.134
    3.12  0.15066
    3.13  0.14147
    3.14  0.14846
    3.15  0.12874
    3.16  0.27331
    3.17  0.29931
    3.18  0.24218
    3.19  0.29082
     3.2   0.2909
    3.21  0.24405
    3.22  0.31878
    3.23  0.27406
    3.24  0.50859
    3.25  0.44052
    3.26  0.54655
    3.27  0.63701
    3.28  0.89178
    3.29  0.97754
     3.3   1.1143
