#
#Kprime Band Filter
#niri_Kprime_G0206
     0.8 0.018515
   0.801 0.011111
   0.802 0.016716
   0.803 0.016746
   0.804 0.017019
   0.805 0.014408
   0.806 0.013747
   0.807 0.013599
   0.808 0.014512
   0.809 0.014935
    0.81 0.013965
   0.811 0.014985
   0.812 0.01149
   0.813 0.012591
   0.814 0.011955
   0.815 0.015829
   0.816 0.007234
   0.817 0.015754
   0.818 0.006751
   0.819 0.01722
    0.82 0.012156
   0.821 0.013117
   0.822 0.01459
   0.823 0.01101
   0.824 0.014562
   0.825 0.01201
   0.826 0.013144
   0.827 0.013401
   0.828 0.013059
   0.829 0.012611
    0.83 0.015801
   0.831 0.017024
   0.832 0.015286
   0.833 0.007613
   0.834  0.010821
   0.835 0.012193
   0.836 0.014254
   0.837 0.016888
   0.838 0.016075
   0.839 0.01353
    0.84 0.015949
   0.841 0.012674
   0.842 0.010102
   0.843 0.016841
   0.844 0.015186
   0.845 0.008448
   0.846 0.019073
   0.847 0.007232
   0.848 0.006597
   0.849 0.012696
    0.85 0.017264
   0.851  0.01591
   0.852 0.012443
   0.853  0.01245
   0.854 0.010395
   0.855 0.010596
   0.856 0.012791
   0.857 0.018797
   0.858 0.013866
   0.859 0.014521
    0.86 0.016047
   0.861 0.011478
   0.862 0.007905
   0.863 0.021424
   0.864 0.006578
   0.865 0.016669
   0.866 0.009603
   0.867 0.017087
   0.868 0.012269
   0.869 0.014133
    0.87  0.01388
   0.871 0.017075
   0.872 0.015702
   0.873 0.017182
   0.874  0.01794
   0.875 0.008187
   0.876 0.009143
   0.877 0.015404
   0.878  0.01792
   0.879 0.010816
    0.88 0.007023
   0.881 0.013195
   0.882 0.015607
   0.883 0.017543
   0.884 0.011323
   0.885 0.015841
   0.886 0.012707
   0.887 0.012924
   0.888 0.013054
   0.889 0.013726
    0.89 0.013501
   0.891 0.013727
   0.892 0.012711
   0.893 0.018063
   0.894 0.014442
   0.895 0.011909
   0.896 0.020909
   0.897 0.012704
   0.898 0.016227
   0.899 0.007331
     0.9 0.017371
   0.901 0.011494
   0.902  0.01187
   0.903 0.015432
   0.904 0.012254
   0.905 0.013196
   0.906 0.016506
   0.907 0.013765
   0.908 0.019757
   0.909 0.010787
    0.91 0.019423
   0.911 0.015192
   0.912 0.017461
   0.913 0.018064
   0.914 0.012948
   0.915 0.007719
   0.916 0.013882
   0.917 0.017635
   0.918 0.019447
   0.919 0.014529
    0.92 0.012067
   0.921 0.017531
   0.922  0.01167
   0.923  0.01708
   0.924 0.010278
   0.925 0.014509
   0.926 0.013754
   0.927 0.009484
   0.928 0.008889
   0.929  0.01796
    0.93 0.013289
   0.931 0.018437
   0.932 0.012509
   0.933 0.010932
   0.934 0.010977
   0.935 0.011743
   0.936 0.010292
   0.937 0.014523
   0.938 0.011217
   0.939 0.017825
    0.94 0.012902
   0.941  0.01018
   0.942 0.015359
   0.943 0.014879
   0.944 0.007735
   0.945 0.012681
   0.946 0.012486
   0.947 0.013578
   0.948  0.00945
   0.949 0.013635
    0.95 0.012895
   0.951 0.012669
   0.952 0.017151
   0.953 0.009865
   0.954 0.013746
   0.955 0.016817
   0.956 0.016174
   0.957 0.008807
   0.958 0.017539
   0.959 0.018664
    0.96 0.014955
   0.961 0.015837
   0.962 0.014692
   0.963 0.018192
   0.964 0.011098
   0.965 0.018808
   0.966 0.014974
   0.967 0.013911
   0.968 0.016875
   0.969 0.012145
    0.97 0.015824
   0.971 0.010561
   0.972 0.012757
   0.973 0.012302
   0.974 0.012725
   0.975 0.016931
   0.976 0.010181
   0.977 0.014469
   0.978 0.014402
   0.979 0.015964
    0.98 0.009854
   0.981 0.010142
   0.982 0.012698
   0.983 0.010172
   0.984 0.008052
   0.985 0.021032
   0.986 0.013007
   0.987 0.006614
   0.988 0.019224
   0.989 0.011836
    0.99 0.014423
   0.991 0.008893
   0.992 0.011446
   0.993  0.01453
   0.994 0.015087
   0.995 0.012613
   0.996 0.014004
   0.997 0.013149
   0.998 0.014345
   0.999 0.012657
       1 0.013996
   1.001 0.010043
   1.002 0.018349
   1.003 0.011287
   1.004 0.013538
   1.005 0.014406
   1.006 0.013901
   1.007 0.018896
   1.008 0.015649
   1.009 0.010363
    1.01 0.013634
   1.011 0.017163
   1.012 0.011628
   1.013 0.014011
   1.014 0.011457
   1.015 0.013442
   1.016  0.01018
   1.017 0.015498
   1.018 0.015493
   1.019 0.021956
    1.02 0.019184
   1.021 0.011749
   1.022 0.012411
   1.023 0.019786
   1.024 0.010125
   1.025 0.016096
   1.026 0.012607
   1.027 0.012525
   1.028 0.019825
   1.029 0.013375
    1.03 0.016156
   1.031 0.017197
   1.032 0.011571
   1.033 0.013446
   1.034 0.016016
   1.035  0.01515
   1.036 0.010884
   1.037 0.014223
   1.038 0.013963
   1.039 0.014674
    1.04  0.00629
   1.041 0.011961
   1.042 0.013841
   1.043 0.013916
   1.044  0.01033
   1.045 0.015008
   1.046 0.013958
   1.047 0.017124
   1.048  0.01603
   1.049 0.014296
    1.05 0.007991
   1.051   0.0205
   1.052 0.008459
   1.053 0.012996
   1.054 0.013596
   1.055 0.012518
   1.056 0.015934
   1.057 0.012801
   1.058 0.009623
   1.059 0.013409
    1.06 0.019089
   1.061 0.014189
   1.062 0.014824
   1.063 0.015443
   1.064 0.016852
   1.065 0.016931
   1.066 0.009668
   1.067 0.014181
   1.068 0.013477
   1.069 0.013438
    1.07 0.016432
   1.071 0.009662
   1.072 0.018567
   1.073 0.013665
   1.074 0.017023
   1.075 0.015551
   1.076 0.011959
   1.077  0.01383
   1.078 0.019527
   1.079 0.011767
    1.08 0.016163
   1.081 0.016698
   1.082 0.013971
   1.083 0.016691
   1.084 0.013128
   1.085 0.011332
   1.086 0.007593
   1.087 0.012099
   1.088 0.018981
   1.089 0.013142
    1.09 0.018934
   1.091 0.008751
   1.092 0.017704
   1.093 0.017299
   1.094 0.014316
   1.095 0.022718
   1.096 0.016892
   1.097 0.016773
   1.098 0.011838
   1.099 0.019285
     1.1  0.01516
   1.101 0.011391
   1.102 0.016102
   1.103 0.010148
   1.104 0.014079
   1.105 0.014712
   1.106 0.011933
   1.107 0.014423
   1.108 0.010295
   1.109 0.013165
    1.11 0.016735
   1.111 0.013459
   1.112 0.014389
   1.113 0.011294
   1.114 0.014409
   1.115 0.017133
   1.116 0.017289
   1.117 0.014861
   1.118 0.010978
   1.119 0.014423
    1.12 0.013302
   1.121 0.014671
   1.122 0.010171
   1.123 0.011357
   1.124 0.015613
   1.125 0.014749
   1.126 0.013126
   1.127 0.011808
   1.128 0.017726
   1.129 0.016899
    1.13  0.01357
   1.131 0.018171
   1.132 0.011801
   1.133 0.013858
   1.134 0.013447
   1.135 0.017917
   1.136 0.017308
   1.137  0.01006
   1.138 0.011054
   1.139 0.012232
    1.14 0.014627
   1.141 0.010611
   1.142 0.013114
   1.143 0.019795
   1.144 0.014808
   1.145 0.014852
   1.146 0.015995
   1.147 0.019782
   1.148 0.014334
   1.149 0.015234
    1.15 0.011842
   1.151 0.005512
   1.152 0.013887
   1.153  0.01305
   1.154 0.011791
   1.155 0.014404
   1.156 0.011423
   1.157  0.02156
   1.158 0.014375
   1.159 0.007188
    1.16   0.0169
   1.161 0.013513
   1.162  0.01393
   1.163 0.010969
   1.164 0.016449
   1.165 0.008439
   1.166 0.015188
   1.167 0.013499
   1.168 0.015188
   1.169 0.011392
    1.17 0.014344
   1.171 0.017301
   1.172 0.013083
   1.173 0.018145
   1.174 0.013088
   1.175 0.014775
   1.176   0.0152
   1.177 0.012249
   1.178 0.014364
   1.179 0.023239
    1.18 0.017301
   1.181 0.016439
   1.182 0.013105
   1.183 0.012613
   1.184  0.01056
   1.185 0.015559
   1.186  0.01984
   1.187 0.013468
   1.188 0.011013
   1.189  0.01224
    1.19 0.016849
   1.191 0.012216
   1.192 0.007583
   1.193 0.014329
   1.194 0.012233
   1.195 0.012635
   1.196 0.018088
   1.197 0.014324
   1.198 0.015465
   1.199 0.011049
     1.2 0.015587
   1.201 0.013838
   1.202 0.015645
   1.203 0.011002
   1.204 0.015634
   1.205 0.015618
   1.206 0.014797
   1.207 0.009697
   1.208 0.011429
   1.209 0.017365
    1.21 0.018147
   1.211 0.018565
   1.212 0.017292
   1.213 0.007583
   1.214   0.0177
   1.215 0.010104
   1.216 0.012633
   1.217 0.011788
   1.218  0.01473
   1.219 0.013047
    1.22 0.015573
   1.221 0.013459
   1.222  0.01262
   1.223 0.010507
   1.224 0.014724
   1.225 0.019771
   1.226 0.012613
   1.227 0.014715
   1.228 0.014292
   1.229 0.014715
    1.23 0.015134
   1.231 0.014295
   1.232  0.01388
   1.233 0.014272
   1.234 0.013038
   1.235 0.011778
   1.236 0.015142
   1.237 0.013039
   1.238 0.018506
   1.239 0.009257
    1.24 0.018084
   1.241 0.017243
   1.242 0.010519
   1.243 0.011343
   1.244 0.016372
   1.245 0.013424
   1.246 0.011748
   1.247 0.013436
   1.248 0.015527
   1.249 0.012187
    1.25 0.018502
   1.251  0.01094
   1.252 0.012164
   1.253 0.017625
   1.254 0.012589
   1.255 0.013011
   1.256 0.010902
   1.257 0.011708
   1.258 0.011321
   1.259 0.016355
    1.26 0.013063
   1.261 0.015499
   1.262 0.012599
   1.263 0.009541
   1.264 0.017219
   1.265 0.015403
   1.266  0.01347
   1.267  0.01499
   1.268 0.020183
   1.269 0.018856
    1.27 0.010411
   1.271 0.009252
   1.272 0.017168
   1.273 0.015504
   1.274 0.016764
   1.275 0.018033
   1.276 0.014217
   1.277 0.017049
   1.278 0.016839
   1.279 0.012928
    1.28 0.014146
   1.281 0.014935
   1.282 0.023964
   1.283 0.012995
   1.284 0.016032
   1.285 0.016625
   1.286 0.013375
   1.287 0.019265
   1.288 0.017295
   1.289 0.014454
    1.29  0.01726
   1.291 0.017487
   1.292 0.017791
   1.293  0.01369
   1.294 0.013868
   1.295 0.009166
   1.296 0.018846
   1.297 0.010111
   1.298 0.018718
   1.299 0.013018
     1.3 0.012573
   1.301 0.014154
   1.302 0.013751
   1.303 0.011641
   1.304 0.011283
   1.305 0.009164
   1.306 0.007962
   1.307 0.014718
   1.308 0.015403
   1.309 0.013495
    1.31 0.007741
   1.311 0.015808
   1.312  0.02011
   1.313 0.012067
   1.314 0.016712
   1.315 0.011635
   1.316 0.015398
   1.317 0.012874
   1.318 0.010513
   1.319  0.01206
    1.32 0.017404
   1.321 0.016282
   1.322 0.017518
   1.323 0.012088
   1.324  0.02081
   1.325 0.010817
   1.326 0.015415
   1.327 0.019601
   1.328  0.01872
   1.329 0.012089
    1.33 0.017826
   1.331 0.014546
   1.332 0.017897
   1.333 0.016701
   1.334 0.012864
   1.335 0.011227
   1.336 0.013305
   1.337 0.016177
   1.338 0.010396
   1.339 0.012868
    1.34 0.018713
   1.341  0.01209
   1.342 0.018658
   1.343 0.013584
   1.344 0.007989
   1.345 0.015791
   1.346 0.010282
   1.347 0.010272
   1.348 0.012939
   1.349 0.016995
    1.35 0.009486
   1.351 0.013765
   1.352 0.013874
   1.353 0.010666
   1.354 0.014627
   1.355 0.008789
   1.356 0.011651
   1.357 0.011191
   1.358 0.012357
   1.359 0.016465
    1.36 0.011583
   1.361 0.012334
   1.362 0.016146
   1.363 0.015502
   1.364 0.015329
   1.365 0.017041
   1.366 0.014075
   1.367 0.015722
   1.368 0.012697
   1.369 0.014041
    1.37 0.015748
   1.371 0.015174
   1.372 0.018091
   1.373 0.014545
   1.374 0.018658
   1.375 0.010659
   1.376 0.016431
   1.377 0.011597
   1.378 0.010587
   1.379 0.013172
    1.38 0.011991
   1.381 0.013001
   1.382 0.015786
   1.383 0.014502
   1.384 0.017001
   1.385 0.007834
   1.386 0.015587
   1.387 0.014969
   1.388 0.015874
   1.389 0.013359
    1.39 0.010978
   1.391 0.011665
   1.392 0.014114
   1.393 0.010819
   1.394 0.006641
   1.395 0.009568
   1.396 0.015108
   1.397 0.008888
   1.398 0.012493
   1.399 0.011626
     1.4 0.014356
   1.401 0.019812
   1.402 0.013861
   1.403 0.020752
   1.404 0.010117
   1.405  0.01228
   1.406 0.018791
   1.407 0.011551
   1.408   0.0127
   1.409 0.017124
    1.41 0.009393
   1.411 0.013692
   1.412 0.016494
   1.413  0.00971
   1.414 0.014737
   1.415 0.009691
   1.416 0.018152
   1.417 0.010105
   1.418  0.01236
   1.419 0.012848
    1.42  0.01172
   1.421 0.012054
   1.422 0.013427
   1.423 0.012691
   1.424 0.011268
   1.425  0.01653
   1.426 0.016863
   1.427 0.014747
   1.428 0.010877
   1.429 0.013644
    1.43 0.011604
   1.431 0.007899
   1.432 0.011676
   1.433 0.013896
   1.434 0.016973
   1.435 0.017608
   1.436 0.016447
   1.437 0.010411
   1.438 0.016857
   1.439 0.013316
    1.44 0.014842
   1.441 0.015716
   1.442 0.011207
   1.443 0.015398
   1.444 0.017844
   1.445 0.011971
   1.446 0.017594
   1.447 0.014156
   1.448 0.011573
   1.449 0.012331
    1.45 0.010395
   1.451 0.008245
   1.452 0.014564
   1.453 0.013185
   1.454   0.0157
   1.455 0.008768
   1.456 0.017822
   1.457 0.012834
   1.458 0.012051
   1.459 0.014479
    1.46 0.013715
   1.461 0.017681
   1.462 0.014959
   1.463 0.013661
   1.464   0.0127
   1.465 0.011881
   1.466 0.015889
   1.467 0.009596
   1.468 0.009787
   1.469 0.014618
    1.47 0.009474
   1.471 0.010914
   1.472 0.015728
   1.473 0.013724
   1.474 0.018368
   1.475 0.015804
   1.476 0.018624
   1.477 0.009948
   1.478 0.012892
   1.479  0.01406
    1.48 0.013306
   1.481 0.012428
   1.482 0.012977
   1.483 0.019438
   1.484 0.012434
   1.485 0.013703
   1.486 0.017845
   1.487 0.014549
   1.488 0.010776
   1.489 0.014115
    1.49 0.008258
   1.491 0.010388
   1.492 0.012438
   1.493 0.016215
   1.494 0.010278
   1.495 0.013445
   1.496  0.01264
   1.497 0.008679
   1.498 0.015335
   1.499 0.015326
     1.5 0.017227
   1.501 0.011716
   1.502 0.018818
   1.503 0.012569
   1.504 0.015638
   1.505 0.012577
   1.506 0.014412
   1.507 0.010395
   1.508 0.011228
   1.509 0.012046
    1.51 0.010011
   1.511 0.009986
   1.512 0.012099
   1.513 0.008271
   1.514 0.012451
   1.515 0.012478
   1.516 0.015363
   1.517 0.016238
   1.518  0.01288
   1.519 0.017085
    1.52 0.017794
   1.521  0.01343
   1.522 0.016796
   1.523  0.01381
   1.524 0.014604
   1.525  0.01196
   1.526 0.018914
   1.527 0.008213
   1.528 0.009233
   1.529 0.011297
    1.53  0.01359
   1.531 0.015431
   1.532 0.010825
   1.533 0.015914
   1.534  0.01407
   1.535 0.009613
   1.536 0.007494
   1.537 0.017855
   1.538 0.009563
   1.539 0.013734
    1.54 0.019575
   1.541 0.012492
   1.542 0.017057
   1.543 0.009665
   1.544 0.015852
   1.545 0.013345
   1.546 0.007057
   1.547   0.0124
   1.548 0.014565
   1.549 0.019927
    1.55 0.015898
   1.551 0.015694
   1.552 0.014524
   1.553 0.012555
   1.554  0.00957
   1.555  0.01661
   1.556 0.017789
   1.557  0.01632
   1.558 0.014929
   1.559 0.012516
    1.56  0.01416
   1.561 0.017558
   1.562 0.014576
   1.563 0.015006
   1.564 0.014541
   1.565 0.014178
   1.566 0.013776
   1.567 0.009993
   1.568 0.015014
   1.569 0.014602
    1.57 0.014684
   1.571 0.013368
   1.572 0.014266
   1.573 0.012121
   1.574 0.011238
   1.575 0.010584
   1.576 0.012733
   1.577 0.020612
   1.578 0.013609
   1.579 0.014204
    1.58 0.014161
   1.581 0.012523
   1.582 0.010879
   1.583  0.01667
   1.584 0.014984
   1.585 0.012062
   1.586 0.016682
   1.587 0.017981
   1.588 0.012912
   1.589 0.012133
    1.59 0.013204
   1.591 0.012515
   1.592  0.01792
   1.593 0.016534
   1.594 0.012544
   1.595 0.015225
   1.596 0.007238
   1.597 0.016607
   1.598  0.01166
   1.599 0.008531
     1.6 0.015126
   1.601 0.004269
   1.602 0.014385
   1.603  0.01557
   1.604 0.019091
   1.605 0.013311
   1.606 0.016683
   1.607 0.017563
   1.608 0.022518
   1.609  0.01587
    1.61  0.01164
   1.611 0.014239
   1.612 0.009612
   1.613  0.01001
   1.614 0.012069
   1.615 0.016599
   1.616 0.012918
   1.617 0.018111
   1.618 0.011345
   1.619 0.012886
    1.62 0.018704
   1.621 0.013168
   1.622 0.012064
   1.623  0.00877
   1.624 0.016673
   1.625 0.014455
   1.626 0.013536
   1.627 0.012835
   1.628 0.013296
   1.629 0.017175
    1.63 0.013375
   1.631 0.019518
   1.632 0.016668
   1.633 0.010442
   1.634 0.013755
   1.635  0.01213
   1.636 0.005329
   1.637 0.015463
   1.638  0.01543
   1.639 0.015917
    1.64 0.013953
   1.641 0.018171
   1.642  0.01221
   1.643 0.017137
   1.644 0.016205
   1.645 0.014252
   1.646 0.016007
   1.647 0.014311
   1.648 0.014883
   1.649 0.013808
    1.65 0.015862
   1.651 0.018416
   1.652 0.010015
   1.653 0.007851
   1.654  0.01413
   1.655 0.015445
   1.656 0.016671
   1.657 0.017916
   1.658 0.012091
   1.659 0.007504
    1.66  0.01192
   1.661 0.015357
   1.662 0.009128
   1.663 0.011329
   1.664 0.017891
   1.665 0.011039
   1.666 0.011447
   1.667 0.011559
   1.668 0.012937
   1.669 0.013375
    1.67 0.011753
   1.671 0.016657
   1.672 0.014577
   1.673 0.012161
   1.674 0.016256
   1.675 0.020054
   1.676 0.013759
   1.677 0.016314
   1.678 0.015396
   1.679 0.018796
    1.68 0.016179
   1.681 0.013203
   1.682 0.013779
   1.683 0.014206
   1.684  0.01362
   1.685 0.013339
   1.686 0.012869
   1.687 0.016332
   1.688 0.013342
   1.689 0.014213
    1.69 0.016292
   1.691 0.014472
   1.692 0.014631
   1.693 0.011676
   1.694 0.014212
   1.695 0.017154
   1.696 0.010836
   1.697 0.018368
   1.698 0.009476
   1.699 0.014237
     1.7  0.01401
   1.701 0.013661
   1.702 0.010492
   1.703 0.018343
   1.704 0.014289
   1.705 0.014453
   1.706 0.014413
   1.707 0.012541
   1.708  0.01521
   1.709 0.017162
    1.71 0.010008
   1.711 0.015033
   1.712 0.011756
   1.713  0.01411
   1.714 0.013282
   1.715 0.009715
   1.716 0.014169
   1.717 0.013727
   1.718 0.015003
   1.719 0.013847
    1.72 0.007943
   1.721 0.019179
   1.722 0.015757
   1.723 0.011703
   1.724 0.014763
   1.725 0.018541
   1.726 0.015339
   1.727 0.014062
   1.728 0.012328
   1.729 0.018872
    1.73 0.007839
   1.731 0.016739
   1.732 0.016047
   1.733 0.013526
   1.734 0.008568
   1.735 0.007135
   1.736 0.011168
   1.737 0.012912
   1.738 0.008335
   1.739 0.011284
    1.74 0.015007
   1.741 0.012081
   1.742 0.013697
   1.743  0.01041
   1.744 0.011227
   1.745 0.011106
   1.746 0.014597
   1.747 0.009915
   1.748 0.019387
   1.749 0.013287
    1.75 0.011167
   1.751 0.013306
   1.752 0.016938
   1.753 0.012578
   1.754 0.013256
   1.755 0.017898
   1.756 0.014117
   1.757 0.012842
   1.758 0.010351
   1.759 0.015023
    1.76 0.008339
   1.761 0.014502
   1.762 0.013699
   1.763 0.013793
   1.764 0.009573
   1.765 0.013356
   1.766 0.014865
   1.767 0.016694
   1.768 0.016215
   1.769 0.008625
    1.77 0.013627
   1.771 0.016871
   1.772 0.012756
   1.773 0.013287
   1.774 0.018107
   1.775  0.01359
   1.776 0.012277
   1.777 0.014507
   1.778 0.009113
   1.779 0.010807
    1.78 0.015807
   1.781 0.009459
   1.782 0.016137
   1.783 0.018757
   1.784 0.016585
   1.785 0.013265
   1.786 0.013285
   1.787 0.013723
   1.788 0.014094
   1.789 0.012482
    1.79 0.017019
   1.791 0.015016
   1.792 0.012027
   1.793 0.011939
   1.794  0.01614
   1.795 0.015831
   1.796 0.020094
   1.797 0.019927
   1.798 0.012791
   1.799 0.014918
     1.8 0.019849
   1.801 0.014085
   1.802 0.010864
   1.803 0.014454
   1.804 0.018139
   1.805 0.013638
   1.806 0.010792
   1.807 0.017463
   1.808 0.016128
   1.809  0.01289
    1.81 0.010887
   1.811 0.015853
   1.812 0.014039
   1.813 0.009502
   1.814 0.003977
   1.815  0.01792
   1.816 0.010051
   1.817 0.014845
   1.818 0.011271
   1.819 0.019139
    1.82 0.009132
   1.821 0.015823
   1.822 0.015876
   1.823 0.011536
   1.824 0.007759
   1.825 0.012964
   1.826 0.017862
   1.827 0.012875
   1.828 0.018571
   1.829 0.014488
    1.83 0.016886
   1.831 0.010943
   1.832 0.012946
   1.833 0.007868
   1.834 0.015915
   1.835 0.020849
   1.836  0.01576
   1.837 0.019099
   1.838 0.014242
   1.839  0.01421
    1.84 0.019083
   1.841 0.017538
   1.842 0.012001
   1.843 0.017007
   1.844 0.017902
   1.845  0.02029
   1.846 0.017729
   1.847 0.018447
   1.848  0.01456
   1.849 0.011829
    1.85 0.015982
   1.851 0.017756
   1.852 0.015217
   1.853 0.018927
   1.854 0.016764
   1.855 0.018182
   1.856 0.024003
   1.857 0.021434
   1.858 0.023352
   1.859 0.023734
    1.86  0.02218
   1.861 0.027505
   1.862 0.019547
   1.863 0.029567
   1.864 0.027104
   1.865 0.033538
   1.866 0.034009
   1.867 0.030014
   1.868 0.034752
   1.869 0.044455
    1.87 0.038683
   1.871 0.043837
   1.872 0.044883
   1.873 0.050053
   1.874 0.053573
   1.875 0.056626
   1.876 0.058625
   1.877  0.06516
   1.878 0.068936
   1.879  0.07531
    1.88 0.075646
   1.881 0.080355
   1.882 0.085079
   1.883  0.09074
   1.884 0.087255
   1.885  0.10187
   1.886 0.099011
   1.887  0.10548
   1.888  0.10789
   1.889  0.12659
    1.89  0.12335
   1.891  0.12711
   1.892  0.13566
   1.893  0.13948
   1.894  0.14566
   1.895  0.15122
   1.896  0.15993
   1.897  0.17325
   1.898  0.17829
   1.899  0.19298
     1.9   0.2022
   1.901   0.2115
   1.902  0.22768
   1.903  0.23062
   1.904  0.25575
   1.905  0.26852
   1.906  0.28782
   1.907  0.30871
   1.908  0.32973
   1.909  0.35698
    1.91  0.38197
   1.911  0.40693
   1.912  0.43395
   1.913  0.47046
   1.914  0.50943
   1.915  0.55187
   1.916  0.59317
   1.917  0.64296
   1.918  0.70097
   1.919  0.75806
    1.92  0.83089
   1.921  0.91458
   1.922    1.001
   1.923   1.0997
   1.924   1.2124
   1.925   1.3315
   1.926   1.4711
   1.927   1.6243
   1.928   1.8126
   1.929   2.0167
    1.93   2.2509
   1.931   2.5125
   1.932    2.811
   1.933   3.1586
   1.934   3.5401
   1.935   3.9837
   1.936   4.4992
   1.937   5.0888
   1.938    5.757
   1.939   6.5409
    1.94   7.4033
   1.941   8.4259
   1.942   9.5756
   1.943   10.898
   1.944   12.422
   1.945   14.143
   1.946   16.077
   1.947   18.301
   1.948   20.749
   1.949   23.564
    1.95   26.647
   1.951   29.911
   1.952   33.594
   1.953   37.468
   1.954   41.588
   1.955   46.035
   1.956   50.435
   1.957   54.943
   1.958   59.406
   1.959   63.767
    1.96   67.857
   1.961   71.822
   1.962   75.434
   1.963   78.665
   1.964   81.514
   1.965   84.023
   1.966   86.161
   1.967   87.955
   1.968   89.472
   1.969   90.703
    1.97   91.701
   1.971   92.499
   1.972   93.142
   1.973   93.656
   1.974   94.059
   1.975   94.365
   1.976   94.632
   1.977   94.827
   1.978   94.974
   1.979   95.105
    1.98   95.192
   1.981    95.26
   1.982   95.299
   1.983   95.329
   1.984   95.348
   1.985   95.326
   1.986    95.32
   1.987   95.291
   1.988   95.229
   1.989   95.165
    1.99   95.088
   1.991   94.977
   1.992   94.857
   1.993   94.744
   1.994   94.615
   1.995   94.465
   1.996   94.319
   1.997   94.178
   1.998   94.038
   1.999   93.801
       2   93.641
   2.001   93.488
   2.002    93.32
   2.003   93.162
   2.004   92.997
   2.005   92.857
   2.006   92.697
   2.007   92.562
   2.008   92.425
   2.009   92.319
    2.01   92.202
   2.011   92.122
   2.012    92.02
   2.013   91.931
   2.014   91.875
   2.015   91.834
   2.016   91.753
   2.017   91.707
   2.018   91.684
   2.019    91.67
    2.02   91.643
   2.021   91.664
   2.022   91.672
   2.023   91.694
   2.024   91.699
   2.025   91.737
   2.026   91.772
   2.027     91.8
   2.028    91.84
   2.029   91.903
    2.03   91.942
   2.031   91.996
   2.032   92.059
   2.033   92.124
   2.034   92.167
   2.035   92.218
   2.036    92.27
   2.037   92.327
   2.038    92.39
   2.039   92.428
    2.04   92.499
   2.041   92.547
   2.042   92.597
   2.043    92.63
   2.044   92.703
   2.045   92.722
   2.046   92.775
   2.047    92.81
   2.048   92.848
   2.049   92.898
    2.05   92.932
   2.051   92.975
   2.052   93.006
   2.053    93.05
   2.054   93.069
   2.055   93.101
   2.056   93.128
   2.057   93.153
   2.058   93.188
   2.059   93.205
    2.06   93.235
   2.061   93.258
   2.062   93.275
   2.063   93.282
   2.064    93.31
   2.065   93.345
   2.066    93.35
   2.067   93.361
   2.068   93.396
   2.069   93.414
    2.07   93.404
   2.071   93.449
   2.072   93.472
   2.073   93.453
   2.074   93.489
   2.075     93.5
   2.076  93.508
   2.077  93.508
   2.078  93.538
   2.079  93.534
    2.08  93.548
   2.081  93.566
   2.082  93.583
   2.083  93.595
   2.084  93.638
   2.085  93.651
   2.086   93.68
   2.087  93.713
   2.088  93.749
   2.089  93.794
    2.09  93.832
   2.091  93.865
   2.092  93.926
   2.093  93.974
   2.094  94.029
   2.095  94.084
   2.096  94.151
   2.097  94.195
   2.098  94.262
   2.099  94.325
     2.1  94.383
   2.101  94.455
   2.102  94.511
   2.103  94.585
   2.104  94.654
   2.105  94.706
   2.106  94.793
   2.107  94.866
   2.108  94.912
   2.109  95.001
    2.11  95.051
   2.111  95.117
   2.112  95.167
   2.113   95.25
   2.114  95.297
   2.115  95.347
   2.116  95.402
   2.117  95.454
   2.118    95.5
   2.119  95.551
    2.12  95.583
   2.121  95.639
   2.122  95.651
   2.123  95.692
   2.124  95.726
   2.125  95.753
   2.126  95.791
   2.127   95.81
   2.128  95.848
   2.129  95.874
    2.13    95.9
   2.131  95.925
   2.132  95.968
   2.133  95.966
   2.134  95.997
   2.135  96.011
   2.136  96.031
   2.137   96.04
   2.138  96.061
   2.139  96.059
    2.14  96.092
   2.141  96.077
   2.142  96.091
   2.143  96.092
   2.144  96.078
   2.145  96.118
   2.146  96.108
   2.147  96.115
   2.148  96.144
   2.149  96.148
    2.15  96.148
   2.151  96.159
   2.152  96.171
   2.153  96.159
   2.154  96.172
   2.155  96.197
   2.156  96.188
   2.157  96.194
   2.158  96.208
   2.159  96.215
    2.16  96.218
   2.161  96.212
   2.162  96.222
   2.163  96.219
   2.164  96.215
   2.165  96.215
   2.166  96.212
   2.167  96.196
   2.168  96.188
   2.169  96.186
    2.17  96.166
   2.171  96.118
   2.172    96.1
   2.173  96.099
   2.174  96.052
   2.175  96.001
   2.176  95.983
   2.177  95.954
   2.178  95.883
   2.179  95.834
    2.18  95.778
   2.181  95.704
   2.182  95.621
   2.183  95.552
   2.184  95.474
   2.185  95.383
   2.186  95.276
   2.187  95.176
   2.188  95.046
   2.189  94.914
    2.19  94.775
   2.191  94.621
   2.192  94.441
   2.193  94.283
   2.194   94.11
   2.195  93.897
   2.196  93.693
   2.197  93.472
   2.198  93.266
   2.199  93.025
     2.2  92.758
   2.201  92.544
   2.202  92.282
   2.203  92.038
   2.204  91.797
   2.205   91.55
   2.206  91.315
   2.207  91.077
   2.208  90.868
   2.209  90.643
    2.21  90.428
   2.211  90.231
   2.212  90.059
   2.213  89.866
   2.214   89.69
   2.215  89.558
   2.216  89.393
   2.217  89.256
   2.218  89.131
   2.219  89.036
    2.22  88.923
   2.221  88.848
   2.222  88.794
   2.223  88.734
   2.224  88.699
   2.225  88.705
   2.226  88.708
   2.227  88.733
   2.228  88.755
   2.229  88.814
    2.23    88.9
   2.231  88.989
   2.232   89.11
   2.233  89.253
   2.234  89.409
   2.235  89.567
   2.236  89.764
   2.237  89.973
   2.238  90.181
   2.239  90.422
    2.24  90.668
   2.241  90.926
   2.242  91.189
   2.243  91.453
   2.244  91.741
   2.245  92.014
   2.246  92.291
   2.247  92.559
   2.248  92.815
   2.249  93.084
    2.25  93.326
   2.251   93.57
   2.252  93.805
   2.253  94.021
   2.254  94.217
   2.255  94.409
   2.256  94.552
   2.257  94.704
   2.258  94.828
   2.259  94.927
    2.26  95.036
   2.261  95.118
   2.262  95.183
   2.263  95.218
   2.264  95.255
   2.265  95.285
   2.266  95.246
   2.267  95.229
   2.268  95.189
   2.269  95.096
    2.27  94.966
   2.271  94.815
   2.272  94.615
   2.273  94.285
   2.274  93.907
   2.275  93.393
   2.276  92.735
   2.277  91.888
   2.278  90.856
   2.279  89.559
    2.28  88.029
   2.281  86.162
   2.282  84.005
   2.283   81.53
   2.284  78.575
   2.285  75.377
   2.286  71.861
   2.287  68.006
   2.288  63.969
   2.289  59.754
    2.29  55.336
   2.291  50.978
   2.292  46.671
   2.293  42.461
   2.294  38.383
   2.295  34.568
   2.296  30.949
   2.297  27.587
   2.298  24.573
   2.299  21.811
     2.3  19.318
   2.301   17.09
   2.302  15.111
   2.303   13.31
   2.304  11.751
   2.305  10.396
   2.306  9.1638
   2.307  8.1195
   2.308  7.1721
   2.309  6.3384
    2.31  5.6252
   2.311  4.9936
   2.312  4.4399
   2.313  3.9497
   2.314  3.5288
   2.315  3.1374
   2.316  2.8139
   2.317  2.5145
   2.318  2.2567
   2.319  2.0276
    2.32  1.8194
   2.321  1.6475
   2.322   1.478
   2.323  1.3392
   2.324  1.2148
   2.325  1.0995
   2.326  1.0025
   2.327 0.90768
   2.328 0.83184
   2.329  0.7474
    2.33 0.69122
   2.331 0.63521
   2.332 0.57981
   2.333 0.52847
   2.334 0.49395
   2.335 0.45014
   2.336 0.41474
   2.337 0.38056
   2.338 0.35264
   2.339  0.3219
    2.34  0.3049
   2.341 0.28146
   2.342 0.26206
   2.343 0.24483
   2.344 0.22641
   2.345 0.20721
   2.346 0.19833
   2.347 0.18308
   2.348 0.17259
   2.349 0.16555
    2.35 0.15118
   2.351 0.14579
   2.352 0.13235
   2.353 0.12542
   2.354 0.12776
   2.355  0.1172
   2.356 0.10901
   2.357 0.10326
   2.358 0.10296
   2.359 0.091024
    2.36 0.087377
   2.361 0.082355
   2.362 0.075201
   2.363  0.08024
   2.364 0.069075
   2.365  0.06736
   2.366 0.064906
   2.367 0.061586
   2.368 0.055869
   2.369  0.05893
    2.37 0.056765
   2.371  0.05632
   2.372  0.04762
   2.373 0.047823
   2.374 0.045449
   2.375 0.046457
   2.376 0.043876
   2.377  0.04307
   2.378 0.041538
   2.379 0.034599
    2.38 0.040823
   2.381 0.035742
   2.382 0.031746
   2.383 0.037836
   2.384 0.030338
   2.385 0.032343
   2.386 0.031517
   2.387 0.030904
   2.388 0.032944
   2.389 0.028556
    2.39  0.02795
   2.391 0.023469
   2.392  0.02705
   2.393 0.027715
   2.394 0.022523
   2.395 0.027737
   2.396 0.023772
   2.397 0.028117
   2.398  0.02477
   2.399 0.022715
     2.4 0.025907
   2.401 0.025756
   2.402 0.025722
   2.403 0.028009
   2.404  0.01945
   2.405  0.01836
   2.406 0.019461
   2.407 0.023921
   2.408 0.022025
   2.409 0.017171
    2.41 0.022927
   2.411 0.019243
   2.412 0.018792
   2.413 0.021526
   2.414 0.015827
   2.415 0.019931
   2.416 0.015867
   2.417 0.020446
   2.418 0.018354
   2.419 0.020951
    2.42 0.016328
   2.421 0.013004
   2.422 0.021151
   2.423 0.016218
   2.424 0.018618
   2.425 0.016863
   2.426 0.016157
   2.427 0.013457
   2.428 0.016242
   2.429  0.01263
    2.43 0.014235
   2.431 0.012212
   2.432 0.019467
   2.433 0.015579
   2.434 0.012051
   2.435  0.02085
   2.436 0.014277
   2.437 0.015863
   2.438 0.017515
   2.439 0.019993
    2.44 0.014997
   2.441 0.012729
   2.442 0.015593
   2.443 0.015621
   2.444 0.011758
   2.445 0.015075
   2.446 0.013358
   2.447    0.014
   2.448 0.021985
   2.449 0.010663
    2.45 0.015249
   2.451 0.015477
   2.452 0.019612
   2.453 0.013103
   2.454 0.011756
   2.455 0.014752
   2.456 0.016326
   2.457 0.011903
   2.458 0.014127
   2.459 0.013474
    2.46 0.013966
   2.461 0.011367
   2.462  0.01064
   2.463 0.016377
   2.464 0.016465
   2.465 0.013463
   2.466 0.012328
   2.467 0.010738
   2.468 0.012693
   2.469 0.014753
    2.47 0.012243
   2.471 0.010689
   2.472 0.015151
   2.473 0.016537
   2.474 0.008158
   2.475 0.020152
   2.476 0.017192
   2.477 0.010731
   2.478 0.011026
   2.479 0.011042
    2.48 0.014226
   2.481 0.012773
   2.482 0.012595
   2.483 0.010191
   2.484 0.009635
   2.485 0.017247
   2.486 0.015626
   2.487 0.014715
   2.488 0.011588
   2.489 0.016841
    2.49 0.014234
   2.491 0.011473
   2.492 0.010476
   2.493 0.010559
   2.494 0.010606
   2.495 0.011115
   2.496 0.016929
   2.497 0.013988
   2.498 0.011863
   2.499 0.016384
     2.5 0.014758
   2.501 0.013079
   2.502 0.013077
   2.503 0.017699
   2.504  0.01639
   2.505 0.008373
   2.506  0.01464
   2.507 0.015353
   2.508 0.020322
   2.509 0.011466
    2.51 0.008971
   2.511 0.013911
   2.512 0.013488
   2.513 0.014335
   2.514 0.015065
   2.515 0.011641
   2.516 0.014465
   2.517 0.012198
   2.518  0.01457
   2.519 0.014461
    2.52 0.011841
   2.521 0.011123
   2.522 0.013075
   2.523 0.020103
   2.524  0.01353
   2.525 0.011884
   2.526 0.011142
   2.527 0.018165
   2.528 0.014994
   2.529 0.014224
    2.53 0.007098
   2.531 0.017285
   2.532 0.009602
   2.533 0.011227
   2.534 0.012856
   2.535 0.005651
   2.536 0.011801
   2.537 0.015698
   2.538 0.012178
   2.539 0.018429
    2.54 0.010125
   2.541 0.009822
   2.542 0.014739
   2.543 0.003283
   2.544 0.016295
   2.545 0.011785
   2.546 0.014811
   2.547 0.012818
   2.548 0.017161
   2.549 0.013896
    2.55 0.016487
   2.551 0.015048
   2.552 0.016703
   2.553 0.017425
   2.554  0.01177
   2.555 0.014274
   2.556 0.009206
   2.557 0.017781
   2.558 0.012534
   2.559 0.010695
    2.56 0.013055
   2.561 0.014713
   2.562 0.018535
   2.563 0.011913
   2.564 0.016642
   2.565 0.013859
   2.566 0.015464
   2.567  0.00288
   2.568 0.010665
   2.569  0.01484
    2.57 0.013489
   2.571 0.008505
   2.572 0.015343
   2.573 0.015703
   2.574 0.012775
   2.575 0.007894
   2.576 0.008589
   2.577 0.017665
   2.578 0.008512
   2.579 0.013718
    2.58 0.018435
   2.581 0.013463
   2.582 0.014071
   2.583 0.013164
   2.584 0.019419
   2.585 0.012801
   2.586 0.015599
   2.587 0.014501
   2.588   0.0089
   2.589 0.014588
    2.59 0.013429
   2.591 0.017672
   2.592 0.010652
   2.593 0.016918
   2.594  0.01554
   2.595 0.014452
   2.596  0.01711
   2.597 0.015413
   2.598 0.012806
   2.599 0.017266
     2.6 0.008912
   2.601 0.014423
   2.602 0.014376
   2.603 0.006952
   2.604 0.013026
   2.605 0.013211
   2.606 0.015862
   2.607 0.016109
   2.608 0.014253
   2.609 0.009161
    2.61 0.013725
   2.611 0.010145
   2.612 0.017082
   2.613 0.016608
   2.614 0.013693
   2.615  0.01231
   2.616 0.010097
   2.617 0.013794
   2.618  0.00751
   2.619 0.015299
    2.62 0.016739
   2.621 0.015468
   2.622 0.013507
   2.623 0.010689
   2.624 0.013321
   2.625 0.016223
   2.626 0.018311
   2.627 0.009421
   2.628 0.006546
   2.629 0.013077
    2.63 0.013369
   2.631 0.013124
   2.632 0.012411
   2.633 0.017407
   2.634 0.014611
   2.635  0.01018
   2.636 0.011875
   2.637  0.01495
   2.638 0.010971
   2.639 0.011425
    2.64 0.013653
   2.641 0.010049
   2.642 0.012766
   2.643 0.012036
   2.644 0.010533
   2.645 0.009438
   2.646 0.014087
   2.647  0.00948
   2.648 0.014716
   2.649 0.012339
    2.65 0.015124
   2.651 0.014992
   2.652 0.011856
   2.653  0.01034
   2.654 0.014242
   2.655 0.011032
   2.656 0.012977
   2.657 0.011338
   2.658 0.014189
   2.659 0.014062
    2.66 0.019094
   2.661  0.01371
   2.662  0.01727
   2.663 0.017228
   2.664 0.013879
   2.665 0.017301
   2.666 0.009223
   2.667 0.016036
   2.668 0.010476
   2.669 0.016777
    2.67 0.017249
   2.671 0.012969
   2.672 0.012453
   2.673 0.017652
   2.674 0.011482
   2.675 0.013187
   2.676 0.010278
   2.677 0.018991
   2.678 0.014267
   2.679 0.015514
    2.68 0.016514
   2.681 0.013394
   2.682  0.01357
   2.683 0.012856
   2.684 0.015576
   2.685 0.010407
   2.686 0.016612
   2.687  0.00833
   2.688 0.017635
   2.689 0.012512
    2.69 0.012721
   2.691 0.011796
   2.692 0.012821
   2.693 0.007849
   2.694 0.013985
   2.695 0.014369
   2.696  0.01373
   2.697 0.012369
   2.698  0.01368
   2.699 0.013452
     2.7 0.010997
   2.701 0.008671
   2.702 0.012762
   2.703 0.019884
   2.704 0.015429
   2.705  0.01547
   2.706 0.007249
   2.707 0.014791
   2.708 0.017214
   2.709  0.01925
    2.71 0.005714
   2.711 0.019178
   2.712 0.011539
   2.713 0.012434
   2.714 0.016383
   2.715 0.015601
   2.716  0.01046
   2.717 0.015994
   2.718 0.008705
   2.719 0.012949
    2.72 0.011793
   2.721 0.015423
   2.722 0.010994
   2.723 0.014126
   2.724 0.012786
   2.725 0.015774
   2.726 0.014578
   2.727 0.012816
   2.728 0.015113
   2.729 0.011449
    2.73 0.008818
   2.731 0.009714
   2.732 0.012063
   2.733 0.011812
   2.734 0.013406
   2.735 0.016138
   2.736 0.013329
   2.737 0.016075
   2.738 0.016413
   2.739 0.015998
    2.74 0.018378
   2.741 0.017517
   2.742 0.015655
   2.743 0.016989
   2.744 0.010535
   2.745 0.017118
   2.746 0.014608
   2.747 0.018339
   2.748 0.022218
   2.749 0.013657
    2.75 0.016336
   2.751 0.011128
   2.752 0.017008
   2.753 0.014828
   2.754 0.008206
   2.755  0.01194
   2.756 0.017369
   2.757 0.016443
   2.758 0.012415
   2.759 0.008353
    2.76 0.013632
   2.761 0.018409
   2.762 0.016395
   2.763 0.009327
   2.764 0.018488
   2.765 0.010585
   2.766 0.016319
   2.767  0.01597
   2.768 0.014114
   2.769 0.011983
    2.77 0.010847
   2.771 0.010414
   2.772 0.013843
   2.773 0.016245
   2.774 0.013344
   2.775 0.015029
   2.776 0.011656
   2.777 0.014075
   2.778 0.015644
   2.779  0.01179
    2.78 0.012746
   2.781 0.019741
   2.782 0.015663
   2.783 0.010653
   2.784 0.016485
   2.785 0.014123
   2.786  0.01466
   2.787 0.010246
   2.788 0.009839
   2.789 0.015344
    2.79 0.018351
   2.791 0.013076
   2.792 0.015227
   2.793 0.014167
   2.794 0.012912
   2.795 0.015367
   2.796 0.016231
   2.797 0.017543
   2.798 0.010268
   2.799 0.016056
     2.8 0.015303
   2.801 0.014639
   2.802 0.014298
   2.803 0.016298
   2.804 0.007026
   2.805 0.013583
   2.806 0.005695
   2.807 0.012817
   2.808 0.014689
   2.809 0.013232
    2.81 0.017802
   2.811 0.011901
   2.812 0.014206
   2.813 0.018845
   2.814 0.015985
   2.815 0.009032
   2.816 0.012599
   2.817 0.013915
   2.818  0.02025
   2.819 0.016786
    2.82 0.013591
   2.821 0.015606
   2.822 0.018426
   2.823 0.014079
   2.824 0.013303
   2.825 0.012104
   2.826 0.012408
   2.827 0.014481
   2.828 0.017728
   2.829 0.012199
    2.83 0.012897
   2.831 0.010909
   2.832 0.019806
   2.833 0.014743
   2.834 0.015792
   2.835 0.019198
   2.836 0.016006
   2.837 0.018865
   2.838  0.01425
   2.839 0.017841
    2.84 0.011396
   2.841 0.015876
   2.842  0.01412
   2.843 0.014822
   2.844 0.014996
   2.845 0.022488
   2.846  0.01854
   2.847  0.00756
   2.848 0.017359
   2.849 0.016471
    2.85 0.019979
   2.851 0.021878
   2.852   0.0114
   2.853 0.018368
   2.854 0.016261
   2.855 0.019954
   2.856  0.02551
   2.857 0.014434
   2.858 0.012793
   2.859 0.023288
    2.86 0.023529
   2.861 0.027503
   2.862  0.01645
   2.863 0.022327
   2.864 0.023809
   2.865 0.019529
   2.866 0.028845
   2.867 0.020587
   2.868 0.020764
   2.869 0.025695
    2.87 0.021171
   2.871 0.023433
   2.872  0.02163
   2.873 0.030941
   2.874 0.022767
   2.875 0.015135
   2.876 0.015996
   2.877 0.035072
   2.878 0.018532
   2.879 0.024607
    2.88 0.016624
   2.881 0.016783
   2.882 0.019196
   2.883 0.020939
   2.884 0.018032
   2.885 0.041711
   2.886  0.02628
   2.887 0.023334
   2.888 0.026003
   2.889 0.036837
    2.89  0.01744
   2.891 0.033421
   2.892 0.027839
   2.893 0.040832
   2.894 0.032652
   2.895 0.025222
   2.896 0.020254
   2.897 0.043258
   2.898 0.032991
   2.899 0.027926
     2.9 0.026383
   2.901 0.036549
   2.902  0.02678
   2.903 0.020506
   2.904 0.029014
   2.905 0.021732
   2.906 0.032184
   2.907 0.031462
   2.908 0.029741
   2.909 0.020358
    2.91 0.023395
   2.911 0.040962
   2.912 0.039262
   2.913 0.034589
   2.914 0.025903
   2.915 0.027043
   2.916 0.037152
   2.917 0.035388
   2.918 0.021418
   2.919 0.034735
    2.92 0.027833
   2.921 0.040301
   2.922 0.033269
   2.923 0.036535
   2.924 0.040948
   2.925 0.050506
   2.926 0.032917
   2.927 0.040426
   2.928 0.041692
   2.929 0.046199
    2.93 0.031398
   2.931 0.025108
   2.932 0.040434
   2.933 0.028613
   2.934 0.024351
   2.935 0.041049
   2.936 0.051209
   2.937 0.027057
   2.938 0.048417
   2.939 0.027321
    2.94 0.050137
   2.941 0.042475
   2.942 0.039271
   2.943 0.041817
   2.944 0.047917
   2.945 0.037691
   2.946 0.049588
   2.947 0.060441
   2.948 0.033576
   2.949  0.04321
    2.95 0.026783
   2.951 0.036473
   2.952 0.059661
   2.953  0.04172
   2.954 0.028543
   2.955 0.042207
   2.956 0.030108
   2.957 0.033989
   2.958 0.045376
   2.959 0.041872
    2.96   0.0459
   2.961 0.047474
   2.962 0.041406
   2.963 0.024909
   2.964 0.047054
   2.965 0.052623
   2.966 0.033234
   2.967 0.030917
   2.968 0.041759
   2.969  0.05136
    2.97 0.035563
   2.971 0.019457
   2.972 0.052413
   2.973 0.037571
   2.974 0.053031
   2.975 0.060226
   2.976 0.031308
   2.977 0.048351
   2.978 0.045776
   2.979 0.041778
    2.98 0.039185
   2.981 0.035099
   2.982 0.046924
   2.983 0.048637
   2.984 0.048889
   2.985  0.05063
   2.986   0.0391
   2.987 0.069218
   2.988 0.050084
   2.989 0.026241
    2.99 0.061382
   2.991 0.055757
   2.992 0.025209
   2.993 0.047119
   2.994 0.069437
   2.995 0.068277
   2.996 0.038588
   2.997 0.056478
   2.998 0.048768
   2.999 0.068534
       3 0.073981
   3.001  0.06133
   3.002 0.055124
   3.003 0.048838
   3.004 0.065931
   3.005 0.041094
   3.006 0.053257
   3.007 0.057109
   3.008 0.066024
   3.009 0.047442
    3.01 0.037265
   3.011 0.053356
   3.012 0.062537
   3.013 0.063003
   3.014 0.036506
   3.015 0.058434
   3.016 0.057046
   3.017 0.061152
   3.018 0.069028
   3.019 0.082585
    3.02 0.077483
   3.021 0.049687
   3.022 0.059564
   3.023 0.083033
   3.024 0.064284
   3.025 0.068732
   3.026 0.082951
   3.027 0.077564
   3.028 0.092094
   3.029 0.048746
    3.03 0.061171
   3.031  0.07178
   3.032 0.056042
   3.033 0.066719
   3.034 0.081721
   3.035 0.078123
   3.036 0.074671
   3.037 0.066597
   3.038 0.086477
   3.039 0.054757
    3.04 0.059619
   3.041 0.086287
   3.042 0.067099
   3.043 0.034291
   3.044 0.065932
   3.045  0.09137
   3.046 0.069282
   3.047  0.07436
   3.048 0.065728
   3.049 0.075612
    3.05 0.076203
   3.051  0.06256
   3.052 0.060583
   3.053 0.097381
   3.054 0.073727
   3.055  0.10122
   3.056 0.079931
   3.057 0.082982
   3.058 0.083607
   3.059  0.10467
    3.06  0.11308
   3.061 0.075391
   3.062 0.089124
   3.063 0.084572
   3.064 0.066892
   3.065 0.093934
   3.066 0.092207
   3.067 0.074026
   3.068  0.10457
   3.069  0.13022
    3.07 0.098133
   3.071  0.07094
   3.072 0.082873
   3.073 0.086388
   3.074  0.10437
   3.075 0.090912
   3.076 0.085868
   3.077  0.11027
   3.078  0.10532
   3.079 0.085202
    3.08  0.10407
   3.081 0.092783
   3.082 0.096589
   3.083  0.15037
   3.084 0.088933
   3.085  0.14338
   3.086  0.10012
   3.087  0.13289
   3.088  0.11471
   3.089  0.11904
    3.09  0.09359
   3.091  0.12441
   3.092   0.1256
   3.093  0.12662
   3.094  0.14826
   3.095  0.12211
   3.096 0.095284
   3.097  0.13142
   3.098  0.11127
   3.099  0.11935
     3.1  0.13859
   3.101  0.12512
   3.102  0.14484
   3.103  0.13155
   3.104  0.10266
   3.105  0.11126
   3.106   0.2038
   3.107 0.097867
   3.108  0.11814
   3.109  0.17028
    3.11  0.11644
   3.111   0.1452
   3.112  0.13468
   3.113  0.10328
   3.114  0.14923
   3.115   0.1299
   3.116  0.13517
   3.117  0.11959
   3.118  0.20148
   3.119  0.11281
    3.12  0.12686
   3.121 0.084471
   3.122  0.10281
   3.123  0.16121
   3.124  0.12231
   3.125  0.15044
   3.126  0.12897
   3.127  0.14836
   3.128   0.1265
   3.129  0.19714
    3.13  0.12859
   3.131  0.15809
   3.132   0.1402
   3.133  0.12682
   3.134   0.1667
   3.135  0.14839
   3.136   0.1939
   3.137  0.14582
   3.138  0.16666
   3.139  0.17828
    3.14  0.22055
   3.141  0.12985
   3.142  0.13571
   3.143  0.18835
   3.144  0.13819
   3.145  0.12331
   3.146  0.11319
   3.147  0.17302
   3.148  0.19016
   3.149  0.18621
    3.15  0.24199
   3.151  0.13964
   3.152  0.23999
   3.153  0.21347
   3.154  0.10881
   3.155  0.27874
   3.156  0.19592
   3.157  0.24866
   3.158  0.19239
   3.159  0.24054
    3.16  0.16597
   3.161  0.21431
   3.162  0.16266
   3.163  0.15791
   3.164  0.24255
   3.165  0.26893
   3.166  0.14262
   3.167  0.21105
   3.168  0.23104
   3.169  0.25132
    3.17  0.13452
   3.171  0.22346
   3.172  0.17395
   3.173  0.20753
   3.174  0.16374
   3.175  0.20347
   3.176   0.1658
   3.177  0.21985
   3.178  0.22766
   3.179  0.26294
    3.18  0.31879
   3.181  0.25332
   3.182  0.22172
   3.183  0.28476
   3.184    0.281
   3.185  0.32555
   3.186  0.20833
   3.187  0.25301
   3.188  0.14763
   3.189  0.14167
    3.19  0.29749
   3.191  0.18939
   3.192  0.20614
   3.193  0.21576
   3.194  0.25615
   3.195  0.32139
   3.196   0.1991
   3.197  0.22561
   3.198  0.37168
   3.199  0.27064
     3.2  0.26476
   3.201  0.30874
   3.202  0.25321
   3.203  0.33167
   3.204  0.32571
   3.205  0.21807
   3.206  0.13348
   3.207  0.30109
   3.208  0.30444
   3.209  0.20871
    3.21  0.37271
   3.211  0.27734
   3.212  0.21616
   3.213   0.2368
   3.214  0.25858
   3.215   0.2993
   3.216  0.28352
   3.217  0.38414
   3.218  0.10355
   3.219  0.35426
    3.22  0.29789
   3.221  0.39321
   3.222   0.3168
   3.223  0.38216
   3.224  0.23915
   3.225  0.20962
   3.226  0.28834
   3.227  0.24829
   3.228   0.4382
   3.229  0.39893
    3.23  0.35653
   3.231  0.52124
   3.232  0.37639
   3.233  0.39203
   3.234  0.27752
   3.235  0.51993
   3.236   0.4515
   3.237  0.50535
   3.238  0.43657
   3.239  0.25593
    3.24   0.3471
   3.241  0.45439
   3.242  0.56404
   3.243  0.46717
   3.244  0.30105
   3.245  0.41237
   3.246   0.4611
   3.247  0.53979
   3.248  0.42311
   3.249  0.41551
    3.25  0.42201
   3.251  0.44507
   3.252  0.49917
   3.253   0.5887
   3.254  0.56492
   3.255  0.59452
   3.256  0.40763
   3.257  0.55051
   3.258  0.35779
   3.259  0.67431
    3.26   0.7953
   3.261  0.50475
   3.262  0.84378
   3.263  0.46321
   3.264  0.70061
   3.265  0.59525
   3.266  0.92082
   3.267  0.45382
   3.268  0.42183
   3.269  0.61196
    3.27   0.7038
   3.271  0.71488
   3.272  0.63757
   3.273   0.6279
   3.274   1.1196
   3.275  0.62454
   3.276  0.69743
   3.277   0.7374
   3.278  0.98396
   3.279  0.63965
    3.28  0.70661
   3.281  0.79396
   3.282   1.0393
   3.283  0.90458
   3.284  0.77041
   3.285   1.1108
   3.286  0.97043
   3.287  0.84968
   3.288  0.81465
   3.289   1.2714
    3.29   1.1508
   3.291   1.4938
   3.292  0.98441
   3.293   1.1615
   3.294  0.68956
   3.295  0.91703
   3.296   1.2519
   3.297   1.2355
   3.298   1.0662
   3.299  0.49464
     3.3   1.3011
 
