# get rid of notch for Na to keep splines happy
# extrapolated past 2.5 um
#     0.4   25.88
#0.402246   11.18
#0.406738   5.797
# 0.41123  11.801
# 0.41123  17.805
#0.415722  35.611
#0.420214  17.805
#0.426952   7.453
#0.429198  11.801
#0.431444  38.302
# 0.43369  27.122
#0.435936  21.325
#0.442674   1.035
#0.447166   8.696
#0.447166  31.263
#0.449412  15.528
#0.451658  34.369
# 0.45615   1.035
#0.460642   0.207
#0.462888  13.043
# 0.46738  21.946
#0.471872       0
# 0.47861       0
#0.487594       0
#0.498824       0
#0.523529       0
#0.577433       0
#0.588663       0
#0.599893   0.621
#0.604385    2.07
#0.606631   5.176
#0.608877    9.11
#0.611123    14.7
#0.613369  19.048
#0.615615  24.017
#0.620107  35.611
#0.624599  50.932
#0.626845   65.01
#0.629091  75.155
#0.631337  83.851
#0.633583  87.371
#0.635829  90.062
#0.638075  91.718
#0.640321  93.168
#0.644813  94.203
#0.658289  94.203
#0.665027  93.789
#0.674011  93.996
#0.680749  93.996
#0.689733  93.582
#0.696471  93.582
#0.714438  93.582
#0.718931  93.375
#0.732406  93.375
#0.736898  93.789
#0.745882  93.789
#0.750374  93.375
#0.772834  93.375
#0.790802  93.582
0.815508  93.375
0.828984  93.789
0.837968  93.582
 0.86492  93.582
0.882888  93.789
0.896364  93.789
0.912086  93.582
0.927807  93.789
0.963743  93.789
0.992941  93.582
1.022139  93.789
1.062567  93.582
1.105241  93.789
1.127701  93.789
1.141177  93.582
1.168128  93.582
1.177112  93.789
    1.24  93.789
1.246738  93.582
1.271444  93.582
1.275936  93.789
  1.3523  93.789
1.356792  93.582
1.401711  93.582
1.403957  93.789
1.482567  93.789
1.572406  93.789
1.606096  93.789
1.610588  93.996
1.646524  93.996
 1.64877  93.789
1.691444  93.789
1.743102  93.789
  1.7723  93.789
1.817219  93.996
1.893583  94.203
1.898075  93.996
2.037326  93.996
2.041818  94.203
    2.08  94.203
2.084492   94.41
 2.10246   94.41
2.106952  94.617
2.176578  94.617
2.178824   94.41
2.201283   94.41
# 2.201283  94.203
2.241712  94.203
2.243958  93.996
2.331552  93.996
2.336043  94.203
2.362995  94.203
2.365241   94.41
2.378717   94.41
#2.378717  94.617
2.403423  94.617
2.477541  94.617
2.493263   94.41
     2.5  94.203
     2.6  94.203
     2.7  94.203
     2.8  94.203
     2.9  94.203
     3.0  94.203
