0.502456   99.52
0.508135  99.201
0.513903  98.952
0.516811  98.848
0.522818  98.797
0.528951  98.848
 0.53521  99.004
0.544566  99.211
0.547677  99.274
0.553772  99.294
0.562838  99.263
0.571805  99.149
0.577774  99.066
0.586828  99.024
0.602078  99.087
0.614343  99.190
0.620476  99.242
0.629606  99.263
0.641682  99.211
0.650661  99.107
0.662624  98.962
0.674575  98.806
0.689573  98.661
 0.70165  98.609
0.704672  98.599
0.719884  98.630
0.741292  98.764
 0.78101  98.982
0.820602  99.096
0.838887  99.158
0.872296  99.179
0.948092  99.116
1.039025  99.022
1.154351  99.022
1.254502  99.021
1.366742  98.979
1.466868  98.958
1.536671  98.957
1.606523  98.998
1.682483  99.071
1.791928  99.226
1.904407  99.381
1.983377  99.432
2.022831  99.432
2.095605  99.380
 2.18038  99.213
2.243861  99.005
2.331394  98.611
2.412744  98.123
2.472888  97.666
2.493956  97.521
