# extrapolated beyond 2 microns
0.332985 84.8677
0.335522  88.254
0.343134 92.0635
0.353284 93.7566
 0.36597 95.1323
0.368507 95.3439
0.378657 94.2857
0.383731 93.0159
0.393881  91.746
0.401493  90.582
0.411642 90.7937
0.416716 91.4286
0.424328 92.5926
0.434478 94.0741
0.447164  95.873
0.462388  97.037
0.480149 97.8836
0.502985 98.4127
0.530896  98.836
0.556269 98.9418
0.599403 99.1534
0.642537 99.0476
0.698358 99.1534
0.751642 99.0476
    0.81 98.9418
0.863284 98.7302
0.919104 98.4127
    0.98 98.2011
 1.03836 97.5661
  1.0891 97.1429
    1.15 96.7196
 1.19821 96.4021
  1.2591 96.1905
 1.33015 96.0847
 1.39104 96.0847
  1.4697 96.4021
 1.52552 96.5079
  1.5991 96.8254
 1.66761 97.1429
 1.75134 97.2487
 1.82493  97.672
 1.90358 97.7778
 1.97209 97.8836
 1.99746 97.9894
 2.00    97.9894 
 2.10    97.9894
 2.20    97.9894
 2.30    97.9894
 2.40    97.9894
 2.50    97.9894
 2.60    97.9894
 2.70    97.9894
 2.80    97.9894
 2.90    97.9894
 3.00    97.9894
