     0.2       0
    0.25       0
     0.3       0
    0.35       0
     0.4       0
    0.45       0
     0.5       0
    0.55       0
     0.6       0
    0.65     100
     0.7     100
    0.75     100
     0.8     100
    0.85     100
     0.9     100
    0.95     100
       1     100
    1.05     100
     1.1     100
    1.15     100
     1.2     100
    1.25     100
     1.3     100
    1.35     100
     1.4     100
    1.45     100
     1.5     100
    1.55     100
     1.6     100
    1.65     100
     1.7     100
    1.75     100
     1.8     100
    1.85     100
     1.9     100
    1.95     100
       2     100
    2.05     100
     2.1     100
    2.15     100
     2.2     100
    2.25     100
     2.3     100
    2.35     100
     2.4     100
    2.45     100
     2.5     100
    2.55     100
     2.6     100
    2.65     100
     2.7     100
    2.75     100
     2.8     100
    2.85     100
     2.9     100
    2.95     100
       3     100
