#     0.4     100
#0.412747  99.706
#0.415933  99.706
# 0.42868     100
# 0.43824     100
# 0.43824  68.529
#0.441426  99.118
#0.444613     100
#  0.4478  79.412
#0.450986  89.412
#0.454173     100
# 0.45736  99.118
#0.460546  99.706
#0.463733  83.529
# 0.46692  72.647
#0.470106  83.824
#0.470106  53.529
#0.473293  53.529
# 0.47648      60
#0.479666  76.471
#0.479666  69.118
#0.482853  99.706
#0.498786     100
#0.514719     100
#0.552959  99.706
#0.591199  99.706
#0.594385  92.941
#0.600759  97.941
#0.603945     100
#0.610319  98.529
#0.616692  99.706
#0.619879  99.118
#0.642185   6.765
# get rid of notch for Na line to make the splines happy
#0.654932       5
#0.667678   7.059
#0.680425   4.706
#0.696358   6.471
#0.712291   4.706
#0.731411   5.882
#0.750531   4.706
#0.772838   6.176
0.795144   4.706
0.823824   5.588
 0.84613       5
 0.86525       5
 0.88437   4.706
0.906677   7.941
0.909863  17.941
0.925797  94.412
0.938543  55.882
0.954477  95.294
0.967223  96.471
 0.97997  95.294
0.992716  90.882
1.005463  95.588
1.018209  97.353
1.030956  96.176
1.040516      95
1.053262  96.471
1.059636  97.059
1.072382  96.471
1.081942  96.176
1.101062      95
1.110622  95.882
1.123369  97.353
1.132929  96.765
1.142489  94.118
1.152049  91.765
1.161608  94.412
1.174355  96.176
1.190288  96.471
1.212595  97.647
1.228528  95.588
1.238088  93.529
1.250835  95.588
1.269954  97.353
1.279514  97.353
1.292261  95.882
1.308194  93.824
1.327314  96.176
1.346434  97.059
1.365554  97.941
  1.3783  97.941
1.400607  99.118
1.422914  98.529
1.442033  99.706
  1.4739     100
1.499393  99.412
1.508953  97.941
1.515326  96.765
1.524886  98.235
1.534446  99.412
1.547193  99.412
1.569499  98.824
1.585432  97.647
1.607739  98.529
1.633232  99.118
1.655539  97.941
1.665099  95.882
1.674659  92.941
1.687405  95.882
1.696965  97.941
1.722458  99.118
1.747951  98.529
1.760698  96.471
1.770258  96.471
1.779818  96.176
1.789378  97.647
1.802125  98.235
1.811684  97.059
1.824431  94.412
1.833991  96.765
1.843551  98.824
1.856297  99.412
 1.90091  99.706
1.932777  99.118
 1.95827  98.235
1.971017  96.765
1.983763  95.294
2.002883  97.353
2.018816  98.235
2.037936  97.353
2.047496  96.176
2.053869  95.588
2.066616  97.353
2.076176  98.824
2.101669  99.412
2.127163  99.118
2.146282  98.235
2.162216  97.647
2.178149  98.529
2.203642  99.412
2.238695  99.118
2.273748  97.941
2.292868  95.588
2.321548  94.412
2.353414      95
2.394841  95.588
2.436267  96.765
2.474507  97.059
2.496813  97.059
