700.199931505  2.56879587549
700.216592464  2.76409933634
704.431815026  2.17587493174
706.51443487  1.58880753816
712.912243028  1.58533650509
719.326712145  1.77716893287
723.64190046  2.36076529337
730.02304766  2.16199079945
734.321575016  2.5502836991
738.603441414  2.74327313791
742.818663976  2.1550487333
747.083869415  2.15273471126
753.481677573  2.14926367818
759.946129567  2.92700648852
764.277978841  3.70590630988
772.725084925  2.72476096152
779.172875959  3.307200311
789.702601886  1.73898756907
798.233012764  1.73435952498
804.66414284  2.12149541361
813.194553718  2.11686736951
823.92421115  2.8922961578
830.205392597  1.52170089877
842.967686996  1.12415191092
851.498097874  1.11952386682
862.244416265  2.09025611596
870.741505225  1.69502115016
885.636402344  1.29631515129
892.117515296  2.26936142248
894.366744726  3.63532863741
898.981830299  7.73438729324
901.514296028  12.4205133427
903.930135046  15.7395151661
904.463285726  21.9892259133
905.129724076  29.8013643474
908.145357609  40.1512907615
909.99472403  61.829974916
911.594176069  80.5791071577
914.309912345  87.4135712765
916.809056157  91.7090904042
919.074946546  93.27036108
921.240871183  93.6598109907
927.355443043  90.3361811231
928.954895082  84.0853133649
930.287771782  74.709590233
931.454038894  63.3808324926
933.353388191  60.6454270296
937.435323084  58.4947749382
940.284347029  66.8916667438
941.017429214  75.4850190213
941.60056277  82.3206401511
944.599535344  92.4752631043
946.948730528  95.0130510844
949.181298999  96.1837148384
955.662411951  97.1567611096
962.043559151  96.9579866157
972.55662412  95.1944704129
978.671195979  91.8708405454
984.919055509  90.1096383646
991.500134213  92.2545054009
995.948610198  94.4005294482
1000.39708618  96.5465534956
1009.04412377  97.9090496774
1021.77309625  97.1208937679
1034.38544202  94.9656136324
1038.65064746  94.9632996103
1049.44694873  96.519942242
1057.99402057  96.7106176588
1066.50777049  96.5106861538
1075.05484232  96.7013615706
1085.66787304  96.1096661329
1096.23092089  94.9320603127
1107.02722216  96.4887029444
1115.64093783  97.4605922045
1124.15468775  97.2606606996
1136.65040681  93.7382563381
1140.74900266  91.7829077075
1144.99754714  91.5852902246
1155.91047512  94.5090570823
1168.87270102  96.4551496247
1196.69650212  97.6119292465
1203.09431028  97.6084582134
1215.80662181  96.624998843
1228.3689847  93.8838083249
1234.73347094  93.4897303702
1247.69569684  95.4358229125
1262.77386451  97.185454983
1271.3375973  97.5714338606
1290.39773411  95.9985930746
1300.944121  94.6256837935
1305.19266548  94.4280663106
1322.35345298  95.5906309875
1339.48091857  96.3625887427
1358.79096976  97.7192998695
1382.33290447  98.6830900525
1397.31110638  99.2609013579
1410.09006174  99.0586558309
1422.90233901  99.2470172256
1435.74793821  99.825985542
1450.6928182  100.013189926
1469.88624268  100.002776826
1486.91374251  99.6029138166
1505.92389644  97.444162648
1512.3217046  97.4406916149
1527.39987227  99.1903236854
1538.11286874  99.7704490128
1550.8918241  99.5682034858
1574.2338273  98.1883521386
1587.04610458  98.3767135333
1612.70398104  99.1440432444
1625.51625832  99.3324046392
1638.27855272  98.9348556513
1653.02350121  96.7784185048
1667.80177162  95.0125882799
1678.58141192  96.3739274508
1687.24511047  97.9317270935
1700.12403158  98.9013023316
1717.21817525  99.2826531651
1738.47755861  98.4898692115
1761.7862399  96.7194109425
1774.58185622  96.7124688764
1791.74264372  97.8750335533
1815.05132501  96.1045752844
1827.99688995  97.8553643659
1838.77653026  99.2167035368
1858.03659857  99.9875042809
1877.23002305  99.9770911817
1900.65533104  99.5737571388
1928.32918352  98.9728056129
1943.20741968  98.3787961532
1968.63204273  96.4118774124
1981.42765904  96.4049353462
2002.88697391  97.9557929228
2013.56664846  98.1453113285
2041.1738571  96.7631459593
2064.78243565  98.5081499857
2081.9265622  99.4754112017
2107.51779483  99.4615270694
2135.15832539  98.4699686219
2150.05322251  98.071262623
2167.16402714  98.6479169174
2190.68930089  99.4164036395
2212.01532808  99.4048335293
2248.1529476  98.0180401159
2286.28988217  95.0676620047
2299.05217657  94.6701130168
2318.27892296  95.0503068393
2328.95859752  95.2398252451
2356.68243287  95.2247841017
2369.49471015  95.4131454965
2399.43445301  96.3734646464
2422.9430658  96.9466479077
2446.40169572  96.9339207864
2467.71106195  96.7270472153
2482.60595907  96.3283412164
2499.60013699  95.5378712848
