704.270452739  0.0210835069054
719.217037327  0.0194616986819
738.429904290  0.0177935530806
755.515885612  0.0155230215677
776.868149308  0.013206152677
796.085186635  0.0111209706754
817.437450332  0.00880410178468
840.924940399  0.00625554600491
858.006751356  0.00440205089234
870.818109574  0.00301192955792
887.899920531  0.00115843444535
900.711278749  0.000231686889071
913.535148060  0.584314334236
922.117757178  2.53650806155
926.442424650  5.07510130509
930.758751393  7.22307045367
937.226985962  10.1520561053
943.707731623  13.6669778994
948.065762007  17.7680675228
950.288566020  21.8693888332
954.675788952  27.337662789
959.092204431  34.1731210773
961.410926817  42.7666194798
967.987590850  50.7737183661
974.676854711  64.0542425345
977.041451101  74.7961734593
981.541273861  85.5378726973
983.830803699  92.7641867674
988.167982262  95.8887161534
998.885817750  97.8406781939
1009.58280142  98.8160799968
1026.64793092  98.0329783118
1045.86079788  97.8355810823
1069.33160649  97.0517843366
1088.55698455  97.4403232495
1097.09371966  97.2440844545
1116.30241626  96.8513751775
1122.70809537  96.8506801169
1139.79824706  97.2394507167
1154.73232055  96.651892766
1169.67473478  96.4549589103
1184.62966009  96.8439611971
1203.84252706  96.6465639676
1220.92433801  96.6447104725
1238.01031933  96.8381690249
1261.48529831  96.2496843266
1287.12469620  97.0281522739
1302.07128079  97.0265304657
1325.54625976  96.4380457674
1346.90686419  96.8263529935
1376.80837409  97.213733472
1398.16063779  97.2114166031
1419.52124221  97.5997238292
1447.27918502  97.5967118997
1470.76250472  97.3988512964
1498.52878825  97.7864634618
1528.42195743  97.7832198454
1566.85603208  97.7790494814
1592.47874852  97.7762692387
1620.23252096  97.5779452617
1635.17910555  97.5763234534
1669.34272746  97.5726164632
1714.18248123  97.5677510385
1752.61238552  97.368268627
1799.58736565  97.3631715155
1840.16083704  97.5540815121
1882.86536443  97.5494477743
1927.70511820  97.5445823496
1951.19677863  97.7373458413
1985.36457090  97.9289508986
2013.12668407  98.1212510165
2047.29030599  98.1175440263
2068.64674005  98.3105392049
2104.94975870  98.5019125753
2130.58081586  98.8897564276
2156.20353230  98.8869761849
2179.68685200  98.6891155816
2226.65766177  98.4887064226
2273.63681227  98.6789213585
2307.80460455  98.8705264158
2344.10345283  98.8665877387
2380.39813075  98.6673370141
2416.68446794  98.0774621945
2450.84391949  97.8784431568
2465.79467445  98.072133396
2491.41739088  98.0693531534
2517.03593695  97.8712608632
2538.37985992  97.4783198994
2551.18287741  97.086305683

