#WFS,trans 
#Wvl Trans
# edited to remove notches to make spline fit happy
#0.402596 0.239
#0.402596 3.11
#0.405192 2.392
#0.407787 32.297
#0.410383 33.254
#0.412979 70.335
#0.415575 1.914
#0.418171 54.785
#0.423362 3.828
#0.425958 1.196
#0.428554 2.871
#0.433745 16.029
#0.436341 7.895
#0.441533 27.99
#0.44932  6.459
#0.451916 27.99
#0.454512 9.33
#0.457108 21.531
#0.459703 0.957
#0.464895 0.478
#0.472682 6.459
#0.477874 3.11
#0.485661 58.373
#0.493449 2.632
#0.49864  16.986
#0.501236 44.976
#0.501236 68.66
#0.509023 59.569
#0.511619 42.823
#0.511619 27.512
#0.514215 13.636
#0.524598 4.306
#0.52979  8.134
#0.532386 14.593
#0.534982 24.641
#0.534982 45.933
#0.534982 63.397
#0.534982 70.096
#0.537577 83.254
#0.542769 66.507
#0.542769 58.373
#0.545365 49.043
#0.545365 38.278
#0.553152 26.316
#0.555748 31.579
#0.555748 36.842
#0.558344 54.067
#0.560939 64.833
#0.563535 50.239
#0.566131 41.388
#0.568727 32.057
#0.571323 16.986
#0.571323 6.938
#0.57911  2.871
0.586897 0.5
0.597281 0.478
0.612855 0.00
0.623239 0.239
0.631026 0.00
0.649197 0.00
0.669963 0.00
0.698517 0.00
0.706304 0.00
0.7089   0.957
0.711496 0.00
0.721879 0.00
#0.729666 0.00
0.729666 1.914
0.734858 0.239
0.760816 0.239
0.80754  0.239
0.872435 0.239
0.898393 0.239
0.913968 0.957
0.91916 3.589
0.921755 6.938
0.924351 11.244
#0.926947 16.507
0.926947 23.206
0.929543 28.469
0.932139 32.775
0.934734 36.124
0.93733  39.713
0.942522 46.172
#0.945118 52.392
#0.945118 61.005
0.945118 73.923
0.947713 85.407
0.950309 92.584
0.952905 94.498
0.955501 93.301
0.965884 94.498
0.973671 94.019
0.984054 94.258
0.991842 94.019
1.010012 94.019
1.0178   93.78
1.030779 94.258
1.043758 94.258
1.051545 93.78
1.059333 94.258
1.077503 94.258
1.090482 94.019
1.103461 93.78
1.121632 93.78
1.134611 94.258
1.152781 94.258
1.16576  94.019
1.189123 94.019
1.207293 93.541
1.241038 93.541
1.259209 94.019
1.282571 94.258
1.316317 94.019
1.34487  94.258
1.386403 94.019
1.453894 94.019
1.503214 94.258
1.534364 94.258
1.560322 94.019
1.599259 93.78
1.625217 94.258
1.666749 93.78
1.687516 93.78
1.726453 94.498
1.749815 94.737
1.788752 94.258
1.91335  94.498
1.975649 94.019
2.014586 94.258
2.069098 94.498
2.113226 94.019
2.14178  94.498
2.170334 94.737
2.235229 94.737
2.279357 94.258
2.349444 94.258
2.388381 94.498
2.424722 94.737
2.468851 94.258
2.5      93.541
