# this etrapolated beyond 700 nm by the spreadsheet, extrapolated
# beyond 2 um as a constant by me
0.400189 93.0175
0.403333 93.3333
0.405853 93.6491
0.408998 93.9649
 0.41402 94.3158
0.417794 94.7018
0.421561 94.9825
0.425329 95.2632
0.429096 95.5439
0.432862 95.7895
0.437252 96.0351
0.441643 96.2807
0.447912 96.5965
  0.4523  96.807
0.456059 96.9474
0.461693 97.0877
 0.46795  97.193
0.473583 97.3333
0.476086 97.3684
0.481717 97.4737
0.489224 97.5789
0.493603 97.6491
0.497982 97.7193
0.501107 97.7193
0.503612 97.7895
 0.50736 97.7544
0.511112 97.7895
0.516116 97.8596
0.519864 97.8246
0.522991 97.8596
0.527993 97.8947
0.534243 97.8947
0.540493 97.8947
0.546743 97.8947
0.552993 97.8947
0.559243 97.8947
0.565493 97.8947
0.571118 97.8947
0.577368 97.8947
0.583618 97.8947
0.589868 97.8947
0.596118 97.8947
0.602368 97.8947
0.608616 97.8596
0.614864 97.8246
0.620489 97.8246
0.626739 97.8246
0.632987 97.7895
 0.63861 97.7544
 0.64486 97.7544
0.651107 97.7193
0.657355 97.6842
 0.66048 97.6842
0.666107 97.7193
0.672357 97.7193
0.678605 97.6842
0.684855 97.6842
0.691105 97.6842
0.697355 97.6842
    1.39      96
       2   97.98
      2.5  97.98
     3.0   97.98
